arretId,correspondanceId,distance
20245,20247,188
20245,20241,189
20245,20243,68
20245,20242,127
20245,10117,68
20245,10119,0
20245,10116,157
20245,10120,166
20245,21202,0
20245,21203,0
10708,21398,5
10708,21399,5
20244,20246,27
20244,10118,14
20244,10120,195
20244,21163,27
20439,20438,66
20439,20658,171
20439,10338,197
20439,10219,33
10709,21391,55
10709,21400,55
20247,20245,188
20247,10119,188
20247,10120,184
20247,21202,188
20247,21203,188
20041,20040,65
20041,10016,32
20246,20244,27
20246,10118,13
20246,10120,184
20246,21163,0
20040,20041,65
20040,10016,32
20241,20245,189
20241,20242,70
20241,10119,189
20241,10116,35
20241,21202,189
20241,21203,189
20436,20437,20
20436,21080,192
20436,10218,10
20435,20432,170
20435,20434,14
20435,20662,170
20435,10340,185
20435,10216,186
20435,10217,7
20240,20239,30
20240,20238,169
20240,10081,181
20240,10114,169
20240,10115,15
20240,10636,181
20240,20103,181
20240,21245,181
20438,20439,66
20438,20658,112
20438,20659,177
20438,10338,144
20438,10219,33
20243,20245,68
20243,20242,187
20243,10117,0
20243,10119,68
20243,10120,141
20243,21202,68
20243,21203,68
20437,20436,20
20437,21080,183
20437,10556,195
20437,10218,10
20242,20245,127
20242,20241,70
20242,20243,187
20242,10117,187
20242,10119,127
20242,10116,35
20242,21202,127
20242,21203,127
20909,20908,36
20909,10468,18
20432,20435,170
20432,20434,164
20432,20433,33
20432,20662,31
20432,20663,78
20432,10340,54
20432,10216,17
20432,10217,167
20431,20430,10
20431,10215,5
20434,20435,14
20434,20432,164
20434,20433,194
20434,20662,161
20434,20663,191
20434,10340,175
20434,10216,179
20434,10217,7
20433,20432,33
20433,20434,194
20433,20662,40
20433,20663,66
20433,10340,49
20433,10216,17
20433,10217,198
20905,20904,0
20905,10465,0
20249,20248,77
20249,20276,168
20249,20274,194
20249,10135,200
20249,10136,195
20249,10121,72
20249,10162,194
20249,20329,140
20249,20328,194
20248,20249,77
20248,20277,164
20248,20276,121
20248,10136,141
20248,10121,6
20248,20329,64
20906,10466,0
20907,10467,0
20430,20431,10
20430,10215,5
20908,20909,36
20908,10468,18
20913,20912,17
20913,10470,8
20630,20686,183
20630,10320,176
20630,10321,0
20630,20629,170
20912,20913,17
20912,10470,8
20631,10322,0
20915,20914,21
20915,20916,188
20915,20917,196
20915,10471,10
20915,10472,192
20632,10323,0
20914,20915,21
20914,10471,10
20911,20910,18
20911,10469,9
10710,20959,198
10710,21100,167
10710,21401,6
10710,21402,6
10710,10496,182
20910,20911,18
20910,10469,9
20046,20047,65
20046,10019,33
20637,20636,146
20637,10326,73
20637,20178,199
20047,20046,65
20047,20044,178
20047,20045,161
20047,10018,170
20047,10019,33
20639,10327,0
20639,10598,30
20639,10597,197
20639,21156,0
20639,21155,59
20639,21154,176
20048,20049,19
20048,20236,170
20048,20221,170
20048,20222,131
20048,10113,191
20048,10107,150
20048,10020,9
20049,20048,19
20049,20236,185
20049,20221,154
20049,20222,117
20049,10107,134
20049,10020,9
20042,20043,63
20042,20213,184
20042,20214,199
20042,10103,191
20042,10017,31
20633,10324,20
20633,20167,40
10716,21412,0
10716,21413,0
20043,20042,63
20043,20044,182
20043,20045,198
20043,20213,136
20043,20214,145
20043,10103,140
20043,10017,31
20043,10018,190
20634,20635,93
20634,10325,47
20635,20634,93
20635,10325,47
20044,20047,178
20044,20043,182
20044,20045,19
20044,20228,188
20044,20227,197
20044,10111,192
20044,10017,198
20044,10018,9
20636,20637,146
20636,10088,194
20636,10086,116
20636,10326,73
20636,20182,194
20636,20178,113
20636,21161,127
20045,20047,161
20045,20043,198
20045,20044,19
20045,20228,180
20045,20227,189
20045,10111,185
20045,10018,9
20045,10019,194
20030,20031,29
20030,10011,14
20236,20048,170
20236,20049,185
20236,20235,45
20236,10113,22
20236,10020,177
20235,20236,45
20235,10113,22
20449,20448,89
20449,20459,188
20449,20451,160
20449,10225,45
20449,10230,200
20232,20231,42
20232,10112,21
20448,20449,89
20448,10225,45
20231,20232,42
20231,10112,21
20447,10224,0
20445,20450,190
20445,10223,0
20443,10222,0
10098,10097,189
10098,10096,173
10098,20204,63
10098,20202,189
10098,20203,63
10098,20201,173
20442,20660,154
20442,20661,87
20442,10339,120
20442,10221,0
10099,20206,14
10099,20205,14
20441,20440,13
20441,10220,6
20918,20919,25
20918,20925,90
20918,20921,136
20918,20920,147
20918,10473,12
20918,10474,141
20918,10476,150
20440,20441,13
20440,10220,6
20919,20918,25
20919,20925,68
20919,20924,195
20919,20921,111
20919,20920,123
20919,10473,12
20919,10474,117
20919,10476,131
20239,20240,30
20239,20238,182
20239,10081,198
20239,10114,182
20239,10115,15
20239,10636,198
20239,20103,198
20239,21245,198
20916,20915,188
20916,20917,12
20916,10471,197
20916,10472,6
20238,20240,169
20238,20239,182
20238,10081,30
20238,10114,0
20238,10115,175
20238,10636,30
20238,20103,30
20238,21245,30
20917,20915,196
20917,20916,12
20917,10472,6
20926,10531,162
20926,10477,0
20926,21028,162
20642,20643,150
20642,10329,75
10093,20197,8
10093,20196,8
20925,20918,90
20925,20919,68
20925,20924,132
20925,20921,70
20925,20920,83
20925,10473,79
20925,10474,76
20925,10476,66
20643,20642,150
20643,10329,75
10092,20194,19
10092,20195,19
20924,20919,195
20924,20925,132
20924,20921,158
20924,20920,165
20924,10474,161
20924,10476,66
10091,20678,179
10091,20679,158
10091,10348,169
10091,20192,45
10091,20193,45
20923,20922,22
20923,10475,11
20641,10328,52
20641,21157,104
10090,21068,158
10090,20188,29
10090,20189,131
20922,20923,22
20922,10475,11
10097,10098,189
10097,10096,109
10097,20202,0
10097,20203,186
10097,20201,109
20921,20918,136
20921,20919,111
20921,20925,70
20921,20924,158
20921,20920,13
20921,10473,123
20921,10474,7
20921,10476,103
10720,21430,9
10720,21429,9
10096,10098,173
10096,10097,109
10096,10095,188
10096,20204,160
10096,20202,109
10096,20200,188
10096,20201,0
20039,20038,112
20039,20036,154
20039,20614,159
20039,10015,85
20920,20918,147
20920,20919,123
20920,20925,83
20920,20924,165
20920,20921,13
20920,10473,135
20920,10474,7
20920,10476,112
10095,10096,188
10095,20200,0
10095,20201,188
10095,20224,124
10095,10109,124
10094,20199,13
10094,20198,13
20037,20035,187
20037,20034,107
20037,10272,198
20037,20545,163
20037,10014,100
20037,10013,147
20038,20039,112
20038,20614,102
20038,10015,48
20035,20037,187
20035,20034,83
20035,20032,163
20035,10013,42
20649,20647,198
20649,20420,146
20649,20421,137
20649,10332,0
20649,10210,124
20036,20039,154
20036,20545,168
20036,10014,100
20646,20647,19
20646,20420,140
20646,10331,9
20033,20032,175
20033,20287,188
20033,10012,88
20647,20649,198
20647,20646,19
20647,20420,149
20647,10331,10
20647,10332,198
20034,20037,107
20034,20035,83
20034,10013,41
20644,20645,33
20644,20667,193
20644,10330,17
20031,20030,29
20031,10011,14
20645,20644,33
20645,10330,17
20032,20035,163
20032,20033,175
20032,10012,88
20263,20262,86
20263,20264,88
20263,20278,155
20263,10360,193
20263,10129,63
20263,20704,194
20263,20705,194
20263,20707,99
20458,21077,45
20458,20380,140
20458,10187,94
20262,20263,86
20262,20264,78
20262,10129,33
20262,20707,15
20265,20266,127
20265,20250,117
20265,10130,64
20265,10122,117
20264,20263,88
20264,20262,78
20264,10360,167
20264,10129,51
20264,20704,162
20264,20705,174
20264,20707,77
20459,20449,188
20459,20106,26
20459,10230,13
20267,20266,186
20267,20268,36
20267,10131,18
20061,20025,99
20061,20013,157
20061,20752,143
20061,10008,105
20061,10027,0
20266,20265,127
20266,20267,186
20266,10130,64
20269,20268,174
20269,20270,111
20269,10131,191
20269,10132,55
20063,20064,29
20063,10030,14
20063,20854,188
20268,20267,36
20268,20269,174
20268,10131,18
20450,20445,190
20450,20451,108
20450,10226,54
20450,10223,190
20452,20453,17
20452,10227,9
20452,20098,181
20452,20097,166
20451,20449,160
20451,20450,108
20451,10225,181
20451,10226,54
10087,10086,174
10087,20181,19
10087,20178,191
10087,21162,19
10087,21161,161
20454,10228,0
20453,20452,17
20453,10227,8
20453,20098,191
20453,20097,178
10088,20636,194
10088,10086,168
10088,20182,0
10088,20178,196
10088,21161,141
10089,20184,19
10089,20185,19
10084,20174,85
10084,20175,59
10084,21160,30
20931,20932,18
20931,10480,9
10083,10050,174
10083,20173,4
10083,20172,4
10083,20171,164
10083,20075,185
10086,20636,116
10086,10087,174
10086,10088,168
10086,10326,161
10086,20182,168
10086,20181,163
10086,20178,30
10086,21162,187
10086,21161,30
20933,20934,13
20933,10481,6
10085,20176,33
10085,20177,33
20932,20931,18
20932,10480,9
10080,20163,11
10080,20164,12
20935,10482,0
20652,20653,111
20652,10334,0
20652,10335,111
20934,20933,13
20934,10481,6
20653,20652,111
20653,10334,111
20653,10335,0
10082,20065,153
10082,20066,112
10082,10031,131
10082,20104,0
20937,20936,13
20937,10483,6
20654,20655,72
20654,10336,36
10081,20240,181
10081,20239,198
10081,20238,30
10081,10114,30
10081,10115,189
10081,10636,0
10081,20103,0
10081,21245,0
20936,20937,13
20936,10483,7
20655,20654,72
20655,10336,36
20064,20063,29
20064,10030,14
20656,20657,41
20656,10337,20
20065,10082,153
20065,20066,54
20065,10031,27
20065,20104,153
20657,20656,41
20657,10337,21
20066,10082,112
20066,20065,54
20066,10031,27
20066,20104,112
20658,20439,171
20658,20438,112
20658,20659,72
20658,10338,36
20658,10219,141
20067,10066,190
20067,10032,19
20067,20148,37
20067,20139,195
20067,20134,158
20659,20438,177
20659,20658,72
20659,10338,36
20068,10067,0
20069,10033,34
20069,20070,68
20260,20261,19
20260,10128,9
20261,20260,19
20261,10128,9
20254,20253,42
20254,10125,21
20253,20254,42
20253,10125,21
20252,20251,163
20252,20255,20
20252,10123,163
20252,10124,10
20469,20468,19
20469,20467,189
20469,20466,170
20469,20388,58
20469,10191,58
20469,10235,10
20469,10234,179
20251,20252,163
20251,20255,158
20251,10123,0
20251,10124,160
20468,20469,19
20468,20466,185
20468,20388,58
20468,10191,58
20468,10235,9
20468,10234,195
20258,20259,27
20258,10127,13
20052,20053,11
20052,10350,117
20052,20180,117
20052,10022,5
20257,20256,8
20257,10126,4
20051,20050,37
20051,10021,19
20256,20257,8
20256,10126,4
20050,20051,37
20050,10021,19
20255,20252,20
20255,20251,158
20255,10123,158
20255,10124,10
20463,20462,33
20463,10232,17
20462,20463,33
20462,20461,170
20462,10232,17
20461,20462,170
20461,20460,92
20461,10231,46
20461,10232,185
20938,20939,16
20938,10484,8
20259,20258,27
20259,10127,13
20460,20461,92
20460,10231,46
20939,20938,16
20939,10484,8
10078,20160,43
10078,20159,43
20467,20469,189
20467,20466,23
20467,20388,177
20467,10191,177
20467,10235,197
20467,10234,12
10079,20162,18
10079,20161,18
10079,20835,184
10079,20834,176
10079,10430,180
20466,20469,170
20466,20468,185
20466,20467,23
20466,20388,155
20466,10191,155
20466,10235,177
20466,10234,12
20465,20464,22
20465,10233,11
10076,20156,14
10076,20157,162
10076,20155,14
20464,20465,22
20464,10233,11
10077,20158,99
10077,20157,99
10077,20142,195
10075,20151,193
10075,20154,37
10075,20153,37
20944,20943,46
20944,10487,23
20660,20442,154
20660,20661,69
20660,10339,35
20660,10221,154
10074,20151,142
10074,20152,142
20943,20944,46
20943,10487,23
20661,20442,87
20661,20660,69
20661,10339,35
20661,10221,87
20942,20996,115
20942,10518,115
20942,10486,0
10073,20150,0
10073,20152,143
10073,20790,85
10073,10405,85
10072,20668,191
10072,20165,0
20941,20940,55
20941,10485,28
20664,10341,0
20664,20848,164
20664,20849,157
20664,10437,160
20948,20947,72
20948,10533,162
20948,10489,36
20948,21033,174
20948,21032,151
10071,20144,5
10071,20145,6
10070,20142,14
10070,20143,14
20947,20948,72
20947,10489,36
20662,20435,170
20662,20432,31
20662,20434,161
20662,20433,40
20662,20663,50
20662,10340,25
20662,10216,32
20662,10217,165
20946,20945,18
20946,10534,141
20946,10488,9
20946,21035,135
20946,21034,148
20663,20432,78
20663,20434,191
20663,20433,66
20663,20662,50
20663,10340,25
20663,10216,70
20663,10217,196
20945,20946,18
20945,10534,145
20945,10488,9
20945,21035,139
20945,21034,151
20668,10072,191
20668,20669,102
20668,10342,51
20668,10366,199
20668,20165,191
20668,20716,196
20056,10049,73
20056,20024,147
20056,10618,90
20056,20102,73
20056,21204,90
20056,10007,147
20056,10024,0
20669,20668,102
20669,20019,168
20669,21079,196
20669,10342,51
20669,10366,189
20669,20195,199
20669,20716,183
20053,20052,11
20053,10350,116
20053,20180,116
20053,10022,5
20666,20667,24
20666,10151,76
20666,10150,163
20666,20306,173
20666,20307,165
20054,10350,145
20054,20180,145
20054,10023,0
20667,20644,193
20667,20666,24
20667,10151,67
20667,10150,187
20667,20306,196
20667,20307,188
20940,20941,55
20940,10485,28
20250,20265,117
20250,10130,180
20250,10122,0
20057,20058,147
20057,20023,56
20057,20022,118
20057,10005,118
20057,10006,56
20057,10025,0
20057,10026,147
20058,20057,147
20058,20022,54
20058,10005,54
20058,10025,147
20058,10026,0
10066,20067,190
10066,10068,142
10066,10032,198
10066,20139,145
10066,20138,140
10066,20132,193
10066,20135,32
10066,20134,32
10065,10069,168
10065,20140,175
10065,20141,163
10065,20133,46
10065,20132,46
10068,10066,142
10068,10032,199
10068,20148,195
10068,20139,11
10068,20138,11
10068,20135,150
10068,20134,141
10067,20068,0
20949,20950,66
20949,10490,33
10069,10065,168
10069,20140,18
10069,20141,18
10069,20133,160
10069,20132,187
20288,20289,118
20288,10142,59
20289,20288,118
20289,20287,188
20289,10142,59
20284,20285,35
20284,10140,17
20285,20284,35
20285,10140,17
20286,20287,50
20286,10141,25
20287,20033,188
20287,20289,188
20287,20286,50
20287,10141,25
20281,20280,130
20281,20692,136
20281,20693,161
20281,10354,148
20281,10138,65
20002,20004,89
20002,20001,57
20002,20007,163
20002,20006,27
20002,20009,13
20002,20008,108
20002,20012,53
20002,20011,13
20002,20010,0
20002,10001,37
20280,20281,130
20280,10138,65
20950,20949,66
20950,10533,162
20950,10490,33
20950,21033,148
20950,21032,177
20283,20282,7
20283,20692,140
20283,20694,117
20283,20693,138
20283,20695,140
20283,10354,139
20283,10355,128
20283,10139,4
20951,21554,28
20951,10491,14
20282,20283,7
20282,20692,146
20282,20694,112
20282,20693,145
20282,20695,136
20282,10354,145
20282,10355,124
20282,10139,4
20004,20002,89
20004,20001,94
20004,20007,89
20004,20006,113
20004,20009,96
20004,20008,22
20004,20012,46
20004,20011,96
20004,20010,89
20004,10001,52
20678,10091,179
20678,20679,21
20678,10348,11
20678,20192,197
20678,20193,171
20677,20676,9
20677,10347,4
20001,20002,57
20001,20004,94
20001,20007,183
20001,20006,78
20001,20009,70
20001,20008,116
20001,20012,49
20001,20011,70
20001,20010,57
20001,10001,64
20679,10091,158
20679,20678,21
20679,10348,10
20679,20192,177
20679,20193,151
20674,20675,19
20674,10346,10
20673,20672,6
20673,10345,3
20676,20677,9
20676,10347,4
20959,10710,198
20959,21100,33
20959,21401,197
20959,21402,198
20959,10496,16
20675,20674,19
20675,10346,9
10060,10061,175
10060,20124,134
10060,20123,9
10060,20122,9
20670,20671,42
20670,10344,21
20007,20002,163
20007,20004,89
20007,20001,183
20007,20006,181
20007,20009,165
20007,20008,68
20007,20012,134
20007,20011,165
20007,20010,163
20007,10611,196
20007,21189,196
20007,10001,128
10061,10060,175
10061,20124,42
10061,20123,181
10061,20125,42
10061,20122,169
20006,20002,27
20006,20004,113
20006,20001,78
20006,20007,181
20006,20009,17
20006,20008,131
20006,20012,80
20006,20011,17
20006,20010,27
20006,10001,61
10062,20127,16
10062,20129,197
10062,20126,16
20672,20673,6
20672,10345,3
20009,20002,13
20009,20004,96
20009,20001,70
20009,20007,165
20009,20006,17
20009,20008,114
20009,20012,64
20009,20011,0
20009,20010,13
20009,10001,44
10063,20128,11
10063,20129,11
10063,20126,192
20671,20670,42
20671,10344,21
20008,20002,108
20008,20004,22
20008,20001,116
20008,20007,68
20008,20006,131
20008,20009,114
20008,20012,68
20008,20011,114
20008,20010,108
20008,10001,71
10064,20131,62
10064,20130,62
10057,10056,178
10057,20117,16
10057,20116,16
10057,20115,163
10057,20114,194
20400,20401,15
20400,20402,147
20400,20403,177
20400,10200,7
20400,10201,162
10056,10057,178
10056,20117,194
10056,20116,162
10056,20115,17
10056,20114,17
20401,20400,15
20401,20402,156
20401,20403,187
20401,10200,7
20401,10201,171
10055,10619,173
10055,20113,19
10055,20112,19
10055,21209,164
10055,21205,179
10055,21206,174
10055,21207,174
10055,21208,166
10055,21212,184
10055,21210,176
10055,21211,170
10054,20111,68
10054,20110,118
10054,20330,81
10054,20331,95
10059,20120,12
10059,20121,12
10058,20119,18
10058,20118,18
20279,20278,95
20279,10137,47
20408,20409,31
20408,20395,183
20408,10198,183
20408,10204,16
20409,20408,31
20409,20395,157
20409,10198,157
20409,10204,16
20277,20248,164
20277,20276,62
20277,10136,31
20277,10121,170
20277,20329,141
20406,20407,36
20406,10105,120
20406,20105,120
20406,10163,196
20406,20334,196
20406,10203,18
20278,20263,155
20278,20279,95
20278,10137,47
20407,20406,36
20407,20404,196
20407,10105,143
20407,20105,143
20407,10203,18
20275,20274,22
20275,10135,11
20404,20407,196
20404,20405,60
20404,10202,30
20276,20249,168
20276,20248,121
20276,20277,62
20276,10136,31
20276,10121,126
20276,20329,123
20405,20404,60
20405,10202,30
20273,20272,100
20273,10134,50
20402,20400,147
20402,20401,156
20402,20403,32
20402,10200,151
20402,10201,16
20274,20249,194
20274,20275,22
20274,10135,11
20403,20400,177
20403,20401,187
20403,20402,32
20403,10200,182
20403,10201,16
20272,20273,100
20272,10134,50
20271,10133,0
20270,20269,111
20270,10132,55
20688,20687,17
20688,10351,9
20969,20968,14
20969,10501,7
20687,20688,17
20687,10351,9
20686,20630,183
20686,10320,8
20686,10321,183
20686,20629,17
20685,10319,18
20685,20627,36
20968,20969,14
20968,10501,7
20684,10318,22
20684,20626,44
10052,20020,164
10052,10377,155
10052,10369,111
10052,10368,99
10052,10367,112
10052,20107,0
10052,10003,167
10052,20740,155
10052,20741,140
10052,20718,99
10052,20719,111
10052,20717,112
10053,10611,12
10053,20110,132
10053,20109,11
10053,21189,12
10053,20332,11
10050,10083,174
10050,20173,172
10050,20172,176
10050,20171,12
10050,20075,12
20963,20964,20
20963,10498,10
20964,20963,20
20964,10498,10
20680,10349,0
10048,20100,44
10048,20099,44
10047,20136,83
10047,20518,93
10047,20098,69
10047,20097,107
10049,20056,73
10049,20024,182
10049,10618,109
10049,20102,0
10049,21204,109
10049,10007,182
10049,10024,73
10044,20091,15
10044,20092,15
20410,20411,68
20410,20412,182
20410,10205,34
10043,20090,22
10043,20089,22
20411,20410,68
20411,10205,34
10046,20366,169
10046,20367,190
10046,10180,179
10046,20095,19
10046,20096,19
20412,20410,182
20412,20413,110
20412,20392,190
20412,10195,190
20412,10205,200
20412,10206,55
10045,20366,180
10045,10180,195
10045,20093,39
10045,20094,39
20413,20412,110
20413,20414,195
20413,20392,142
20413,10195,142
20413,10206,55
20414,20413,195
20414,20415,56
20414,20392,198
20414,10195,198
20414,10207,28
20415,20414,56
20415,10207,28
20416,20417,27
20416,10208,13
20417,20416,27
20417,10208,13
20418,20419,68
20418,20565,73
20418,10209,40
20419,20418,68
20419,20565,76
20419,10209,41
20021,10004,0
21551,10284,91
21551,10283,187
21551,10285,10
21551,20166,187
21551,20566,91
21551,20567,19
20020,10052,164
20020,20019,56
20020,21079,85
20020,10368,145
20020,10367,67
20020,10366,81
20020,20107,164
20020,10003,13
20020,20741,25
20020,20718,145
20020,20717,67
20020,20716,76
20699,20698,21
20699,10357,11
20023,20057,56
20023,20022,168
20023,10618,166
20023,21204,166
20023,10005,168
20023,10006,0
20023,10025,56
20022,20057,118
20022,20058,54
20022,20023,168
20022,10005,0
20022,10006,168
20022,10025,118
20022,10026,54
20025,20061,99
20025,20014,131
20025,20013,139
20025,20752,128
20025,21190,139
20025,21191,195
20025,10008,64
20025,10027,99
20970,20971,7
20970,10502,4
20024,20056,147
20024,10049,182
20024,20102,182
20024,10007,0
20024,10024,147
20971,20970,7
20971,10502,4
20027,20026,31
20027,10009,16
20026,20027,31
20026,10009,16
21554,20951,28
21554,10491,14
20973,20974,92
20973,10503,0
20973,10504,92
20029,20028,27
20029,20291,147
20029,10010,13
20974,20973,92
20974,10503,92
20974,10504,0
20692,20281,136
20692,20283,140
20692,20282,146
20692,20693,26
20692,10354,13
20692,10139,143
20692,10138,198
20028,20029,27
20028,20291,125
20028,10010,13
10040,20084,36
10040,20083,36
20694,20283,117
20694,20282,112
20694,20695,31
20694,10355,16
20694,10139,114
10041,20086,38
10041,20085,38
20693,20281,161
20693,20283,138
20693,20282,145
20693,20692,26
20693,10354,13
20693,10139,142
10042,20088,20
10042,20087,20
20978,10508,0
20696,20697,9
20696,10356,4
20979,20980,8
20979,20982,166
20979,10509,4
20695,20283,140
20695,20282,136
20695,20694,31
20695,10355,16
20695,10139,138
20698,20699,21
20698,10357,11
20697,20696,9
20697,10356,5
10039,10522,58
10039,21003,58
10039,21002,58
10039,20081,58
10039,20082,58
10038,21023,127
10038,20078,199
10038,20079,69
10038,20080,59
10037,10036,177
10037,21023,107
10037,20076,177
10037,20078,28
10037,20077,28
10036,10037,177
10036,10035,142
10036,20076,0
10036,20078,153
10036,20074,142
10035,10036,142
10035,20076,142
10035,20074,0
20422,20423,77
20422,10211,39
10034,20071,82
10034,20072,33
10034,20073,49
20423,20422,77
20423,20421,169
20423,10211,39
10033,20069,34
10033,20070,34
20420,20649,146
20420,20646,140
20420,20647,149
20420,20421,136
20420,10331,144
20420,10332,146
20420,10210,68
10032,20067,19
10032,10066,198
10032,10068,199
10032,20148,19
10032,20139,190
10032,20134,167
20421,20649,137
20421,20423,169
20421,20420,136
20421,10332,137
20421,10210,68
20297,20298,58
20297,10597,196
20297,21153,180
20297,10146,29
20426,20427,51
20426,20429,188
20426,10213,25
20427,20426,51
20427,20429,140
20427,10213,25
20427,10214,171
20298,20297,58
20298,10597,180
20298,21153,159
20298,10146,29
20424,20425,44
20424,20564,176
20424,10212,97
20295,20296,96
20295,20294,87
20295,20017,158
20295,10145,45
20295,10106,160
20295,20397,163
20296,20295,96
20296,20294,124
20296,10145,68
20425,20424,44
20425,10212,126
20428,20429,64
20428,10214,32
20429,20426,188
20429,20427,140
20429,20428,64
20429,10213,164
20429,10214,32
20012,20002,53
20012,20004,46
20012,20001,49
20012,20007,134
20012,20006,80
20012,20009,64
20012,20008,68
20012,20011,64
20012,20010,53
20012,10001,28
20290,20291,171
20290,10143,85
20290,20331,191
20011,20002,13
20011,20004,96
20011,20001,70
20011,20007,165
20011,20006,17
20011,20009,0
20011,20008,114
20011,20012,64
20011,20010,13
20011,10001,44
20980,20979,8
20980,20982,162
20980,10509,4
20010,20002,0
20010,20004,89
20010,20001,57
20010,20007,163
20010,20006,27
20010,20009,13
20010,20008,108
20010,20012,53
20010,20011,13
20010,10001,37
20294,20295,87
20294,20296,124
20294,10145,64
20983,20984,65
20983,10511,33
20016,20015,43
20015,20016,43
20984,20983,65
20984,10511,33
20292,10144,0
20292,21239,168
20014,20025,131
20014,20013,125
20014,20752,126
20014,21190,27
20014,21191,71
20014,10002,98
20014,10008,112
20981,20982,105
20981,10510,52
20291,20029,147
20291,20028,125
20291,20290,171
20291,10143,85
20291,10010,136
20982,20979,166
20982,20980,162
20982,20981,105
20982,10510,52
20982,10509,164
20013,20061,157
20013,20025,139
20013,20014,125
20013,20752,14
20013,21190,104
20013,21191,187
20013,10008,76
20013,10027,157
10030,20063,14
10030,20064,14
20987,20988,33
20987,10513,17
20988,20987,33
20988,10513,17
20019,20669,168
20019,20020,56
20019,21079,98
20019,10342,190
20019,10368,199
20019,10367,120
20019,10366,90
20019,10003,44
20019,20741,77
20019,20718,199
20019,20717,120
20019,20716,82
10031,10082,131
10031,20065,27
10031,20066,27
10031,20104,131
20985,20986,18
20985,10512,9
20018,10171,0
20986,20985,18
20986,10512,9
20017,20295,158
20017,10106,16
20017,20389,109
20017,20398,171
20017,20399,172
20017,20397,32
20017,10170,141
20017,10192,109
20017,10199,172
20017,20346,141
21075,21152,0
21075,21150,17
21075,10554,6
10291,10290,135
10291,20577,0
10291,20576,135
10290,10291,135
10290,20577,135
10290,20576,0
10293,20580,0
10292,20579,0
10298,10297,192
10298,20588,11
10298,20587,180
10298,20589,11
10299,20589,199
10299,20591,6
10299,20590,6
10299,20592,183
10296,20584,0
10297,10298,192
10297,20588,188
10297,20587,12
10297,20586,12
10297,20589,196
21077,20458,45
21077,20380,133
21077,10187,82
21079,20669,196
21079,20020,85
21079,20019,98
21079,10342,192
21079,10368,196
21079,10367,132
21079,10366,9
21079,10003,91
21079,20741,105
21079,20718,196
21079,20717,132
21079,20716,18
21068,10090,158
21068,20188,186
21051,21050,9
21051,10544,5
21050,21051,9
21050,10544,5
10273,20547,14
10273,20546,14
10272,20037,198
10272,20545,41
10272,20544,41
10272,10014,172
10271,20543,51
10271,20542,51
10270,20540,9
10270,20541,9
21391,10709,55
21391,21400,111
21396,21397,41
21396,10707,21
21396,10621,0
21396,21215,0
10278,10277,195
10278,20554,184
10278,20556,0
21397,21396,41
21397,10707,21
21397,10621,41
21397,21215,41
21398,10708,5
21398,21399,10
10276,10277,185
10276,10275,164
10276,20553,5
10276,20552,5
10276,20555,185
10276,20554,186
10276,20551,162
10276,20550,168
21399,10708,5
21399,21398,10
10277,10278,195
10277,10276,185
10277,20553,188
10277,20552,183
10277,20555,12
10277,20554,12
10277,20556,195
10274,20548,32
10274,20549,32
10275,10276,164
10275,20553,165
10275,20552,164
10275,20551,11
10275,20550,11
21054,10546,0
21054,20866,69
21054,20865,68
21054,10446,68
21042,21041,99
21042,10538,50
21041,21042,99
21041,10538,50
10281,20561,9
10281,20560,9
10284,21551,91
10284,10283,106
10284,10285,92
10284,20166,106
10284,20566,0
10284,20567,95
10283,21551,187
10283,10284,106
10283,10285,191
10283,20166,0
10283,20566,106
10283,20567,196
10280,20559,46
10280,20558,45
10289,20575,0
10285,21551,10
10285,10284,92
10285,10283,191
10285,20166,191
10285,20566,92
10285,20567,10
10286,20569,0
10287,20571,0
10288,20573,0
21045,10541,0
21046,21047,10
21046,10542,5
21049,21048,19
21049,10543,9
21047,21046,10
21047,10542,5
21048,21049,19
21048,10543,9
20470,20471,57
20470,10236,29
20478,10240,0
20208,20209,152
20208,20207,12
20208,20210,167
20208,10101,159
20208,10100,6
20475,20474,44
20475,10238,22
20209,20208,152
20209,20207,154
20209,20210,16
20209,10101,8
20209,10100,153
20476,10239,0
20206,10099,14
20206,20205,27
20473,20474,166
20473,20472,36
20473,10237,18
20473,10238,187
20207,20208,12
20207,20209,154
20207,20210,169
20207,10101,162
20207,10100,6
20474,20475,44
20474,20473,166
20474,10237,183
20474,10238,22
20204,10098,63
20204,10096,160
20204,20203,127
20204,20201,160
20204,20224,183
20204,10109,183
20471,20470,57
20471,10236,29
20205,10099,14
20205,20206,27
20472,20473,36
20472,10237,18
20202,10098,189
20202,10097,0
20202,10096,109
20202,20203,186
20202,20201,109
20203,10098,63
20203,10097,186
20203,20204,127
20203,20202,186
20200,10096,188
20200,10095,0
20200,20201,188
20200,20224,124
20200,10109,124
20201,10098,173
20201,10097,109
20201,10096,0
20201,10095,188
20201,20204,160
20201,20202,109
20201,20200,188
20481,20480,32
20481,20482,184
20481,10241,16
20480,20481,32
20480,10241,16
20486,20487,20
20486,20489,161
20486,10244,10
20486,10245,182
20487,20486,20
20487,20489,163
20487,10244,10
20487,10245,182
20488,20489,52
20488,20484,174
20488,20491,141
20488,10243,191
20488,10246,189
20488,10245,26
20489,20486,161
20489,20487,163
20489,20488,52
20489,20484,158
20489,20485,190
20489,20491,185
20489,10244,162
20489,10243,174
20489,10245,26
20482,20481,184
20482,20483,38
20482,20485,186
20482,10242,19
20482,10241,199
20483,20482,38
20483,20484,194
20483,20485,167
20483,10243,180
20483,10242,19
20484,20488,174
20484,20489,158
20484,20483,194
20484,20485,34
20484,10243,17
20484,10245,165
20485,20489,190
20485,20482,186
20485,20483,167
20485,20484,34
20485,10243,17
20485,10242,176
20485,10245,198
20492,20493,21
20492,10247,11
20491,20488,141
20491,20489,185
20491,20490,100
20491,10246,50
20491,10245,163
21095,10565,0
20490,20491,100
20490,10246,50
21096,21097,13
21096,10566,6
21097,21096,13
21097,10566,6
20228,20044,188
20228,20045,180
20228,20227,11
20228,10111,6
20228,10018,184
20495,20494,52
20495,10248,26
21099,21098,16
21099,10567,8
20496,20497,34
20496,10249,17
21098,21099,16
21098,10567,8
20493,20492,21
20493,10247,11
20227,20044,197
20227,20045,189
20227,20228,11
20227,10111,6
20227,10018,193
20494,20495,52
20494,10248,26
20499,20498,11
20499,20530,149
20499,20531,149
20499,10265,149
20499,10250,6
20499,10251,176
20499,20500,183
20499,20501,182
20497,20496,34
20497,10249,17
20498,20499,11
20498,20530,142
20498,20531,141
20498,10265,142
20498,10250,6
20498,10251,172
20498,20500,177
20498,20501,181
20221,20048,170
20221,20049,154
20221,20222,53
20221,20223,86
20221,10108,86
20221,10107,26
20221,10020,162
20224,10095,124
20224,20204,183
20224,20200,124
20224,10109,0
20222,20048,131
20222,20049,117
20222,20221,53
20222,20223,100
20222,10108,100
20222,10107,26
20222,10020,124
20223,20221,86
20223,20222,100
20223,10108,0
20223,10107,89
21081,21080,22
21081,10556,11
21082,21083,11
21082,10557,6
20900,20901,24
20900,20854,126
20900,20858,162
20900,20867,134
20900,10463,12
20900,10029,114
21080,20436,192
21080,20437,183
21080,21081,22
21080,10556,11
21080,10218,188
20901,20900,24
20901,20854,149
20901,20858,164
20901,20867,133
20901,10463,12
20901,10029,123
21085,21086,33
21085,10558,16
21085,10308,153
21085,20608,113
21085,20609,198
21085,20784,183
20902,20903,24
20902,10464,12
21086,21085,33
21086,10558,16
21086,10308,185
21086,20608,146
21086,20784,160
21086,10402,198
20903,20902,24
20903,10464,12
21083,21082,11
21083,10557,6
20904,20905,0
20904,10465,0
21084,20784,81
21084,10402,40
21089,10560,0
21088,21087,14
21088,10559,7
21087,21088,14
21087,10559,7
20210,20208,167
20210,20209,16
20210,20207,169
20210,10101,8
20210,10100,168
20211,20212,42
20211,20213,198
20211,20214,188
20211,10103,193
20211,10102,21
20212,20211,42
20212,10102,21
20213,20042,184
20213,20043,136
20213,20211,198
20213,20214,27
20213,10103,13
20213,10017,159
20214,20042,199
20214,20043,145
20214,20211,188
20214,20213,27
20214,10103,13
20214,10102,197
20214,10017,171
21106,21107,25
21106,10570,12
10346,20674,10
10346,20675,9
21107,21106,25
21107,10570,12
10347,20677,4
10347,20676,4
21108,21109,85
21108,10571,43
10344,20670,21
10344,20671,21
21109,21108,85
21109,10571,43
10345,20673,3
10345,20672,3
10342,20668,51
10342,20669,51
10342,20019,190
10342,21079,192
10342,10366,187
10342,20716,183
10343,20815,44
10343,20169,44
10340,20435,185
10340,20432,54
10340,20434,175
10340,20433,49
10340,20662,25
10340,20663,25
10340,10216,49
10340,10217,180
10341,20664,0
10341,20848,164
10341,20849,157
10341,10437,160
21100,10710,167
21100,20959,33
21100,21401,167
21100,21402,168
21100,10496,16
21101,21102,30
21101,10568,15
21102,21101,30
21102,10568,15
21103,10525,6
21103,21010,11
21104,21105,16
21104,10569,8
21104,20832,198
10348,10091,169
10348,20678,11
10348,20679,10
10348,20192,187
10348,20193,161
21105,21104,16
21105,10569,8
10349,20680,0
10334,20652,0
10334,20653,111
10334,10335,111
10335,20652,111
10335,20653,0
10335,10334,111
10336,20654,36
10336,20655,36
10330,20644,17
10330,20645,17
10331,20646,9
10331,20647,10
10331,20420,144
10332,20649,0
10332,20647,198
10332,20420,146
10332,20421,137
10332,10210,124
10337,20656,20
10337,20657,21
10338,20439,197
10338,20438,144
10338,20658,36
10338,20659,36
10338,10219,170
10339,20442,120
10339,20660,35
10339,20661,35
10339,10221,120
10320,20630,176
10320,20686,8
10320,10321,176
10320,20629,9
10321,20630,0
10321,20686,183
10321,10320,176
10321,20629,170
10324,20633,20
10324,20167,20
10325,20634,47
10325,20635,47
10322,20631,0
10323,20632,0
10328,20641,52
10328,21157,52
10329,20642,75
10329,20643,75
10326,20637,73
10326,20636,73
10326,10086,161
10326,20178,144
10326,21161,181
10327,20639,0
10327,10598,30
10327,10597,197
10327,21156,0
10327,21155,59
10327,21154,176
10310,20613,80
10310,20612,80
10311,20616,16
10311,20615,16
10312,20618,10
10312,20617,10
10313,20620,10
10313,20619,10
10314,20621,0
10315,20623,0
10316,20624,0
10317,20625,82
10317,20170,82
10318,20684,22
10318,20626,22
10319,20685,18
10319,20627,18
10598,20639,30
10598,10327,30
10598,21156,30
10598,21155,29
10598,21154,179
10597,20639,197
10597,20297,196
10597,20298,180
10597,10327,197
10597,21156,197
10597,21154,23
10597,21153,23
10597,10146,186
10599,21166,8
10599,21165,8
10387,20754,0
21156,20639,0
21156,10327,0
21156,10598,30
21156,10597,197
21156,21155,59
21156,21154,176
21155,20639,59
21155,10327,59
21155,10598,29
21155,21156,59
21155,21154,188
21154,20639,176
21154,10327,176
21154,10598,179
21154,10597,23
21154,21156,176
21154,21155,188
21154,21153,45
21153,20297,180
21153,20298,159
21153,10597,23
21153,21154,45
21153,10146,168
21157,20641,104
21157,10328,52
10377,10052,155
10377,10369,142
10377,20516,119
10377,20107,155
10377,10174,143
10377,10259,119
10377,20740,0
10377,20735,166
10377,20734,136
10377,20719,142
10570,21106,12
10570,21107,12
10571,21108,43
10571,21109,43
21152,21075,0
21152,21150,17
21152,10554,6
21150,21075,17
21150,21152,17
21150,10554,11
21150,21209,190
21150,21206,193
10369,10052,111
10369,10377,142
10369,10368,167
10369,20516,196
10369,20107,111
10369,10174,156
10369,10259,196
10369,20740,142
10369,20734,108
10369,20718,167
10369,20719,0
10368,10052,99
10368,20020,145
10368,20019,199
10368,21079,196
10368,10369,167
10368,10367,79
10368,10366,197
10368,20107,99
10368,10003,155
10368,20741,122
10368,20718,0
10368,20719,167
10368,20717,79
10368,20716,199
10367,10052,112
10367,20020,67
10367,20019,120
10367,21079,132
10367,10368,79
10367,10366,131
10367,20107,112
10367,10003,76
10367,20741,43
10367,20718,79
10367,20717,0
10367,20716,130
10366,20668,199
10366,20669,189
10366,20020,81
10366,20019,90
10366,21079,9
10366,10342,187
10366,10368,197
10366,10367,131
10366,10003,85
10366,20741,101
10366,20718,197
10366,20717,131
10366,20716,9
10560,21089,0
10360,20263,193
10360,20264,167
10360,20704,13
10360,20705,13
10566,21096,6
10566,21097,6
10567,21099,8
10567,21098,8
10565,21095,0
10568,21101,15
10568,21102,15
10569,21104,8
10569,21105,8
10359,20703,8
10359,20702,8
10351,20688,9
10351,20687,9
10354,20281,148
10354,20283,139
10354,20282,145
10354,20692,13
10354,20693,13
10354,10139,142
10356,20696,4
10356,20697,5
10355,20283,128
10355,20282,124
10355,20694,16
10355,20695,16
10355,10139,126
10358,20700,7
10358,20701,7
10357,20699,11
10357,20698,11
10554,21075,6
10554,21152,6
10554,21150,11
10554,21209,199
10556,20437,195
10556,21081,11
10556,21080,11
10556,10218,199
10350,20052,117
10350,20053,116
10350,20054,145
10350,20180,0
10350,10023,145
10350,10022,116
10557,21082,6
10557,21083,6
10558,21085,16
10558,21086,16
10558,10308,169
10558,20608,130
10558,20784,171
10559,21088,7
10559,21087,7
10130,20265,64
10130,20266,64
10130,20250,180
10130,10122,180
10546,21054,0
10546,20866,69
10546,20865,68
10546,10446,68
10543,21049,9
10543,21048,9
10542,21046,5
10542,21047,5
10544,21051,5
10544,21050,5
20192,10091,45
20192,20678,197
20192,20679,177
20192,10348,187
20192,20193,89
20193,10091,45
20193,20678,171
20193,20679,151
20193,10348,161
20193,20192,89
20194,10092,19
20194,20195,38
10541,21045,0
20195,10092,19
20195,20669,199
20195,20194,38
20197,10093,8
20197,20196,16
20196,10093,8
20196,20197,16
20199,10094,13
20199,20198,26
20198,10094,13
20198,20199,26
10139,20283,4
10139,20282,4
10139,20692,143
10139,20694,114
10139,20693,142
10139,20695,138
10139,10354,142
10139,10355,126
10135,20249,200
10135,20275,11
10135,20274,11
10136,20249,195
10136,20248,141
10136,20277,31
10136,20276,31
10136,10121,146
10136,20329,128
10137,20279,47
10137,20278,47
10138,20281,65
10138,20280,65
10138,20692,198
10131,20267,18
10131,20269,191
10131,20268,18
10132,20269,55
10132,20270,55
10133,20271,0
10134,20273,50
10134,20272,50
10141,20286,25
10141,20287,25
10140,20284,17
10140,20285,17
20996,20942,115
20996,10518,0
20996,10486,115
10538,21042,50
10538,21041,50
10534,20946,141
10534,20945,145
10534,10488,143
10534,21035,7
10534,21034,7
10533,20948,162
10533,20950,162
10533,10489,196
10533,10490,188
10533,21033,14
10533,21032,14
10532,21029,8
10532,21030,8
10531,20926,162
10531,10477,162
10531,21028,0
10530,21020,20
10530,21021,20
10148,20303,0
10146,20297,29
10146,20298,29
10146,10597,186
10146,21153,168
10147,20300,0
10144,20292,0
10144,21239,168
10145,20295,45
10145,20296,68
10145,20294,64
10142,20288,59
10142,20289,59
10143,20290,85
10143,20291,85
10525,21103,6
10525,21010,6
10524,20813,0
10524,21008,0
10524,21007,0
10524,10420,0
10527,21015,52
10527,21014,52
10527,10461,161
10527,20898,130
10527,20897,192
10526,21013,52
10526,21012,52
10529,21019,12
10529,21018,12
10528,21017,4
10528,21016,4
10521,21000,16
10521,21001,16
10523,21004,6
10523,21005,6
10522,10039,58
10522,21003,4
10522,21002,4
10522,20081,95
10522,20082,66
10117,20245,68
10117,20243,0
10117,20242,187
10117,10119,68
10117,10120,141
10117,21202,68
10117,21203,68
10118,20244,14
10118,20246,13
10118,10120,189
10118,21163,13
10119,20245,0
10119,20247,188
10119,20241,189
10119,20243,68
10119,20242,127
10119,10117,68
10119,10116,157
10119,10120,166
10119,21202,0
10119,21203,0
10111,20044,192
10111,20045,185
10111,20228,6
10111,20227,6
10111,10018,188
10112,20232,21
10112,20231,21
10113,20048,191
10113,20236,22
10113,20235,22
10113,10020,199
10114,20240,169
10114,20239,182
10114,20238,0
10114,10081,30
10114,10115,175
10114,10636,30
10114,20103,30
10114,21245,30
10115,20240,15
10115,20239,15
10115,20238,175
10115,10081,189
10115,10114,175
10115,10636,189
10115,20103,189
10115,21245,189
10116,20245,157
10116,20241,35
10116,20242,35
10116,10119,157
10116,21202,157
10116,21203,157
10513,20987,17
10513,20988,17
10518,20942,115
10518,20996,0
10518,10486,115
10512,20985,9
10512,20986,9
10511,20983,33
10511,20984,33
10510,20981,52
10510,20982,52
10128,20260,9
10128,20261,9
10129,20263,63
10129,20262,33
10129,20264,51
10129,20707,41
10122,20265,117
10122,20250,0
10122,10130,180
10123,20252,163
10123,20251,0
10123,20255,158
10123,10124,160
10120,20245,166
10120,20244,195
10120,20247,184
10120,20246,184
10120,20243,141
10120,10117,141
10120,10118,189
10120,10119,166
10120,21163,184
10120,21202,166
10120,21203,166
10121,20249,72
10121,20248,6
10121,20277,170
10121,20276,126
10121,10136,146
10121,20329,68
10126,20257,4
10126,20256,4
10127,20258,13
10127,20259,13
10124,20252,10
10124,20251,160
10124,20255,10
10124,10123,160
10125,20254,21
10125,20253,21
20601,20600,48
20601,10304,24
20600,20601,48
20600,10304,24
20603,20602,99
20603,10305,49
10501,20969,7
10501,20968,7
20602,20603,99
20602,10305,49
20605,20604,16
20605,10306,8
20604,20605,16
20604,10306,8
20607,20606,28
20607,10307,14
20606,20607,28
20606,10307,14
10508,20978,0
10509,20979,4
10509,20980,4
10509,20982,164
10502,20970,4
10502,20971,4
10503,20973,0
10503,20974,92
10503,10504,92
10504,20973,92
10504,20974,0
10504,10503,92
10309,20611,17
10309,20610,15
10309,20708,32
10308,21085,153
10308,21086,185
10308,10558,169
10308,20608,50
10308,20609,50
10305,20603,49
10305,20602,49
10304,20601,24
10304,20600,24
10307,20607,14
10307,20606,14
10306,20605,8
10306,20604,8
10300,10302,153
10300,20591,198
10300,20596,159
10300,20597,146
10300,20592,18
10300,20593,18
10303,20598,39
10303,20599,39
10302,10300,153
10302,20596,7
10302,20597,7
10302,20592,163
10302,20593,144
10105,20406,120
10105,20407,143
10105,20105,0
10105,10163,107
10105,20334,107
10105,10203,131
10103,20042,191
10103,20043,140
10103,20211,193
10103,20213,13
10103,20214,13
10103,10017,165
10102,20211,21
10102,20212,21
10102,20214,197
10101,20208,159
10101,20209,8
10101,20207,162
10101,20210,8
10101,10100,160
10100,20208,6
10100,20209,153
10100,20207,6
10100,20210,168
10100,10101,160
10109,10095,124
10109,20204,183
10109,20200,124
10109,20224,0
10108,20221,86
10108,20222,100
10108,20223,0
10108,10107,89
10107,20048,150
10107,20049,134
10107,20221,26
10107,20222,26
10107,20223,89
10107,10108,89
10107,10020,142
10106,20295,160
10106,20017,16
10106,20389,95
10106,20398,173
10106,20399,173
10106,20397,16
10106,10170,125
10106,10192,95
10106,10199,173
10106,20346,125
20627,20685,36
20627,10319,18
20626,20684,44
20626,10318,22
20629,20630,170
20629,20686,17
20629,10320,9
20629,10321,170
20623,10315,0
20625,10317,82
20625,20170,164
10707,21396,21
10707,21397,21
10707,10621,21
10707,21215,21
20624,10316,0
20621,10314,0
20620,10313,10
20620,20619,20
20619,10313,10
20619,20620,20
20618,10312,10
20618,20617,19
20617,10312,10
20617,20618,19
20616,10311,16
20616,20615,33
20615,10311,16
20615,20616,33
20614,20039,159
20614,20038,102
20614,10015,81
20613,10310,80
20613,20612,160
20612,10310,80
20612,20613,160
20611,10309,17
20611,20610,3
20611,20708,48
20610,10309,15
20610,20611,3
20610,20708,47
20608,21085,113
20608,21086,146
20608,10558,130
20608,10308,50
20608,20609,100
20609,21085,198
20609,10308,50
20609,20608,100
20571,10287,0
20807,10415,0
20573,10288,0
20575,10289,0
20577,10291,0
20577,10290,135
20577,20576,135
20576,10291,135
20576,10290,0
20576,20577,135
20579,10292,0
20384,20386,197
20384,20385,44
20384,10189,22
21430,10720,9
21430,21429,19
20383,20382,29
20383,20379,82
20383,20378,97
20383,10186,89
20383,10188,15
20180,20052,117
20180,20053,116
20180,20054,145
20180,10350,0
20180,10023,145
20180,10022,116
20386,20384,197
20386,20385,154
20386,20387,44
20386,10189,175
20386,10190,22
20385,20384,44
20385,20386,154
20385,20387,196
20385,10189,22
20385,10190,175
20182,20636,194
20182,10088,0
20182,10086,168
20182,20178,196
20182,21161,141
20388,20469,58
20388,20468,58
20388,20467,177
20388,20466,155
20388,10191,0
20388,10235,57
20388,10234,166
20181,10087,19
20181,10086,163
20181,20178,182
20181,21162,38
20181,21161,147
20387,20386,44
20387,20385,196
20387,10190,22
20184,10089,19
20184,20185,38
20389,20017,109
20389,10106,95
20389,20398,158
20389,20399,152
20389,20397,83
20389,10170,88
20389,10192,0
20389,10199,155
20389,20346,88
20185,10089,19
20185,20184,38
20776,20777,54
20776,10398,27
20777,20776,54
20777,10398,27
10619,10055,173
10619,20113,190
10619,20112,155
10619,21209,22
10619,21205,9
10619,21206,21
10619,21207,20
10619,21208,9
10619,21212,21
10619,21210,8
10619,21211,9
20778,20779,40
20778,10399,20
20188,10090,29
20188,21068,186
20188,20189,104
10618,20056,90
10618,10049,109
10618,20023,166
10618,20102,109
10618,21204,0
10618,10006,166
10618,10024,90
20779,20778,40
20779,10399,20
20189,10090,131
20189,20188,104
10613,20810,196
10613,21195,0
10613,10418,196
20380,20458,140
20380,21077,133
20380,20519,79
20380,10187,51
20382,20383,29
20382,20379,62
20382,20378,76
20382,10186,69
20382,10188,15
20810,10613,196
20810,21195,196
20810,10418,0
10611,20007,196
10611,10053,12
10611,20110,144
10611,20109,22
10611,21189,0
10611,20332,6
20770,20771,10
20770,10395,5
20812,20811,105
20812,10419,52
20771,20770,10
20771,10395,5
20811,20812,105
20811,10419,53
20772,20773,15
20772,20774,197
20772,10396,7
20773,20772,15
20773,10396,7
20813,10524,0
20813,21008,0
20813,21007,0
20813,10420,0
20774,20772,197
20774,20775,63
20774,10397,31
20775,20774,63
20775,10397,31
20815,10343,44
20815,20169,88
20819,20820,8
20819,10422,4
21425,21422,41
21425,10158,20
20584,10296,0
20817,20818,11
20817,10155,180
20817,20316,176
20817,20317,185
20817,10421,6
20818,20817,11
20818,10155,187
20818,20316,183
20818,20317,191
20818,10421,5
21429,10720,9
21429,21430,19
20588,10298,11
20588,10297,188
20588,20587,176
20588,20586,200
20588,20589,22
20587,10298,180
20587,10297,12
20587,20588,176
20587,20586,24
20587,20589,185
20586,10297,12
20586,20588,200
20586,20587,24
20375,20374,19
20375,20373,173
20375,20372,163
20375,10183,168
20375,10184,9
20374,20375,19
20374,20373,191
20374,20372,180
20374,10183,185
20374,10184,9
20373,20375,173
20373,20374,191
20373,20372,15
20373,20370,191
20373,10183,7
20373,10184,182
20589,10298,11
20589,10299,199
20589,10297,196
20589,20588,22
20589,20587,185
20589,20590,195
20372,20375,163
20372,20374,180
20372,20373,15
20372,20370,184
20372,10183,7
20372,10182,195
20372,10184,172
20379,20383,82
20379,20382,62
20379,20378,15
20379,20377,195
20379,20376,177
20379,10185,186
20379,10186,8
20379,10188,71
20173,10083,4
20173,10050,172
20173,20172,8
20173,20171,161
20173,20075,183
21422,21425,41
21422,10158,20
20378,20383,97
20378,20382,76
20378,20379,15
20378,20377,188
20378,20376,169
20378,10185,178
20378,10186,8
20378,10188,86
20172,10083,4
20172,10050,176
20172,20173,8
20172,20171,166
20172,20075,187
20377,20379,195
20377,20378,188
20377,20376,22
20377,10185,11
20377,10186,191
20171,10083,164
20171,10050,12
20171,20173,161
20171,20172,166
20171,20075,24
21424,10159,31
21424,20324,62
20376,20379,177
20376,20378,169
20376,20377,22
20376,10185,11
20376,10186,173
20170,10317,82
20170,20625,164
20176,10085,33
20176,20177,65
10629,21229,15
10629,21230,15
20177,10085,33
20177,20176,65
20174,10084,85
20174,20175,143
20174,21160,113
10627,21225,55
10627,21226,55
20175,10084,59
20175,20174,143
20175,21160,39
10626,20831,193
10626,20830,182
10626,21223,27
10626,21224,27
10626,10428,188
20370,20373,191
20370,20372,184
20370,20371,24
20370,10183,187
20370,10182,12
10625,21221,10
10625,21222,10
20371,20370,24
20371,10182,12
10624,21219,0
10624,21220,0
20178,20637,199
20178,20636,113
20178,10087,191
20178,10088,196
20178,10086,30
20178,10326,144
20178,20182,196
20178,20181,182
20178,21161,59
10623,21218,0
20823,20824,62
20823,10424,31
20781,20780,75
20781,10400,38
20782,20783,34
20782,10401,17
10621,21396,0
10621,21397,41
10621,10707,21
10621,21215,0
10620,21214,15
10620,21213,15
20820,20819,8
20820,10422,4
20780,20781,75
20780,10400,37
20580,10293,0
20783,20782,34
20783,10401,17
20824,20823,62
20824,10424,31
20784,21085,183
20784,21086,160
20784,21084,81
20784,10558,171
20784,10402,40
20553,10276,5
20553,10277,188
20553,10275,165
20553,20552,11
20553,20555,187
20553,20554,189
20553,20551,162
20553,20550,168
20552,10276,5
20552,10277,183
20552,10275,164
20552,20553,11
20552,20555,183
20552,20554,183
20552,20551,162
20552,20550,167
20555,10276,185
20555,10277,12
20555,20553,187
20555,20552,183
20555,20554,24
20554,10278,184
20554,10276,186
20554,10277,12
20554,20553,189
20554,20552,183
20554,20555,24
20554,20556,184
20369,20368,57
20369,20367,196
20369,10181,29
20551,10276,162
20551,10275,11
20551,20553,162
20551,20552,162
20551,20550,23
20550,10276,168
20550,10275,11
20550,20553,168
20550,20552,167
20550,20551,23
21412,10716,0
21412,21413,0
20366,10046,169
20366,10045,180
20366,20368,182
20366,20367,34
20366,10180,17
20366,20094,161
20366,20095,177
20366,20096,162
20160,10078,43
20160,20159,86
21413,10716,0
21413,21412,0
20365,20364,12
20365,10179,6
20368,20369,57
20368,20366,182
20368,20367,152
20368,10181,29
20368,10180,167
20162,10079,18
20162,20161,36
20162,20835,166
20162,20834,158
20162,10430,162
20367,10046,190
20367,20369,196
20367,20366,34
20367,20368,152
20367,10181,173
20367,10180,17
20367,20094,193
20367,20095,196
20367,20096,186
20161,10079,18
20161,20162,36
20161,20834,194
20161,10430,197
20362,20363,41
20362,10178,21
20556,10278,0
20556,10277,195
20556,20554,184
20361,20360,20
20361,10177,10
20559,10280,46
20559,20558,91
20364,20365,12
20364,10179,6
20558,10280,45
20558,20559,91
20363,20362,41
20363,10178,21
20167,20633,40
20167,10324,20
20169,10343,44
20169,20815,88
20360,20361,20
20360,10177,10
20163,10080,11
20163,20164,23
20754,10387,0
20164,10080,12
20164,20163,23
20165,10072,0
20165,20668,191
20166,21551,187
20166,10284,106
20166,10283,0
20166,10285,191
20166,20566,106
20166,20567,196
20752,20061,143
20752,20025,128
20752,20014,126
20752,20013,14
20752,21190,108
20752,21191,192
20752,10008,64
20752,10027,143
20566,21551,91
20566,10284,0
20566,10283,106
20566,10285,92
20566,20166,106
20566,20567,95
20565,20418,73
20565,20419,76
20565,10209,44
20564,20424,176
20564,20147,80
20564,10212,85
20561,10281,9
20561,20560,18
20560,10281,9
20560,20561,18
20359,20358,29
20359,10176,15
20358,20359,29
20358,10176,15
20151,10075,193
20151,10074,142
20151,20153,157
21400,10709,55
21400,21391,111
20150,10073,0
20150,20152,143
20150,20790,85
20150,10405,85
21401,10710,6
21401,20959,197
21401,21100,167
21401,21402,13
21401,10496,182
21402,10710,6
21402,20959,198
21402,21100,168
21402,21401,13
21402,10496,183
20569,10286,0
20567,21551,19
20567,10284,95
20567,10283,196
20567,10285,10
20567,20166,196
20567,20566,95
20350,10173,0
20350,10172,156
20350,21239,112
20350,20737,193
20158,10077,99
20158,20157,199
20159,10078,43
20159,20160,86
20156,10076,14
20156,20157,149
20156,20155,28
20769,10394,0
10602,20838,93
10602,20839,87
10602,21185,13
10602,21186,13
10602,10432,90
20157,10076,162
20157,10077,99
20157,20158,199
20157,20156,149
20157,20155,175
10601,21170,7
10601,21171,7
10601,21185,193
20154,10075,37
20154,20153,74
20155,10076,14
20155,20156,28
20155,20157,175
20152,10074,142
20152,10073,143
20152,20150,143
20152,20790,85
20152,10405,85
20153,10075,37
20153,20151,157
20153,20154,74
20805,20880,14
20805,10414,7
10600,21167,0
10600,21235,0
20534,20535,48
20534,10267,24
20535,20534,48
20535,10267,24
20536,20537,80
20536,10268,40
20537,20536,80
20537,10268,40
20538,20539,70
20538,10269,35
20539,20538,70
20539,10269,35
20140,10065,175
20140,10069,18
20140,20141,36
20140,20133,162
20140,20132,197
20530,20499,149
20530,20498,142
20530,20531,9
20530,20533,170
20530,10265,5
20530,10250,145
20531,20499,149
20531,20498,141
20531,20530,9
20531,20533,180
20531,10265,5
20531,10250,145
20532,20533,86
20532,10266,43
20533,20530,170
20533,20531,180
20533,20532,86
20533,10266,43
20533,10265,175
20853,20852,54
20853,10439,27
20854,20063,188
20854,20900,126
20854,20901,149
20854,20858,182
20854,20867,172
20854,10463,137
20854,10029,117
20855,20856,80
20855,10440,40
20856,20855,80
20856,10440,40
20858,20900,162
20858,20901,164
20858,20854,182
20858,20867,32
20858,10463,163
20858,10029,65
20859,20863,139
20859,10442,0
20859,10444,139
20142,10077,195
20142,10070,14
20142,20143,28
20141,10065,163
20141,10069,18
20141,20140,36
20141,20133,160
20141,20132,178
20144,10071,5
20144,20145,11
20143,10070,14
20143,20142,28
20850,20851,116
20850,20131,200
20850,10438,58
20145,10071,6
20145,20144,11
20851,20850,116
20851,10438,58
20148,20067,37
20148,10068,195
20148,10032,19
20148,20139,185
20148,20134,177
20852,20853,54
20852,10439,27
20147,20564,80
20147,10212,142
20547,10273,14
20547,20546,28
20548,10274,32
20548,20549,63
20545,20037,163
20545,20036,168
20545,10272,41
20545,20544,82
20545,10014,131
20546,10273,14
20546,20547,28
20549,10274,32
20549,20548,63
20540,10270,9
20540,20541,17
20543,10271,51
20543,20542,101
20544,10272,41
20544,20545,82
20541,10270,9
20541,20540,17
20542,10271,51
20542,20543,101
20866,21054,69
20866,10546,69
20866,20865,14
20866,10446,7
20867,20900,134
20867,20901,133
20867,20854,172
20867,20858,32
20867,10463,133
20867,10029,56
20139,20067,195
20139,10066,145
20139,10068,11
20139,10032,190
20139,20148,185
20139,20138,22
20139,20135,155
20139,20134,142
20864,10445,0
20138,10066,140
20138,10068,11
20138,20139,22
20138,20135,145
20138,20134,141
20865,21054,68
20865,10546,68
20865,20866,14
20865,10446,7
20869,10447,17
20869,20870,34
20133,10065,46
20133,10069,160
20133,20140,162
20133,20141,160
20133,20132,93
20132,10066,193
20132,10065,46
20132,10069,187
20132,20140,197
20132,20141,178
20132,20133,93
20132,20135,163
20131,10064,62
20131,20850,200
20131,20130,124
20130,10064,62
20130,20131,124
20862,20861,46
20862,10443,23
20137,10252,0
20136,10047,83
20136,20518,12
20136,20098,152
20136,20097,190
20863,20859,139
20863,10442,139
20863,10444,0
20135,10066,32
20135,10068,150
20135,20139,155
20135,20138,145
20135,20132,163
20135,20134,64
20861,20862,46
20861,10443,23
20134,20067,158
20134,10066,32
20134,10068,141
20134,10032,167
20134,20148,177
20134,20139,142
20134,20138,141
20134,20135,64
20516,10377,119
20516,10369,196
20516,10174,74
20516,10259,0
20516,20740,119
20516,20736,193
20516,20735,59
20516,20734,112
20516,20719,196
20518,10047,93
20518,20136,12
20518,20098,162
20519,20380,79
20519,10187,123
20512,20513,14
20512,10257,7
20513,20512,14
20513,10257,7
20514,10258,0
20510,10256,0
20829,10427,0
20828,10426,0
20835,10079,184
20835,20162,166
20835,20834,23
20835,10430,12
20836,20837,28
20836,10431,14
20837,20836,28
20837,10431,14
20838,10602,93
20838,20839,8
20838,21185,98
20838,21186,89
20838,21226,194
20838,10432,4
10630,21232,7
10630,21231,7
20831,10626,193
20831,20830,11
20831,21224,175
20831,10428,5
20128,10063,11
20128,20129,22
20832,21104,198
20832,20833,47
20832,10429,24
20127,10062,16
20127,20126,32
20790,10073,85
20790,20150,85
20790,20152,85
20790,10405,0
20833,20832,47
20833,10429,24
10633,21240,0
20834,10079,176
20834,20162,158
20834,20161,194
20834,20835,23
20834,10430,12
20129,10062,197
20129,10063,11
20129,20128,22
20129,20126,183
10634,21242,6
10634,21241,6
20124,10060,134
20124,10061,42
20124,20123,140
20124,20125,84
20124,20122,127
10635,21244,25
10635,21243,25
20123,10060,9
20123,10061,181
20123,20124,140
20123,20122,17
10636,20240,181
10636,20239,198
10636,20238,30
10636,10081,0
10636,10114,30
10636,10115,189
10636,20103,0
10636,21245,0
20126,10062,16
20126,10063,192
20126,20127,32
20126,20129,183
20830,10626,182
20830,20831,11
20830,21224,164
20830,10428,5
20125,10061,42
20125,20124,84
20120,10059,12
20120,20121,24
20122,10060,9
20122,10061,169
20122,20124,127
20122,20123,17
20121,10059,12
20121,20120,24
20529,20528,27
20529,10264,13
20398,20017,171
20398,10106,173
20398,20389,158
20398,20399,10
20398,20397,177
20398,10192,158
20398,10199,5
20527,20526,17
20527,10263,9
20399,20017,172
20399,10106,173
20399,20389,152
20399,20398,10
20399,20397,176
20399,10192,152
20399,10199,5
20528,20529,27
20528,10264,13
20525,20524,25
20525,10262,13
20526,20527,17
20526,10263,8
20397,20295,163
20397,20017,32
20397,10106,16
20397,20389,83
20397,20398,177
20397,20399,176
20397,10170,110
20397,10192,83
20397,10199,176
20397,20346,110
20523,20522,45
20523,10261,22
20394,10165,134
20394,10197,0
20394,20337,134
20524,20525,25
20524,10262,13
20395,20408,183
20395,20409,157
20395,10198,0
20395,10204,170
20521,20520,13
20521,10260,7
20522,20523,45
20522,10261,22
20520,20521,13
20520,10260,7
20839,10602,87
20839,20838,8
20839,21185,92
20839,21186,84
20839,10432,4
20848,20664,164
20848,10341,164
20848,20849,21
20848,10437,11
20849,20664,157
20849,10341,157
20849,20848,21
20849,10437,11
20846,20847,109
20846,10436,55
20847,20846,109
20847,10436,55
20119,10058,18
20119,20118,36
20844,20845,57
20844,10435,29
20118,10058,18
20118,20119,36
20845,20844,57
20845,10435,29
20117,10057,16
20117,10056,194
20117,20116,33
20117,20115,178
20842,20843,69
20842,10434,34
20116,10057,16
20116,10056,162
20116,20117,33
20116,20115,147
20116,20114,178
20843,20842,69
20843,21223,181
20843,10434,34
20115,10057,163
20115,10056,17
20115,20117,178
20115,20116,147
20115,20114,33
20393,20392,186
20393,10165,174
20393,10195,186
20393,10196,0
20393,20337,174
20114,10057,194
20114,10056,17
20114,20116,178
20114,20115,33
20392,20412,190
20392,20413,142
20392,20414,198
20392,20393,186
20392,10195,0
20392,10196,186
20392,10206,158
20113,10055,19
20113,10619,190
20113,20112,38
20113,21209,183
20113,21205,197
20113,21206,192
20113,21207,191
20113,21208,184
20113,21210,194
20113,21211,187
20391,10168,187
20391,10194,0
20391,20342,181
20391,20343,193
20112,10055,19
20112,10619,155
20112,20113,38
20112,21209,146
20112,21205,162
20112,21206,156
20112,21207,158
20112,21208,148
20112,21212,167
20112,21210,158
20112,21211,153
20390,10193,0
20111,10054,68
20111,20110,142
20111,20330,85
20111,20331,160
20110,10054,118
20110,10053,132
20110,10611,144
20110,20111,142
20110,20109,124
20110,21189,144
20110,20330,197
20110,20331,175
20110,20332,141
10152,20309,140
10152,20310,30
10152,20311,30
10151,20666,76
10151,20667,67
10151,20309,141
20100,10048,44
20100,20099,89
10150,20666,163
10150,20667,187
10150,20306,43
10150,20307,43
20103,20240,181
20103,20239,198
20103,20238,30
20103,10081,0
20103,10114,30
20103,10115,189
20103,10636,0
20103,21245,0
20104,10082,0
20104,20065,153
20104,20066,112
20104,10031,131
20102,20056,73
20102,10049,0
20102,20024,182
20102,10618,109
20102,21204,109
20102,10007,182
20102,10024,73
20107,10052,0
20107,20020,164
20107,10377,155
20107,10369,111
20107,10368,99
20107,10367,112
20107,10003,167
20107,20740,155
20107,20741,140
20107,20718,99
20107,20719,111
20107,20717,112
20105,20406,120
20105,20407,143
20105,10105,0
20105,10163,107
20105,20334,107
20105,10203,131
21170,10601,7
21170,21171,13
21170,21185,187
20106,20459,26
20106,10230,13
21171,10601,7
21171,21170,13
21171,21185,200
20109,10053,11
20109,10611,22
20109,20110,124
20109,21189,22
20109,20332,22
20306,20666,173
20306,20667,196
20306,10150,43
20306,20307,87
20303,10148,0
20309,10152,140
20309,10151,141
20309,20310,125
20309,20311,160
20307,20666,165
20307,20667,188
20307,10150,43
20307,20306,87
10159,21424,31
10159,20324,31
10157,20320,0
10158,21425,20
10158,21422,20
10155,20817,180
10155,20818,187
10155,20316,6
10155,20317,6
10155,10421,184
10156,20318,51
10156,20319,51
20300,10147,0
10161,10162,178
10161,20328,178
10161,20326,0
10163,20406,196
10163,10105,107
10163,20105,107
10163,20334,0
10163,10203,198
10162,20249,194
10162,10161,178
10162,20328,0
10162,20326,178
21163,20244,27
21163,20246,0
21163,10118,13
21163,10120,184
21162,10087,19
21162,10086,187
21162,20181,38
21162,21161,176
21161,20636,127
21161,10087,161
21161,10088,141
21161,10086,30
21161,10326,181
21161,20182,141
21161,20181,147
21161,20178,59
21161,21162,176
21160,10084,30
21160,20174,113
21160,20175,39
21166,10599,8
21166,21165,16
21167,10600,0
21167,21235,0
21164,10166,98
21164,20339,72
21165,10599,8
21165,21166,16
10168,20391,187
10168,10194,187
10168,20342,10
10168,20343,10
10169,20344,0
10164,20336,0
10165,20394,134
10165,20393,174
10165,10196,174
10165,10197,134
10165,20337,0
10166,21164,98
10166,20338,129
10166,20339,38
10167,20341,12
10167,20340,12
10170,20017,141
10170,10106,125
10170,20389,88
10170,20397,110
10170,10192,88
10170,20346,0
10174,10377,143
10174,10369,156
10174,20516,74
10174,10175,143
10174,10259,74
10174,20740,143
10174,20737,155
10174,20736,132
10174,20735,50
10174,20734,50
10174,20719,156
10173,20350,0
10173,10172,156
10173,21239,112
10173,20737,193
10172,20350,156
10172,10173,156
10172,20349,101
10172,21239,101
10171,20018,0
21195,10613,0
21195,20810,196
21195,10418,196
21190,20025,139
21190,20014,27
21190,20013,104
21190,20752,108
21190,21191,84
21190,10002,106
21190,10008,107
21191,20025,195
21191,20014,71
21191,20013,187
21191,20752,192
21191,21190,84
21191,10002,31
21191,10008,182
10177,20361,10
10177,20360,10
10178,20362,21
10178,20363,21
10175,10174,143
10175,20737,14
10175,20736,14
10175,20735,146
10175,20734,158
10176,20359,15
10176,20358,15
10179,20365,6
10179,20364,6
10181,20369,29
10181,20368,29
10181,20367,173
10181,10180,187
10180,10046,179
10180,10045,195
10180,20366,17
10180,20368,167
10180,20367,17
10180,10181,187
10180,20094,177
10180,20095,186
10180,20096,174
10183,20375,168
10183,20374,185
10183,20373,7
10183,20372,7
10183,20370,187
10183,10182,199
10183,10184,177
10182,20372,195
10182,20370,12
10182,20371,12
10182,10183,199
10185,20379,186
10185,20378,178
10185,20377,11
10185,20376,11
10185,10186,182
10184,20375,9
10184,20374,9
10184,20373,182
10184,20372,172
10184,10183,177
21185,10602,13
21185,10601,193
21185,20838,98
21185,20839,92
21185,21170,187
21185,21171,200
21185,21186,26
21185,10432,95
21189,20007,196
21189,10053,12
21189,10611,0
21189,20110,144
21189,20109,22
21189,20332,6
21186,10602,13
21186,20838,89
21186,20839,84
21186,21185,26
21186,10432,86
10186,20383,89
10186,20382,69
10186,20379,8
10186,20378,8
10186,20377,191
10186,20376,173
10186,10185,182
10186,10188,79
10187,20458,94
10187,21077,82
10187,20380,51
10187,20519,123
10188,20383,15
10188,20382,15
10188,20379,71
10188,20378,86
10188,10186,79
10189,20384,22
10189,20386,175
10189,20385,22
10189,10190,196
10195,20412,190
10195,20413,142
10195,20414,198
10195,20393,186
10195,20392,0
10195,10196,186
10195,10206,158
10196,20393,0
10196,20392,186
10196,10165,174
10196,10195,186
10196,20337,174
10193,20390,0
10399,20778,20
10399,20779,20
10194,20391,0
10194,10168,187
10194,20342,181
10194,20343,193
10397,20774,31
10397,20775,31
10191,20469,58
10191,20468,58
10191,20467,177
10191,20466,155
10191,20388,0
10191,10235,57
10191,10234,166
10398,20776,27
10398,20777,27
10192,20017,109
10192,10106,95
10192,20389,0
10192,20398,158
10192,20399,152
10192,20397,83
10192,10170,88
10192,10199,155
10192,20346,88
10395,20770,5
10395,20771,5
10396,20772,7
10396,20773,7
10190,20386,22
10190,20385,175
10190,20387,22
10190,10189,196
10394,20769,0
20341,10167,12
20341,20340,23
20342,20391,181
20342,10168,10
20342,10194,181
20342,20343,20
20340,10167,12
20340,20341,23
10199,20017,172
10199,10106,173
10199,20389,155
10199,20398,5
10199,20399,5
10199,20397,176
10199,10192,155
20346,20017,141
20346,10106,125
20346,20389,88
20346,20397,110
20346,10170,0
20346,10192,88
10198,20408,183
10198,20409,157
10198,20395,0
10198,10204,170
20343,20391,193
20343,10168,10
20343,10194,193
20343,20342,20
10197,20394,0
10197,10165,134
10197,20337,134
20344,10169,0
20349,10172,101
20330,10054,81
20330,20111,85
20330,20110,197
20330,20331,120
20331,10054,95
20331,20290,191
20331,20111,160
20331,20110,175
20331,20330,120
20332,10053,11
20332,10611,6
20332,20110,141
20332,20109,22
20332,21189,6
20334,20406,196
20334,10105,107
20334,20105,107
20334,10163,0
20334,10203,198
20336,10164,0
20337,20394,134
20337,20393,174
20337,10165,0
20337,10196,174
20337,10197,134
20338,10166,129
20338,20339,163
20339,21164,72
20339,10166,38
20339,20338,163
20591,10299,6
20591,10300,198
20591,20590,12
20591,20592,180
20590,10299,6
20590,20589,195
20590,20591,12
20590,20592,186
20324,21424,62
20324,10159,31
20320,10157,0
20598,10303,39
20598,20599,78
20599,10303,39
20599,20598,78
20329,20249,140
20329,20248,64
20329,20277,141
20329,20276,123
20329,10136,128
20329,10121,68
20596,10300,159
20596,10302,7
20596,20597,14
20596,20592,169
20596,20593,149
20597,10300,146
20597,10302,7
20597,20596,14
20597,20592,157
20597,20593,138
20328,20249,194
20328,10161,178
20328,10162,0
20328,20326,178
20592,10299,183
20592,10300,18
20592,10302,163
20592,20591,180
20592,20590,186
20592,20596,169
20592,20597,157
20592,20593,35
20326,10161,0
20326,10162,178
20326,20328,178
20593,10300,18
20593,10302,144
20593,20596,149
20593,20597,138
20593,20592,35
20310,10152,30
20310,20309,125
20310,20311,61
20311,10152,30
20311,20309,160
20311,20310,61
20318,10156,51
20318,20319,101
20319,10156,51
20319,20318,101
20316,20817,176
20316,20818,183
20316,10155,6
20316,20317,13
20316,10421,180
20317,20817,185
20317,20818,191
20317,10155,6
20317,20316,13
20317,10421,188
10207,20414,28
10207,20415,28
21202,20245,0
21202,20247,188
21202,20241,189
21202,20243,68
21202,20242,127
21202,10117,68
21202,10119,0
21202,10116,157
21202,10120,166
21202,21203,0
10208,20416,13
10208,20417,13
21203,20245,0
21203,20247,188
21203,20241,189
21203,20243,68
21203,20242,127
21203,10117,68
21203,10119,0
21203,10116,157
21203,10120,166
21203,21202,0
10205,20410,34
10205,20411,34
10205,20412,200
21204,20056,90
21204,10049,109
21204,20023,166
21204,10618,0
21204,20102,109
21204,10006,166
21204,10024,90
10206,20412,55
10206,20413,55
10206,20392,158
10206,10195,158
10209,20418,40
10209,20419,41
10209,20565,44
21209,10055,164
21209,21150,190
21209,10554,199
21209,10619,22
21209,20113,183
21209,20112,146
21209,21205,31
21209,21206,10
21209,21207,41
21209,21208,14
21209,21212,44
21209,21210,18
21209,21211,29
10200,20400,7
10200,20401,7
10200,20402,151
10200,20403,182
10200,10201,166
21205,10055,179
21205,10619,9
21205,20113,197
21205,20112,162
21205,21209,31
21205,21206,28
21205,21207,14
21205,21208,19
21205,21212,13
21205,21210,14
21205,21211,9
10203,20406,18
10203,20407,18
10203,10105,131
10203,20105,131
10203,10163,198
10203,20334,198
10481,20933,6
10481,20934,6
21206,10055,174
21206,21150,193
21206,10619,21
21206,20113,192
21206,20112,156
21206,21209,10
21206,21205,28
21206,21207,40
21206,21208,16
21206,21212,41
21206,21210,14
21206,21211,29
10204,20408,16
10204,20409,16
10204,20395,170
10204,10198,170
10482,20935,0
21207,10055,174
21207,10619,20
21207,20113,191
21207,20112,158
21207,21209,41
21207,21205,14
21207,21206,40
21207,21208,27
21207,21212,10
21207,21210,27
21207,21211,12
10201,20400,162
10201,20401,171
10201,20402,16
10201,20403,16
10201,10200,166
21208,10055,166
21208,10619,9
21208,20113,184
21208,20112,148
21208,21209,14
21208,21205,19
21208,21206,16
21208,21207,27
21208,21212,30
21208,21210,10
21208,21211,15
10202,20404,30
10202,20405,30
10480,20931,9
10480,20932,9
10486,20942,0
10486,20996,115
10486,10518,115
10485,20941,28
10485,20940,28
10484,20938,8
10484,20939,8
10483,20937,6
10483,20936,7
21008,10524,0
21008,20813,0
21008,21007,0
21008,10420,0
10489,20948,36
10489,20947,36
10489,10533,196
10489,21032,185
21007,10524,0
21007,20813,0
21007,21008,0
21007,10420,0
10488,20946,9
10488,20945,9
10488,10534,143
10488,21035,137
10488,21034,149
10487,20944,23
10487,20943,23
21004,10523,6
21004,21005,12
21003,10039,58
21003,10522,4
21003,21002,8
21003,20081,93
21003,20082,69
21005,10523,6
21005,21004,12
21000,10521,16
21000,21001,33
21002,10039,58
21002,10522,4
21002,21003,8
21002,20081,98
21002,20082,63
21001,10521,16
21001,21000,33
21214,10620,15
21214,21213,29
21215,21396,0
21215,21397,41
21215,10707,21
21215,10621,0
21212,10055,184
21212,10619,21
21212,20112,167
21212,21209,44
21212,21205,13
21212,21206,41
21212,21207,10
21212,21208,30
21212,21210,27
21212,21211,17
21213,10620,15
21213,21214,29
21210,10055,176
21210,10619,8
21210,20113,194
21210,20112,158
21210,21209,18
21210,21205,14
21210,21206,14
21210,21207,27
21210,21208,10
21210,21212,27
21210,21211,16
21211,10055,170
21211,10619,9
21211,20113,187
21211,20112,153
21211,21209,29
21211,21205,9
21211,21206,29
21211,21207,12
21211,21208,15
21211,21212,17
21211,21210,16
21218,10623,0
21219,10624,0
21219,21220,0
10470,20913,8
10470,20912,8
10471,20915,10
10471,20914,10
10471,20916,197
10473,20918,12
10473,20919,12
10473,20925,79
10473,20921,123
10473,20920,135
10473,10474,129
10473,10476,140
10472,20915,192
10472,20916,6
10472,20917,6
10475,20923,11
10475,20922,11
10474,20918,141
10474,20919,117
10474,20925,76
10474,20924,161
10474,20921,7
10474,20920,7
10474,10473,129
10474,10476,107
10477,20926,0
10477,10531,162
10477,21028,162
10476,20918,150
10476,20919,131
10476,20925,66
10476,20924,66
10476,20921,103
10476,20920,112
10476,10473,140
10476,10474,107
21019,10529,12
21019,21018,23
21018,10529,12
21018,21019,23
21017,10528,4
21017,21016,8
21016,10528,4
21016,21017,8
21015,10527,52
21015,21014,104
21015,10461,149
21015,20898,117
21015,20897,181
21014,10527,52
21014,21015,104
21014,10461,187
21014,20898,159
21013,10526,52
21013,21012,104
21012,10526,52
21012,21013,104
21010,21103,11
21010,10525,6
21220,10624,0
21220,21219,0
21221,10625,10
21221,21222,20
21222,10625,10
21222,21221,20
21223,10626,27
21223,20843,181
21223,21224,55
21224,10626,27
21224,20831,175
21224,20830,164
21224,21223,55
21224,10428,169
10227,20452,9
10227,20453,8
10227,20098,186
10227,20097,172
21225,10627,55
21225,21226,109
10228,20454,0
21020,10530,20
21020,21021,39
21226,10627,55
21226,20838,194
21226,21225,109
21226,10432,198
10225,20449,45
10225,20448,45
10225,20451,181
10226,20450,54
10226,20451,54
10223,20445,0
10223,20450,190
21229,10629,15
21229,21230,30
10224,20447,0
10221,20442,0
10221,20660,154
10221,20661,87
10221,10339,120
10222,20443,0
10220,20441,6
10220,20440,6
21029,10532,8
21029,21030,15
21021,10530,20
21021,21020,39
21023,10038,127
21023,10037,107
21023,20078,123
21023,20077,97
21023,20079,196
21023,20080,186
21028,20926,162
21028,10531,0
21028,10477,162
21232,10630,7
21232,21231,15
21230,10629,15
21230,21229,30
21231,10630,7
21231,21232,15
10216,20435,186
10216,20432,17
10216,20434,179
10216,20433,17
10216,20662,32
10216,20663,70
10216,10340,49
10216,10217,182
21030,10532,8
21030,21029,15
10217,20435,7
10217,20432,167
10217,20434,7
10217,20433,198
10217,20662,165
10217,20663,196
10217,10340,180
10217,10216,182
10218,20436,10
10218,20437,10
10218,21080,188
10218,10556,199
10219,20439,33
10219,20438,33
10219,20658,141
10219,10338,170
21235,10600,0
21235,21167,0
10212,20424,97
10212,20425,126
10212,20564,85
10212,20147,142
10490,20949,33
10490,20950,33
10490,10533,188
10490,21033,174
10213,20426,25
10213,20427,25
10213,20429,164
10213,10214,195
10491,20951,14
10491,21554,14
10214,20427,171
10214,20428,32
10214,20429,32
10214,10213,195
10215,20431,5
10215,20430,5
21239,20292,168
21239,10144,168
21239,20350,112
21239,10173,112
21239,10172,101
10210,20649,124
10210,20420,68
10210,20421,68
10210,10332,124
10211,20422,39
10211,20423,39
10498,20963,10
10498,20964,10
10496,10710,182
10496,20959,16
10496,21100,16
10496,21401,182
10496,21402,183
21035,20946,135
21035,20945,139
21035,10534,7
21035,10488,137
21035,21034,15
21034,20946,148
21034,20945,151
21034,10534,7
21034,10488,149
21034,21035,15
21033,20948,174
21033,20950,148
21033,10533,14
21033,10490,174
21033,21032,29
21032,20948,151
21032,20950,177
21032,10533,14
21032,10489,185
21032,21033,29
10244,20486,10
10244,20487,10
10244,20489,162
10244,10245,182
10243,20488,191
10243,20489,174
10243,20483,180
10243,20484,17
10243,20485,17
10243,10242,190
10243,10245,181
10242,20482,19
10242,20483,19
10242,20485,176
10242,10243,190
10241,20481,16
10241,20480,16
10241,20482,199
10248,20495,26
10248,20494,26
10247,20492,11
10247,20493,11
10246,20488,189
10246,20491,50
10246,20490,50
10245,20486,182
10245,20487,182
10245,20488,26
10245,20489,26
10245,20484,165
10245,20485,198
10245,20491,163
10245,10244,182
10245,10243,181
21245,20240,181
21245,20239,198
21245,20238,30
21245,10081,0
21245,10114,30
21245,10115,189
21245,10636,0
21245,20103,0
10249,20496,17
10249,20497,17
21242,10634,6
21242,21241,13
21241,10634,6
21241,21242,13
21244,10635,25
21244,21243,50
21243,10635,25
21243,21244,50
10449,20874,8
10449,20873,8
10447,20869,17
10447,20870,17
21240,10633,0
10448,20872,17
10448,20871,17
10442,20859,0
10442,20863,139
10442,10444,139
10440,20855,40
10440,20856,40
10445,20864,0
10240,20478,0
10446,21054,68
10446,10546,68
10446,20866,7
10446,20865,7
10443,20862,23
10443,20861,23
10444,20859,139
10444,20863,0
10444,10442,139
10231,20461,46
10231,20460,46
10230,20449,200
10230,20459,13
10230,20106,13
10233,20465,11
10233,20464,11
10232,20463,17
10232,20462,17
10232,20461,185
10235,20469,10
10235,20468,9
10235,20467,197
10235,20466,177
10235,20388,57
10235,10191,57
10235,10234,187
10234,20469,179
10234,20468,195
10234,20467,12
10234,20466,12
10234,20388,166
10234,10191,166
10234,10235,187
10237,20473,18
10237,20474,183
10237,20472,18
10236,20470,29
10236,20471,29
10239,20476,0
10238,20475,22
10238,20473,187
10238,20474,22
10436,20846,55
10436,20847,55
10437,20664,160
10437,10341,160
10437,20848,11
10437,20849,11
10438,20850,58
10438,20851,58
10439,20853,27
10439,20852,27
10430,10079,180
10430,20162,162
10430,20161,197
10430,20835,12
10430,20834,12
10431,20836,14
10431,20837,14
10432,10602,90
10432,20838,4
10432,20839,4
10432,21185,95
10432,21186,86
10432,21226,198
10434,20842,34
10434,20843,34
10435,20844,29
10435,20845,29
10460,20896,5
10460,20895,5
10269,20538,35
10269,20539,35
10268,20536,40
10268,20537,40
10267,20534,24
10267,20535,24
10266,20532,43
10266,20533,43
10265,20499,149
10265,20498,142
10265,20530,5
10265,20531,5
10265,20533,175
10265,10250,145
10264,20529,13
10264,20528,13
10263,20527,9
10263,20526,8
10469,20911,9
10469,20910,9
10261,20523,22
10261,20522,22
10467,20907,0
10262,20525,13
10262,20524,13
10468,20909,18
10468,20908,18
10465,20905,0
10465,20904,0
10466,20906,0
10260,20521,7
10260,20520,7
10463,20900,12
10463,20901,12
10463,20854,137
10463,20858,163
10463,20867,133
10463,10029,118
10464,20902,12
10464,20903,12
10461,10527,161
10461,21015,149
10461,21014,187
10461,20898,32
10461,20897,32
10462,20899,0
10257,20512,7
10257,20513,7
10256,20510,0
10259,10377,119
10259,10369,196
10259,20516,0
10259,10174,74
10259,20740,119
10259,20736,193
10259,20735,59
10259,20734,112
10259,20719,196
10258,20514,0
10253,10254,171
10253,20506,170
10253,20505,22
10253,20507,173
10253,20504,22
10252,20137,0
10255,20508,0
10254,10253,171
10254,20506,17
10254,20505,158
10254,20507,17
10254,20504,185
10458,20892,31
10458,20891,31
10459,20894,60
10459,20893,60
10454,20883,5
10454,20884,5
10455,20885,6
10455,20886,7
10250,20499,6
10250,20498,6
10250,20530,145
10250,20531,145
10250,10265,145
10250,10251,174
10250,20500,180
10250,20501,182
10456,20887,4
10456,20888,4
10251,20499,176
10251,20498,172
10251,10250,174
10251,20500,50
10251,20501,50
10457,20890,9
10457,20889,9
10450,20876,6
10450,20875,6
10451,20878,26
10451,20877,26
10452,20879,0
10453,20881,19
10453,20882,19
20703,10359,8
20703,20702,16
20704,20263,194
20704,20264,162
20704,10360,13
20704,20705,26
20705,20263,194
20705,20264,174
20705,10360,13
20705,20704,26
10400,20781,38
10400,20780,37
20700,10358,7
20700,20701,14
10402,21086,198
10402,21084,40
10402,20784,40
20701,10358,7
20701,20700,14
10401,20782,17
10401,20783,17
20702,10359,8
20702,20703,16
10405,10073,85
10405,20150,85
10405,20152,85
10405,20790,0
20500,20499,183
20500,20498,177
20500,10250,180
20500,10251,50
20500,20501,99
20506,10253,170
20506,10254,17
20506,20505,159
20506,20507,33
20506,20504,183
20505,10253,22
20505,10254,158
20505,20506,159
20505,20507,159
20505,20504,43
20508,10255,0
20507,10253,173
20507,10254,17
20507,20506,33
20507,20505,159
20507,20504,189
20501,20499,182
20501,20498,181
20501,10250,182
20501,10251,50
20501,20500,99
20504,10253,22
20504,10254,185
20504,20506,183
20504,20505,43
20504,20507,189
20896,10460,5
20896,20895,9
20895,10460,5
20895,20896,9
20894,10459,60
20894,20893,120
20893,10459,60
20893,20894,120
20892,10458,31
20892,20891,62
20891,10458,31
20891,20892,62
20890,10457,9
20890,20889,18
20899,10462,0
20898,10527,130
20898,21015,117
20898,21014,159
20898,10461,32
20898,20897,65
20897,10527,192
20897,21015,181
20897,10461,32
20897,20898,65
10001,20002,37
10001,20004,52
10001,20001,64
10001,20007,128
10001,20006,61
10001,20009,44
10001,20008,71
10001,20012,28
10001,20011,44
10001,20010,37
10002,20014,98
10002,21190,106
10002,21191,31
10005,20057,118
10005,20058,54
10005,20023,168
10005,20022,0
10005,10006,168
10005,10025,118
10005,10026,54
10006,20057,56
10006,20023,0
10006,20022,168
10006,10618,166
10006,21204,166
10006,10005,168
10006,10025,56
10003,10052,167
10003,20020,13
10003,20019,44
10003,21079,91
10003,10368,155
10003,10367,76
10003,10366,85
10003,20107,167
10003,20741,33
10003,20718,155
10003,20717,76
10003,20716,79
10004,20021,0
10009,20027,16
10009,20026,16
10007,20056,147
10007,10049,182
10007,20024,0
10007,20102,182
10007,10024,147
10008,20061,105
10008,20025,64
10008,20014,112
10008,20013,76
10008,20752,64
10008,21190,107
10008,21191,182
10008,10027,105
10422,20819,4
10422,20820,4
10421,20817,6
10421,20818,5
10421,10155,184
10421,20316,180
10421,20317,188
20881,10453,19
20881,20882,38
10424,20823,31
10424,20824,31
20880,20805,14
20880,10414,7
20883,10454,5
20883,20884,9
20882,10453,19
20882,20881,38
20885,10455,6
20885,20886,13
10420,10524,0
10420,20813,0
10420,21008,0
10420,21007,0
20884,10454,5
20884,20883,9
20887,10456,4
20887,20888,8
20886,10455,7
20886,20885,13
10429,20832,24
10429,20833,24
20889,10457,9
20889,20890,18
20888,10456,4
20888,20887,8
10426,20828,0
10428,10626,188
10428,20831,5
10428,20830,5
10428,21224,169
10427,20829,0
10014,20037,100
10014,20036,100
10014,10272,172
10014,20545,131
10015,20039,85
10015,20038,48
10015,20614,81
10016,20041,32
10016,20040,32
10017,20042,31
10017,20043,31
10017,20044,198
10017,20213,159
10017,20214,171
10017,10103,165
10010,20029,13
10010,20028,13
10010,20291,136
10011,20030,14
10011,20031,14
10012,20033,88
10012,20032,88
10013,20037,147
10013,20035,42
10013,20034,41
10018,20047,170
10018,20043,190
10018,20044,9
10018,20045,9
10018,20228,184
10018,20227,193
10018,10111,188
10019,20046,33
10019,20047,33
10019,20045,194
20870,20869,34
20870,10447,17
20874,10449,8
20874,20873,15
20873,10449,8
20873,20874,15
20872,10448,17
20872,20871,34
20871,10448,17
20871,20872,34
20878,10451,26
20878,20877,51
10020,20048,9
10020,20049,9
10020,20236,177
10020,20221,162
10020,20222,124
10020,10113,199
10020,10107,142
20877,10451,26
20877,20878,51
20876,10450,6
20876,20875,13
10419,20812,52
10419,20811,53
20875,10450,6
20875,20876,13
10418,10613,196
10418,20810,0
10418,21195,196
10415,20807,0
20879,10452,0
10414,20805,7
10414,20880,7
10027,20061,0
10027,20025,99
10027,20013,157
10027,20752,143
10027,10008,105
10025,20057,0
10025,20058,147
10025,20023,56
10025,20022,118
10025,10005,118
10025,10006,56
10025,10026,147
10026,20057,147
10026,20058,0
10026,20022,54
10026,10005,54
10026,10025,147
10023,20054,0
10023,10350,145
10023,20180,145
10024,20056,0
10024,10049,73
10024,20024,147
10024,10618,90
10024,20102,73
10024,21204,90
10024,10007,147
10021,20051,19
10021,20050,19
10022,20052,5
10022,20053,5
10022,10350,116
10022,20180,116
10029,20900,114
10029,20901,123
10029,20854,117
10029,20858,65
10029,20867,56
10029,10463,118
20740,10052,155
20740,10377,0
20740,10369,142
20740,20516,119
20740,20107,155
20740,10174,143
20740,10259,119
20740,20735,166
20740,20734,136
20740,20719,142
20741,10052,140
20741,20020,25
20741,20019,77
20741,21079,105
20741,10368,122
20741,10367,43
20741,10366,101
20741,20107,140
20741,10003,33
20741,20718,122
20741,20717,43
20741,20716,98
20098,20452,181
20098,20453,191
20098,10047,69
20098,20136,152
20098,20518,162
20098,10227,186
20098,20097,38
20097,20452,166
20097,20453,178
20097,10047,107
20097,20136,190
20097,10227,172
20097,20098,38
20099,10048,44
20099,20100,89
20093,10045,39
20093,20094,79
20094,10045,39
20094,20366,161
20094,20367,193
20094,10180,177
20094,20093,79
20094,20096,188
20095,10046,19
20095,20366,177
20095,20367,196
20095,10180,186
20095,20096,39
20096,10046,19
20096,20366,162
20096,20367,186
20096,10180,174
20096,20094,188
20096,20095,39
20090,10043,22
20090,20089,45
20091,10044,15
20091,20092,30
20092,10044,15
20092,20091,30
20737,20350,193
20737,10174,155
20737,10173,193
20737,10175,14
20737,20736,28
20737,20735,154
20737,20734,171
20736,20516,193
20736,10174,132
20736,10175,14
20736,10259,193
20736,20737,28
20736,20735,138
20736,20734,145
20735,10377,166
20735,20516,59
20735,10174,50
20735,10175,146
20735,10259,59
20735,20740,166
20735,20737,154
20735,20736,138
20735,20734,101
20734,10377,136
20734,10369,108
20734,20516,112
20734,10174,50
20734,10175,158
20734,10259,112
20734,20740,136
20734,20737,171
20734,20736,145
20734,20735,101
20734,20719,108
20076,10037,177
20076,10036,0
20076,10035,142
20076,20078,153
20076,20074,142
20075,10083,185
20075,10050,12
20075,20173,183
20075,20172,187
20075,20171,24
20078,10038,199
20078,10037,28
20078,10036,153
20078,21023,123
20078,20076,153
20078,20077,55
20077,10037,28
20077,21023,97
20077,20078,55
20079,10038,69
20079,21023,196
20079,20080,20
20718,10052,99
20718,20020,145
20718,20019,199
20718,21079,196
20718,10369,167
20718,10368,0
20718,10367,79
20718,10366,197
20718,20107,99
20718,10003,155
20718,20741,122
20718,20719,167
20718,20717,79
20718,20716,199
20719,10052,111
20719,10377,142
20719,10369,0
20719,10368,167
20719,20516,196
20719,20107,111
20719,10174,156
20719,10259,196
20719,20740,142
20719,20734,108
20719,20718,167
20070,20069,68
20070,10033,34
20071,10034,82
20071,20072,115
20071,20073,132
20072,10034,33
20072,20071,115
20072,20073,17
20073,10034,49
20073,20071,132
20073,20072,17
20074,10036,142
20074,10035,0
20074,20076,142
20089,10043,22
20089,20090,45
20088,10042,20
20088,20087,41
20087,10042,20
20087,20088,41
20086,10041,38
20086,20085,75
20717,10052,112
20717,20020,67
20717,20019,120
20717,21079,132
20717,10368,79
20717,10367,0
20717,10366,131
20717,20107,112
20717,10003,76
20717,20741,43
20717,20718,79
20717,20716,130
20716,20668,196
20716,20669,183
20716,20020,76
20716,20019,82
20716,21079,18
20716,10342,183
20716,10368,199
20716,10367,130
20716,10366,9
20716,10003,79
20716,20741,98
20716,20718,199
20716,20717,130
20080,10038,59
20080,21023,186
20080,20079,20
20081,10039,58
20081,10522,95
20081,21003,93
20081,21002,98
20081,20082,115
20707,20263,99
20707,20262,15
20707,20264,77
20707,10129,41
20708,10309,32
20708,20611,48
20708,20610,47
20084,10040,36
20084,20083,72
20085,10041,38
20085,20086,75
20082,10039,58
20082,10522,66
20082,21003,69
20082,21002,63
20082,20081,115
20083,10040,36
20083,20084,72
