arret_id,trajet_id,heure_depart,stop_sequence,terminus
21215,2379690,1032,1,0
21396,2379690,1032,2,0
21096,2379690,1032,3,0
20963,2379690,1035,4,0
21401,2379690,1037,5,0
20959,2379690,1038,6,0
21087,2379690,1039,7,0
21010,2379690,1045,8,0
21017,2379690,1046,9,0
21019,2379690,1048,10,0
21013,2379690,1050,11,0
21021,2379690,1050,12,0
21015,2379690,1052,13,0
20080,2379690,1056,14,0
20110,2379690,1067,15,0
20196,2379690,1068,16,0
21212,2379690,1070,17,1
21215,2379691,1092,1,0
21396,2379691,1092,2,0
21096,2379691,1092,3,0
20963,2379691,1095,4,0
21401,2379691,1097,5,0
20959,2379691,1098,6,0
21087,2379691,1099,7,0
21010,2379691,1105,8,0
21017,2379691,1106,9,0
21019,2379691,1108,10,0
21013,2379691,1110,11,0
21021,2379691,1110,12,0
21015,2379691,1112,13,0
20080,2379691,1116,14,0
20110,2379691,1127,15,0
20196,2379691,1128,16,0
21212,2379691,1130,17,1
21215,2379692,1152,1,0
21396,2379692,1152,2,0
21096,2379692,1152,3,0
20963,2379692,1155,4,0
21401,2379692,1157,5,0
20959,2379692,1158,6,0
21087,2379692,1159,7,0
21010,2379692,1165,8,0
21017,2379692,1166,9,0
21019,2379692,1168,10,0
21013,2379692,1170,11,0
21021,2379692,1170,12,0
21015,2379692,1172,13,0
20080,2379692,1176,14,0
20110,2379692,1187,15,0
20196,2379692,1188,16,0
21212,2379692,1190,17,1
21209,2379693,450,1,0
20197,2379693,451,2,0
20111,2379693,453,3,0
21023,2379693,463,4,0
21014,2379693,464,5,0
21020,2379693,466,6,0
21012,2379693,467,7,0
21018,2379693,469,8,0
21016,2379693,470,9,0
21103,2379693,471,10,0
21088,2379693,479,11,0
21100,2379693,479,12,0
21402,2379693,479,13,0
20964,2379693,482,14,0
21097,2379693,485,15,0
21397,2379693,485,16,0
21215,2379693,486,17,1
21209,2379694,750,1,0
20197,2379694,751,2,0
20111,2379694,753,3,0
21023,2379694,763,4,0
21014,2379694,764,5,0
21020,2379694,766,6,0
21012,2379694,767,7,0
21018,2379694,769,8,0
21016,2379694,770,9,0
21103,2379694,771,10,0
21088,2379694,779,11,0
21100,2379694,779,12,0
21402,2379694,779,13,0
20964,2379694,782,14,0
21097,2379694,785,15,0
21397,2379694,785,16,0
21215,2379694,786,17,1
21209,2379695,930,1,0
20197,2379695,931,2,0
20111,2379695,933,3,0
21023,2379695,943,4,0
21014,2379695,944,5,0
21020,2379695,946,6,0
21012,2379695,947,7,0
21018,2379695,949,8,0
21016,2379695,950,9,0
21103,2379695,951,10,0
21088,2379695,959,11,0
21100,2379695,959,12,0
21402,2379695,959,13,0
20964,2379695,962,14,0
21097,2379695,965,15,0
21397,2379695,965,16,0
21215,2379695,966,17,1
21209,2379697,1050,1,0
20197,2379697,1051,2,0
20111,2379697,1053,3,0
21023,2379697,1063,4,0
21014,2379697,1064,5,0
21020,2379697,1066,6,0
21012,2379697,1067,7,0
21018,2379697,1069,8,0
21016,2379697,1070,9,0
21103,2379697,1071,10,0
21088,2379697,1079,11,0
21100,2379697,1079,12,0
21402,2379697,1079,13,0
20964,2379697,1082,14,0
21097,2379697,1085,15,0
21397,2379697,1085,16,0
21215,2379697,1086,17,1
21209,2379696,990,1,0
20197,2379696,991,2,0
20111,2379696,993,3,0
21023,2379696,1003,4,0
21014,2379696,1004,5,0
21020,2379696,1006,6,0
21012,2379696,1007,7,0
21018,2379696,1009,8,0
21016,2379696,1010,9,0
21103,2379696,1011,10,0
21088,2379696,1019,11,0
21100,2379696,1019,12,0
21402,2379696,1019,13,0
20964,2379696,1022,14,0
21097,2379696,1025,15,0
21397,2379696,1025,16,0
21215,2379696,1026,17,1
21215,2379699,304,1,0
21396,2379699,304,2,0
21096,2379699,304,3,0
20963,2379699,307,4,0
21401,2379699,309,5,0
20959,2379699,310,6,0
21087,2379699,311,7,0
21010,2379699,317,8,0
21017,2379699,318,9,0
21019,2379699,320,10,0
21013,2379699,322,11,0
21021,2379699,322,12,0
21015,2379699,324,13,0
20080,2379699,328,14,0
20110,2379699,339,15,0
20196,2379699,340,16,0
21212,2379699,342,17,1
21209,2379698,1110,1,0
20197,2379698,1111,2,0
20111,2379698,1113,3,0
21023,2379698,1123,4,0
21014,2379698,1124,5,0
21020,2379698,1126,6,0
21012,2379698,1127,7,0
21018,2379698,1129,8,0
21016,2379698,1130,9,0
21103,2379698,1131,10,0
21088,2379698,1139,11,0
21100,2379698,1139,12,0
21402,2379698,1139,13,0
20964,2379698,1142,14,0
21097,2379698,1145,15,0
21397,2379698,1145,16,0
21215,2379698,1146,17,1
21215,2379685,462,1,0
21396,2379685,462,2,0
21096,2379685,462,3,0
20963,2379685,465,4,0
21401,2379685,467,5,0
20959,2379685,468,6,0
21087,2379685,469,7,0
21010,2379685,475,8,0
21017,2379685,476,9,0
21019,2379685,478,10,0
21013,2379685,480,11,0
21021,2379685,480,12,0
21015,2379685,482,13,0
20080,2379685,486,14,0
20110,2379685,497,15,0
20196,2379685,498,16,0
21212,2379685,500,17,1
21215,2379686,492,1,0
21396,2379686,492,2,0
21096,2379686,492,3,0
20963,2379686,495,4,0
21401,2379686,497,5,0
20959,2379686,498,6,0
21087,2379686,499,7,0
21010,2379686,505,8,0
21017,2379686,506,9,0
21019,2379686,508,10,0
21013,2379686,510,11,0
21021,2379686,510,12,0
21015,2379686,512,13,0
20080,2379686,516,14,0
20110,2379686,527,15,0
20196,2379686,528,16,0
21212,2379686,530,17,1
21215,2379687,762,1,0
21396,2379687,762,2,0
21096,2379687,762,3,0
20963,2379687,765,4,0
21401,2379687,767,5,0
20959,2379687,768,6,0
21087,2379687,769,7,0
21010,2379687,775,8,0
21017,2379687,776,9,0
21019,2379687,778,10,0
21013,2379687,780,11,0
21021,2379687,780,12,0
21015,2379687,782,13,0
20080,2379687,786,14,0
20110,2379687,797,15,0
20196,2379687,798,16,0
21212,2379687,800,17,1
21215,2379688,792,1,0
21396,2379688,792,2,0
21096,2379688,792,3,0
20963,2379688,795,4,0
21401,2379688,797,5,0
20959,2379688,798,6,0
21087,2379688,799,7,0
21010,2379688,805,8,0
21017,2379688,806,9,0
21019,2379688,808,10,0
21013,2379688,810,11,0
21021,2379688,810,12,0
21015,2379688,812,13,0
20080,2379688,816,14,0
20110,2379688,827,15,0
20196,2379688,828,16,0
21212,2379688,830,17,1
21215,2379689,972,1,0
21396,2379689,972,2,0
21096,2379689,972,3,0
20963,2379689,975,4,0
21401,2379689,977,5,0
20959,2379689,978,6,0
21087,2379689,979,7,0
21010,2379689,985,8,0
21017,2379689,986,9,0
21019,2379689,988,10,0
21013,2379689,990,11,0
21021,2379689,990,12,0
21015,2379689,992,13,0
20080,2379689,996,14,0
20110,2379689,1007,15,0
20196,2379689,1008,16,0
21212,2379689,1010,17,1
21215,2379684,432,1,0
21396,2379684,432,2,0
21096,2379684,432,3,0
20963,2379684,435,4,0
21401,2379684,437,5,0
20959,2379684,438,6,0
21087,2379684,439,7,0
21010,2379684,445,8,0
21017,2379684,446,9,0
21019,2379684,448,10,0
21013,2379684,450,11,0
21021,2379684,450,12,0
21015,2379684,452,13,0
20080,2379684,456,14,0
20110,2379684,467,15,0
20196,2379684,468,16,0
21212,2379684,470,17,1
21215,2379683,402,1,0
21396,2379683,402,2,0
21096,2379683,402,3,0
20963,2379683,405,4,0
21401,2379683,407,5,0
20959,2379683,408,6,0
21087,2379683,409,7,0
21010,2379683,415,8,0
21017,2379683,416,9,0
21019,2379683,418,10,0
21013,2379683,420,11,0
21021,2379683,420,12,0
21015,2379683,422,13,0
20080,2379683,426,14,0
20110,2379683,437,15,0
20196,2379683,438,16,0
21212,2379683,440,17,1
21209,2379754,870,1,0
20197,2379754,871,2,0
20111,2379754,873,3,0
21023,2379754,883,4,0
21014,2379754,884,5,0
21020,2379754,886,6,0
21012,2379754,887,7,0
21018,2379754,889,8,0
21016,2379754,890,9,0
21103,2379754,891,10,0
21088,2379754,899,11,0
21100,2379754,899,12,0
21402,2379754,899,13,0
20964,2379754,902,14,0
21097,2379754,905,15,0
21397,2379754,905,16,0
21215,2379754,906,17,1
21209,2379753,810,1,0
20197,2379753,811,2,0
20111,2379753,813,3,0
21023,2379753,823,4,0
21014,2379753,824,5,0
21020,2379753,826,6,0
21012,2379753,827,7,0
21018,2379753,829,8,0
21016,2379753,830,9,0
21103,2379753,831,10,0
21088,2379753,839,11,0
21100,2379753,839,12,0
21402,2379753,839,13,0
20964,2379753,842,14,0
21097,2379753,845,15,0
21397,2379753,845,16,0
21215,2379753,846,17,1
21209,2379752,690,1,0
20197,2379752,691,2,0
20111,2379752,693,3,0
21023,2379752,703,4,0
21014,2379752,704,5,0
21020,2379752,706,6,0
21012,2379752,707,7,0
21018,2379752,709,8,0
21016,2379752,710,9,0
21103,2379752,711,10,0
21088,2379752,719,11,0
21100,2379752,719,12,0
21402,2379752,719,13,0
20964,2379752,722,14,0
21097,2379752,725,15,0
21397,2379752,725,16,0
21215,2379752,726,17,1
21209,2379751,630,1,0
20197,2379751,631,2,0
20111,2379751,633,3,0
21023,2379751,643,4,0
21014,2379751,644,5,0
21020,2379751,646,6,0
21012,2379751,647,7,0
21018,2379751,649,8,0
21016,2379751,650,9,0
21103,2379751,651,10,0
21088,2379751,659,11,0
21100,2379751,659,12,0
21402,2379751,659,13,0
20964,2379751,662,14,0
21097,2379751,665,15,0
21397,2379751,665,16,0
21215,2379751,666,17,1
21209,2379758,1215,1,0
20197,2379758,1216,2,0
20111,2379758,1218,3,0
21023,2379758,1228,4,0
21014,2379758,1229,5,0
21020,2379758,1231,6,0
21012,2379758,1232,7,0
21018,2379758,1234,8,0
21016,2379758,1235,9,0
21103,2379758,1236,10,0
21088,2379758,1244,11,0
21100,2379758,1244,12,0
21402,2379758,1244,13,0
20964,2379758,1247,14,0
21097,2379758,1250,15,0
21397,2379758,1250,16,0
21215,2379758,1251,17,1
21209,2379757,1155,1,0
20197,2379757,1156,2,0
20111,2379757,1158,3,0
21023,2379757,1168,4,0
21014,2379757,1169,5,0
21020,2379757,1171,6,0
21012,2379757,1172,7,0
21018,2379757,1174,8,0
21016,2379757,1175,9,0
21103,2379757,1176,10,0
21088,2379757,1184,11,0
21100,2379757,1184,12,0
21402,2379757,1184,13,0
20964,2379757,1187,14,0
21097,2379757,1190,15,0
21397,2379757,1190,16,0
21215,2379757,1191,17,1
21209,2379756,1080,1,0
20197,2379756,1081,2,0
20111,2379756,1083,3,0
21023,2379756,1093,4,0
21014,2379756,1094,5,0
21020,2379756,1096,6,0
21012,2379756,1097,7,0
21018,2379756,1099,8,0
21016,2379756,1100,9,0
21103,2379756,1101,10,0
21088,2379756,1109,11,0
21100,2379756,1109,12,0
21402,2379756,1109,13,0
20964,2379756,1112,14,0
21097,2379756,1115,15,0
21397,2379756,1115,16,0
21215,2379756,1116,17,1
21209,2379755,1020,1,0
20197,2379755,1021,2,0
20111,2379755,1023,3,0
21023,2379755,1033,4,0
21014,2379755,1034,5,0
21020,2379755,1036,6,0
21012,2379755,1037,7,0
21018,2379755,1039,8,0
21016,2379755,1040,9,0
21103,2379755,1041,10,0
21088,2379755,1049,11,0
21100,2379755,1049,12,0
21402,2379755,1049,13,0
20964,2379755,1052,14,0
21097,2379755,1055,15,0
21397,2379755,1055,16,0
21215,2379755,1056,17,1
21209,2379750,570,1,0
20197,2379750,571,2,0
20111,2379750,573,3,0
21023,2379750,583,4,0
21014,2379750,584,5,0
21020,2379750,586,6,0
21012,2379750,587,7,0
21018,2379750,589,8,0
21016,2379750,590,9,0
21103,2379750,591,10,0
21088,2379750,599,11,0
21100,2379750,599,12,0
21402,2379750,599,13,0
20964,2379750,602,14,0
21097,2379750,605,15,0
21397,2379750,605,16,0
21215,2379750,606,17,1
21215,2379739,522,1,0
21396,2379739,522,2,0
21096,2379739,522,3,0
20963,2379739,525,4,0
21401,2379739,527,5,0
20959,2379739,528,6,0
21087,2379739,529,7,0
21010,2379739,535,8,0
21017,2379739,536,9,0
21019,2379739,538,10,0
21013,2379739,540,11,0
21021,2379739,540,12,0
21015,2379739,542,13,0
20080,2379739,546,14,0
20110,2379739,557,15,0
20196,2379739,558,16,0
21212,2379739,560,17,1
21215,2379738,372,1,0
21396,2379738,372,2,0
21096,2379738,372,3,0
20963,2379738,375,4,0
21401,2379738,377,5,0
20959,2379738,378,6,0
21087,2379738,379,7,0
21010,2379738,385,8,0
21017,2379738,386,9,0
21019,2379738,388,10,0
21013,2379738,390,11,0
21021,2379738,390,12,0
21015,2379738,392,13,0
20080,2379738,396,14,0
20110,2379738,407,15,0
20196,2379738,408,16,0
21212,2379738,410,17,1
21215,2379737,304,1,0
21396,2379737,304,2,0
21096,2379737,304,3,0
20963,2379737,307,4,0
21401,2379737,309,5,0
20959,2379737,310,6,0
21087,2379737,311,7,0
21010,2379737,317,8,0
21017,2379737,318,9,0
21019,2379737,320,10,0
21013,2379737,322,11,0
21021,2379737,322,12,0
21015,2379737,324,13,0
20080,2379737,328,14,0
20110,2379737,339,15,0
20196,2379737,340,16,0
21212,2379737,342,17,1
21209,2379736,1110,1,0
20197,2379736,1111,2,0
20111,2379736,1113,3,0
21023,2379736,1123,4,0
21014,2379736,1124,5,0
21020,2379736,1126,6,0
21012,2379736,1127,7,0
21018,2379736,1129,8,0
21016,2379736,1130,9,0
21103,2379736,1131,10,0
21088,2379736,1139,11,0
21100,2379736,1139,12,0
21402,2379736,1139,13,0
20964,2379736,1142,14,0
21097,2379736,1145,15,0
21397,2379736,1145,16,0
21215,2379736,1146,17,1
21209,2379735,1050,1,0
20197,2379735,1051,2,0
20111,2379735,1053,3,0
21023,2379735,1063,4,0
21014,2379735,1064,5,0
21020,2379735,1066,6,0
21012,2379735,1067,7,0
21018,2379735,1069,8,0
21016,2379735,1070,9,0
21103,2379735,1071,10,0
21088,2379735,1079,11,0
21100,2379735,1079,12,0
21402,2379735,1079,13,0
20964,2379735,1082,14,0
21097,2379735,1085,15,0
21397,2379735,1085,16,0
21215,2379735,1086,17,1
21209,2379734,990,1,0
20197,2379734,991,2,0
20111,2379734,993,3,0
21023,2379734,1003,4,0
21014,2379734,1004,5,0
21020,2379734,1006,6,0
21012,2379734,1007,7,0
21018,2379734,1009,8,0
21016,2379734,1010,9,0
21103,2379734,1011,10,0
21088,2379734,1019,11,0
21100,2379734,1019,12,0
21402,2379734,1019,13,0
20964,2379734,1022,14,0
21097,2379734,1025,15,0
21397,2379734,1025,16,0
21215,2379734,1026,17,1
21209,2379733,930,1,0
20197,2379733,931,2,0
20111,2379733,933,3,0
21023,2379733,943,4,0
21014,2379733,944,5,0
21020,2379733,946,6,0
21012,2379733,947,7,0
21018,2379733,949,8,0
21016,2379733,950,9,0
21103,2379733,951,10,0
21088,2379733,959,11,0
21100,2379733,959,12,0
21402,2379733,959,13,0
20964,2379733,962,14,0
21097,2379733,965,15,0
21397,2379733,965,16,0
21215,2379733,966,17,1
21209,2379732,750,1,0
20197,2379732,751,2,0
20111,2379732,753,3,0
21023,2379732,763,4,0
21014,2379732,764,5,0
21020,2379732,766,6,0
21012,2379732,767,7,0
21018,2379732,769,8,0
21016,2379732,770,9,0
21103,2379732,771,10,0
21088,2379732,779,11,0
21100,2379732,779,12,0
21402,2379732,779,13,0
20964,2379732,782,14,0
21097,2379732,785,15,0
21397,2379732,785,16,0
21215,2379732,786,17,1
21209,2379731,450,1,0
20197,2379731,451,2,0
20111,2379731,453,3,0
21023,2379731,463,4,0
21014,2379731,464,5,0
21020,2379731,466,6,0
21012,2379731,467,7,0
21018,2379731,469,8,0
21016,2379731,470,9,0
21103,2379731,471,10,0
21088,2379731,479,11,0
21100,2379731,479,12,0
21402,2379731,479,13,0
20964,2379731,482,14,0
21097,2379731,485,15,0
21397,2379731,485,16,0
21215,2379731,486,17,1
21215,2379730,1152,1,0
21396,2379730,1152,2,0
21096,2379730,1152,3,0
20963,2379730,1155,4,0
21401,2379730,1157,5,0
20959,2379730,1158,6,0
21087,2379730,1159,7,0
21010,2379730,1165,8,0
21017,2379730,1166,9,0
21019,2379730,1168,10,0
21013,2379730,1170,11,0
21021,2379730,1170,12,0
21015,2379730,1172,13,0
20080,2379730,1176,14,0
20110,2379730,1187,15,0
20196,2379730,1188,16,0
21212,2379730,1190,17,1
21209,2379749,510,1,0
20197,2379749,511,2,0
20111,2379749,513,3,0
21023,2379749,523,4,0
21014,2379749,524,5,0
21020,2379749,526,6,0
21012,2379749,527,7,0
21018,2379749,529,8,0
21016,2379749,530,9,0
21103,2379749,531,10,0
21088,2379749,539,11,0
21100,2379749,539,12,0
21402,2379749,539,13,0
20964,2379749,542,14,0
21097,2379749,545,15,0
21397,2379749,545,16,0
21215,2379749,546,17,1
21209,2379748,420,1,0
20197,2379748,421,2,0
20111,2379748,423,3,0
21023,2379748,433,4,0
21014,2379748,434,5,0
21020,2379748,436,6,0
21012,2379748,437,7,0
21018,2379748,439,8,0
21016,2379748,440,9,0
21103,2379748,441,10,0
21088,2379748,449,11,0
21100,2379748,449,12,0
21402,2379748,449,13,0
20964,2379748,452,14,0
21097,2379748,455,15,0
21397,2379748,455,16,0
21215,2379748,456,17,1
21215,2379745,912,1,0
21396,2379745,912,2,0
21096,2379745,912,3,0
20963,2379745,915,4,0
21401,2379745,917,5,0
20959,2379745,918,6,0
21087,2379745,919,7,0
21010,2379745,925,8,0
21017,2379745,926,9,0
21019,2379745,928,10,0
21013,2379745,930,11,0
21021,2379745,930,12,0
21015,2379745,932,13,0
20080,2379745,936,14,0
20110,2379745,947,15,0
20196,2379745,948,16,0
21212,2379745,950,17,1
21215,2379744,852,1,0
21396,2379744,852,2,0
21096,2379744,852,3,0
20963,2379744,855,4,0
21401,2379744,857,5,0
20959,2379744,858,6,0
21087,2379744,859,7,0
21010,2379744,865,8,0
21017,2379744,866,9,0
21019,2379744,868,10,0
21013,2379744,870,11,0
21021,2379744,870,12,0
21015,2379744,872,13,0
20080,2379744,876,14,0
20110,2379744,887,15,0
20196,2379744,888,16,0
21212,2379744,890,17,1
21209,2379747,360,1,0
20197,2379747,361,2,0
20111,2379747,363,3,0
21023,2379747,373,4,0
21014,2379747,374,5,0
21020,2379747,376,6,0
21012,2379747,377,7,0
21018,2379747,379,8,0
21016,2379747,380,9,0
21103,2379747,381,10,0
21088,2379747,389,11,0
21100,2379747,389,12,0
21402,2379747,389,13,0
20964,2379747,392,14,0
21097,2379747,395,15,0
21397,2379747,395,16,0
21215,2379747,396,17,1
21215,2379746,1212,1,0
21396,2379746,1212,2,0
21096,2379746,1212,3,0
20963,2379746,1215,4,0
21401,2379746,1217,5,0
20959,2379746,1218,6,0
21087,2379746,1219,7,0
21010,2379746,1225,8,0
21017,2379746,1226,9,0
21019,2379746,1228,10,0
21013,2379746,1230,11,0
21021,2379746,1230,12,0
21015,2379746,1232,13,0
20080,2379746,1236,14,0
20110,2379746,1247,15,0
20196,2379746,1248,16,0
21212,2379746,1250,17,1
21215,2379741,612,1,0
21396,2379741,612,2,0
21096,2379741,612,3,0
20963,2379741,615,4,0
21401,2379741,617,5,0
20959,2379741,618,6,0
21087,2379741,619,7,0
21010,2379741,625,8,0
21017,2379741,626,9,0
21019,2379741,628,10,0
21013,2379741,630,11,0
21021,2379741,630,12,0
21015,2379741,632,13,0
20080,2379741,636,14,0
20110,2379741,647,15,0
20196,2379741,648,16,0
21212,2379741,650,17,1
21215,2379740,552,1,0
21396,2379740,552,2,0
21096,2379740,552,3,0
20963,2379740,555,4,0
21401,2379740,557,5,0
20959,2379740,558,6,0
21087,2379740,559,7,0
21010,2379740,565,8,0
21017,2379740,566,9,0
21019,2379740,568,10,0
21013,2379740,570,11,0
21021,2379740,570,12,0
21015,2379740,572,13,0
20080,2379740,576,14,0
20110,2379740,587,15,0
20196,2379740,588,16,0
21212,2379740,590,17,1
21215,2379743,732,1,0
21396,2379743,732,2,0
21096,2379743,732,3,0
20963,2379743,735,4,0
21401,2379743,737,5,0
20959,2379743,738,6,0
21087,2379743,739,7,0
21010,2379743,745,8,0
21017,2379743,746,9,0
21019,2379743,748,10,0
21013,2379743,750,11,0
21021,2379743,750,12,0
21015,2379743,752,13,0
20080,2379743,756,14,0
20110,2379743,767,15,0
20196,2379743,768,16,0
21212,2379743,770,17,1
21215,2379742,672,1,0
21396,2379742,672,2,0
21096,2379742,672,3,0
20963,2379742,675,4,0
21401,2379742,677,5,0
20959,2379742,678,6,0
21087,2379742,679,7,0
21010,2379742,685,8,0
21017,2379742,686,9,0
21019,2379742,688,10,0
21013,2379742,690,11,0
21021,2379742,690,12,0
21015,2379742,692,13,0
20080,2379742,696,14,0
20110,2379742,707,15,0
20196,2379742,708,16,0
21212,2379742,710,17,1
21209,2379710,420,1,0
20197,2379710,421,2,0
20111,2379710,423,3,0
21023,2379710,433,4,0
21014,2379710,434,5,0
21020,2379710,436,6,0
21012,2379710,437,7,0
21018,2379710,439,8,0
21016,2379710,440,9,0
21103,2379710,441,10,0
21088,2379710,449,11,0
21100,2379710,449,12,0
21402,2379710,449,13,0
20964,2379710,452,14,0
21097,2379710,455,15,0
21397,2379710,455,16,0
21215,2379710,456,17,1
21209,2379711,510,1,0
20197,2379711,511,2,0
20111,2379711,513,3,0
21023,2379711,523,4,0
21014,2379711,524,5,0
21020,2379711,526,6,0
21012,2379711,527,7,0
21018,2379711,529,8,0
21016,2379711,530,9,0
21103,2379711,531,10,0
21088,2379711,539,11,0
21100,2379711,539,12,0
21402,2379711,539,13,0
20964,2379711,542,14,0
21097,2379711,545,15,0
21397,2379711,545,16,0
21215,2379711,546,17,1
21209,2379712,570,1,0
20197,2379712,571,2,0
20111,2379712,573,3,0
21023,2379712,583,4,0
21014,2379712,584,5,0
21020,2379712,586,6,0
21012,2379712,587,7,0
21018,2379712,589,8,0
21016,2379712,590,9,0
21103,2379712,591,10,0
21088,2379712,599,11,0
21100,2379712,599,12,0
21402,2379712,599,13,0
20964,2379712,602,14,0
21097,2379712,605,15,0
21397,2379712,605,16,0
21215,2379712,606,17,1
21209,2379713,630,1,0
20197,2379713,631,2,0
20111,2379713,633,3,0
21023,2379713,643,4,0
21014,2379713,644,5,0
21020,2379713,646,6,0
21012,2379713,647,7,0
21018,2379713,649,8,0
21016,2379713,650,9,0
21103,2379713,651,10,0
21088,2379713,659,11,0
21100,2379713,659,12,0
21402,2379713,659,13,0
20964,2379713,662,14,0
21097,2379713,665,15,0
21397,2379713,665,16,0
21215,2379713,666,17,1
21209,2379714,690,1,0
20197,2379714,691,2,0
20111,2379714,693,3,0
21023,2379714,703,4,0
21014,2379714,704,5,0
21020,2379714,706,6,0
21012,2379714,707,7,0
21018,2379714,709,8,0
21016,2379714,710,9,0
21103,2379714,711,10,0
21088,2379714,719,11,0
21100,2379714,719,12,0
21402,2379714,719,13,0
20964,2379714,722,14,0
21097,2379714,725,15,0
21397,2379714,725,16,0
21215,2379714,726,17,1
21209,2379715,810,1,0
20197,2379715,811,2,0
20111,2379715,813,3,0
21023,2379715,823,4,0
21014,2379715,824,5,0
21020,2379715,826,6,0
21012,2379715,827,7,0
21018,2379715,829,8,0
21016,2379715,830,9,0
21103,2379715,831,10,0
21088,2379715,839,11,0
21100,2379715,839,12,0
21402,2379715,839,13,0
20964,2379715,842,14,0
21097,2379715,845,15,0
21397,2379715,845,16,0
21215,2379715,846,17,1
21209,2379716,870,1,0
20197,2379716,871,2,0
20111,2379716,873,3,0
21023,2379716,883,4,0
21014,2379716,884,5,0
21020,2379716,886,6,0
21012,2379716,887,7,0
21018,2379716,889,8,0
21016,2379716,890,9,0
21103,2379716,891,10,0
21088,2379716,899,11,0
21100,2379716,899,12,0
21402,2379716,899,13,0
20964,2379716,902,14,0
21097,2379716,905,15,0
21397,2379716,905,16,0
21215,2379716,906,17,1
21209,2379717,1020,1,0
20197,2379717,1021,2,0
20111,2379717,1023,3,0
21023,2379717,1033,4,0
21014,2379717,1034,5,0
21020,2379717,1036,6,0
21012,2379717,1037,7,0
21018,2379717,1039,8,0
21016,2379717,1040,9,0
21103,2379717,1041,10,0
21088,2379717,1049,11,0
21100,2379717,1049,12,0
21402,2379717,1049,13,0
20964,2379717,1052,14,0
21097,2379717,1055,15,0
21397,2379717,1055,16,0
21215,2379717,1056,17,1
21209,2379718,1080,1,0
20197,2379718,1081,2,0
20111,2379718,1083,3,0
21023,2379718,1093,4,0
21014,2379718,1094,5,0
21020,2379718,1096,6,0
21012,2379718,1097,7,0
21018,2379718,1099,8,0
21016,2379718,1100,9,0
21103,2379718,1101,10,0
21088,2379718,1109,11,0
21100,2379718,1109,12,0
21402,2379718,1109,13,0
20964,2379718,1112,14,0
21097,2379718,1115,15,0
21397,2379718,1115,16,0
21215,2379718,1116,17,1
21209,2379719,1155,1,0
20197,2379719,1156,2,0
20111,2379719,1158,3,0
21023,2379719,1168,4,0
21014,2379719,1169,5,0
21020,2379719,1171,6,0
21012,2379719,1172,7,0
21018,2379719,1174,8,0
21016,2379719,1175,9,0
21103,2379719,1176,10,0
21088,2379719,1184,11,0
21100,2379719,1184,12,0
21402,2379719,1184,13,0
20964,2379719,1187,14,0
21097,2379719,1190,15,0
21397,2379719,1190,16,0
21215,2379719,1191,17,1
21209,2379720,1215,1,0
20197,2379720,1216,2,0
20111,2379720,1218,3,0
21023,2379720,1228,4,0
21014,2379720,1229,5,0
21020,2379720,1231,6,0
21012,2379720,1232,7,0
21018,2379720,1234,8,0
21016,2379720,1235,9,0
21103,2379720,1236,10,0
21088,2379720,1244,11,0
21100,2379720,1244,12,0
21402,2379720,1244,13,0
20964,2379720,1247,14,0
21097,2379720,1250,15,0
21397,2379720,1250,16,0
21215,2379720,1251,17,1
21215,2379721,402,1,0
21396,2379721,402,2,0
21096,2379721,402,3,0
20963,2379721,405,4,0
21401,2379721,407,5,0
20959,2379721,408,6,0
21087,2379721,409,7,0
21010,2379721,415,8,0
21017,2379721,416,9,0
21019,2379721,418,10,0
21013,2379721,420,11,0
21021,2379721,420,12,0
21015,2379721,422,13,0
20080,2379721,426,14,0
20110,2379721,437,15,0
20196,2379721,438,16,0
21212,2379721,440,17,1
21215,2379724,492,1,0
21396,2379724,492,2,0
21096,2379724,492,3,0
20963,2379724,495,4,0
21401,2379724,497,5,0
20959,2379724,498,6,0
21087,2379724,499,7,0
21010,2379724,505,8,0
21017,2379724,506,9,0
21019,2379724,508,10,0
21013,2379724,510,11,0
21021,2379724,510,12,0
21015,2379724,512,13,0
20080,2379724,516,14,0
20110,2379724,527,15,0
20196,2379724,528,16,0
21212,2379724,530,17,1
21215,2379725,762,1,0
21396,2379725,762,2,0
21096,2379725,762,3,0
20963,2379725,765,4,0
21401,2379725,767,5,0
20959,2379725,768,6,0
21087,2379725,769,7,0
21010,2379725,775,8,0
21017,2379725,776,9,0
21019,2379725,778,10,0
21013,2379725,780,11,0
21021,2379725,780,12,0
21015,2379725,782,13,0
20080,2379725,786,14,0
20110,2379725,797,15,0
20196,2379725,798,16,0
21212,2379725,800,17,1
21215,2379722,432,1,0
21396,2379722,432,2,0
21096,2379722,432,3,0
20963,2379722,435,4,0
21401,2379722,437,5,0
20959,2379722,438,6,0
21087,2379722,439,7,0
21010,2379722,445,8,0
21017,2379722,446,9,0
21019,2379722,448,10,0
21013,2379722,450,11,0
21021,2379722,450,12,0
21015,2379722,452,13,0
20080,2379722,456,14,0
20110,2379722,467,15,0
20196,2379722,468,16,0
21212,2379722,470,17,1
21215,2379723,462,1,0
21396,2379723,462,2,0
21096,2379723,462,3,0
20963,2379723,465,4,0
21401,2379723,467,5,0
20959,2379723,468,6,0
21087,2379723,469,7,0
21010,2379723,475,8,0
21017,2379723,476,9,0
21019,2379723,478,10,0
21013,2379723,480,11,0
21021,2379723,480,12,0
21015,2379723,482,13,0
20080,2379723,486,14,0
20110,2379723,497,15,0
20196,2379723,498,16,0
21212,2379723,500,17,1
21215,2379728,1032,1,0
21396,2379728,1032,2,0
21096,2379728,1032,3,0
20963,2379728,1035,4,0
21401,2379728,1037,5,0
20959,2379728,1038,6,0
21087,2379728,1039,7,0
21010,2379728,1045,8,0
21017,2379728,1046,9,0
21019,2379728,1048,10,0
21013,2379728,1050,11,0
21021,2379728,1050,12,0
21015,2379728,1052,13,0
20080,2379728,1056,14,0
20110,2379728,1067,15,0
20196,2379728,1068,16,0
21212,2379728,1070,17,1
21215,2379729,1092,1,0
21396,2379729,1092,2,0
21096,2379729,1092,3,0
20963,2379729,1095,4,0
21401,2379729,1097,5,0
20959,2379729,1098,6,0
21087,2379729,1099,7,0
21010,2379729,1105,8,0
21017,2379729,1106,9,0
21019,2379729,1108,10,0
21013,2379729,1110,11,0
21021,2379729,1110,12,0
21015,2379729,1112,13,0
20080,2379729,1116,14,0
20110,2379729,1127,15,0
20196,2379729,1128,16,0
21212,2379729,1130,17,1
21215,2379726,792,1,0
21396,2379726,792,2,0
21096,2379726,792,3,0
20963,2379726,795,4,0
21401,2379726,797,5,0
20959,2379726,798,6,0
21087,2379726,799,7,0
21010,2379726,805,8,0
21017,2379726,806,9,0
21019,2379726,808,10,0
21013,2379726,810,11,0
21021,2379726,810,12,0
21015,2379726,812,13,0
20080,2379726,816,14,0
20110,2379726,827,15,0
20196,2379726,828,16,0
21212,2379726,830,17,1
21215,2379727,972,1,0
21396,2379727,972,2,0
21096,2379727,972,3,0
20963,2379727,975,4,0
21401,2379727,977,5,0
20959,2379727,978,6,0
21087,2379727,979,7,0
21010,2379727,985,8,0
21017,2379727,986,9,0
21019,2379727,988,10,0
21013,2379727,990,11,0
21021,2379727,990,12,0
21015,2379727,992,13,0
20080,2379727,996,14,0
20110,2379727,1007,15,0
20196,2379727,1008,16,0
21212,2379727,1010,17,1
21215,2379702,552,1,0
21396,2379702,552,2,0
21096,2379702,552,3,0
20963,2379702,555,4,0
21401,2379702,557,5,0
20959,2379702,558,6,0
21087,2379702,559,7,0
21010,2379702,565,8,0
21017,2379702,566,9,0
21019,2379702,568,10,0
21013,2379702,570,11,0
21021,2379702,570,12,0
21015,2379702,572,13,0
20080,2379702,576,14,0
20110,2379702,587,15,0
20196,2379702,588,16,0
21212,2379702,590,17,1
21215,2379703,612,1,0
21396,2379703,612,2,0
21096,2379703,612,3,0
20963,2379703,615,4,0
21401,2379703,617,5,0
20959,2379703,618,6,0
21087,2379703,619,7,0
21010,2379703,625,8,0
21017,2379703,626,9,0
21019,2379703,628,10,0
21013,2379703,630,11,0
21021,2379703,630,12,0
21015,2379703,632,13,0
20080,2379703,636,14,0
20110,2379703,647,15,0
20196,2379703,648,16,0
21212,2379703,650,17,1
21215,2379700,372,1,0
21396,2379700,372,2,0
21096,2379700,372,3,0
20963,2379700,375,4,0
21401,2379700,377,5,0
20959,2379700,378,6,0
21087,2379700,379,7,0
21010,2379700,385,8,0
21017,2379700,386,9,0
21019,2379700,388,10,0
21013,2379700,390,11,0
21021,2379700,390,12,0
21015,2379700,392,13,0
20080,2379700,396,14,0
20110,2379700,407,15,0
20196,2379700,408,16,0
21212,2379700,410,17,1
21215,2379701,522,1,0
21396,2379701,522,2,0
21096,2379701,522,3,0
20963,2379701,525,4,0
21401,2379701,527,5,0
20959,2379701,528,6,0
21087,2379701,529,7,0
21010,2379701,535,8,0
21017,2379701,536,9,0
21019,2379701,538,10,0
21013,2379701,540,11,0
21021,2379701,540,12,0
21015,2379701,542,13,0
20080,2379701,546,14,0
20110,2379701,557,15,0
20196,2379701,558,16,0
21212,2379701,560,17,1
21215,2379708,1212,1,0
21396,2379708,1212,2,0
21096,2379708,1212,3,0
20963,2379708,1215,4,0
21401,2379708,1217,5,0
20959,2379708,1218,6,0
21087,2379708,1219,7,0
21010,2379708,1225,8,0
21017,2379708,1226,9,0
21019,2379708,1228,10,0
21013,2379708,1230,11,0
21021,2379708,1230,12,0
21015,2379708,1232,13,0
20080,2379708,1236,14,0
20110,2379708,1247,15,0
20196,2379708,1248,16,0
21212,2379708,1250,17,1
21209,2379709,360,1,0
20197,2379709,361,2,0
20111,2379709,363,3,0
21023,2379709,373,4,0
21014,2379709,374,5,0
21020,2379709,376,6,0
21012,2379709,377,7,0
21018,2379709,379,8,0
21016,2379709,380,9,0
21103,2379709,381,10,0
21088,2379709,389,11,0
21100,2379709,389,12,0
21402,2379709,389,13,0
20964,2379709,392,14,0
21097,2379709,395,15,0
21397,2379709,395,16,0
21215,2379709,396,17,1
21215,2379706,852,1,0
21396,2379706,852,2,0
21096,2379706,852,3,0
20963,2379706,855,4,0
21401,2379706,857,5,0
20959,2379706,858,6,0
21087,2379706,859,7,0
21010,2379706,865,8,0
21017,2379706,866,9,0
21019,2379706,868,10,0
21013,2379706,870,11,0
21021,2379706,870,12,0
21015,2379706,872,13,0
20080,2379706,876,14,0
20110,2379706,887,15,0
20196,2379706,888,16,0
21212,2379706,890,17,1
21215,2379707,912,1,0
21396,2379707,912,2,0
21096,2379707,912,3,0
20963,2379707,915,4,0
21401,2379707,917,5,0
20959,2379707,918,6,0
21087,2379707,919,7,0
21010,2379707,925,8,0
21017,2379707,926,9,0
21019,2379707,928,10,0
21013,2379707,930,11,0
21021,2379707,930,12,0
21015,2379707,932,13,0
20080,2379707,936,14,0
20110,2379707,947,15,0
20196,2379707,948,16,0
21212,2379707,950,17,1
21215,2379704,672,1,0
21396,2379704,672,2,0
21096,2379704,672,3,0
20963,2379704,675,4,0
21401,2379704,677,5,0
20959,2379704,678,6,0
21087,2379704,679,7,0
21010,2379704,685,8,0
21017,2379704,686,9,0
21019,2379704,688,10,0
21013,2379704,690,11,0
21021,2379704,690,12,0
21015,2379704,692,13,0
20080,2379704,696,14,0
20110,2379704,707,15,0
20196,2379704,708,16,0
21212,2379704,710,17,1
21215,2379705,732,1,0
21396,2379705,732,2,0
21096,2379705,732,3,0
20963,2379705,735,4,0
21401,2379705,737,5,0
20959,2379705,738,6,0
21087,2379705,739,7,0
21010,2379705,745,8,0
21017,2379705,746,9,0
21019,2379705,748,10,0
21013,2379705,750,11,0
21021,2379705,750,12,0
21015,2379705,752,13,0
20080,2379705,756,14,0
20110,2379705,767,15,0
20196,2379705,768,16,0
21212,2379705,770,17,1
21209,2339134,1170,1,0
20197,2339134,1171,2,0
20111,2339134,1173,3,0
21023,2339134,1183,4,0
21014,2339134,1184,5,0
21020,2339134,1186,6,0
21012,2339134,1187,7,0
21018,2339134,1189,8,0
21016,2339134,1190,9,0
21103,2339134,1191,10,0
21088,2339134,1199,11,0
21100,2339134,1199,12,0
21402,2339134,1199,13,0
20964,2339134,1202,14,0
21097,2339134,1205,15,0
21397,2339134,1205,16,0
21215,2339134,1206,17,1
21209,439044,720,1,0
20197,439044,721,2,0
20111,439044,723,3,0
21023,439044,733,4,0
21014,439044,734,5,0
21020,439044,736,6,0
21012,439044,737,7,0
21018,439044,739,8,0
21016,439044,740,9,0
21103,439044,741,10,0
21088,439044,749,11,0
21100,439044,749,12,0
21402,439044,749,13,0
20964,439044,752,14,0
21097,439044,755,15,0
21397,439044,755,16,0
21215,439044,756,17,1
21209,439045,900,1,0
20197,439045,901,2,0
20111,439045,903,3,0
21023,439045,913,4,0
21014,439045,914,5,0
21020,439045,916,6,0
21012,439045,917,7,0
21018,439045,919,8,0
21016,439045,920,9,0
21103,439045,921,10,0
21088,439045,929,11,0
21100,439045,929,12,0
21402,439045,929,13,0
20964,439045,932,14,0
21097,439045,935,15,0
21397,439045,935,16,0
21215,439045,936,17,1
21215,439042,1032,1,0
21396,439042,1032,2,0
21096,439042,1032,3,0
20963,439042,1035,4,0
21401,439042,1037,5,0
20959,439042,1038,6,0
21087,439042,1039,7,0
21010,439042,1045,8,0
21017,439042,1046,9,0
21019,439042,1048,10,0
21013,439042,1050,11,0
21021,439042,1050,12,0
21015,439042,1053,13,0
20080,439042,1056,14,0
20110,439042,1067,15,0
20196,439042,1068,16,0
21212,439042,1070,17,1
21209,439043,540,1,0
20197,439043,541,2,0
20111,439043,543,3,0
21023,439043,553,4,0
21014,439043,554,5,0
21020,439043,556,6,0
21012,439043,557,7,0
21018,439043,559,8,0
21016,439043,560,9,0
21103,439043,561,10,0
21088,439043,569,11,0
21100,439043,569,12,0
21402,439043,569,13,0
20964,439043,572,14,0
21097,439043,575,15,0
21397,439043,575,16,0
21215,439043,576,17,1
21209,439040,990,1,0
20197,439040,991,2,0
20111,439040,993,3,0
21023,439040,1003,4,0
21014,439040,1004,5,0
21020,439040,1006,6,0
21012,439040,1007,7,0
21018,439040,1009,8,0
21016,439040,1010,9,0
21103,439040,1011,10,0
21088,439040,1019,11,0
21100,439040,1019,12,0
21402,439040,1019,13,0
20964,439040,1022,14,0
21097,439040,1025,15,0
21397,439040,1025,16,0
21215,439040,1026,17,1
21215,439041,852,1,0
21396,439041,852,2,0
21096,439041,852,3,0
20963,439041,855,4,0
21401,439041,857,5,0
20959,439041,858,6,0
21087,439041,859,7,0
21010,439041,865,8,0
21017,439041,866,9,0
21019,439041,868,10,0
21013,439041,870,11,0
21021,439041,870,12,0
21015,439041,873,13,0
20080,439041,876,14,0
20110,439041,887,15,0
20196,439041,888,16,0
21212,439041,890,17,1
21209,439046,1080,1,0
20197,439046,1081,2,0
20111,439046,1083,3,0
21023,439046,1093,4,0
21014,439046,1094,5,0
21020,439046,1096,6,0
21012,439046,1097,7,0
21018,439046,1099,8,0
21016,439046,1100,9,0
21103,439046,1101,10,0
21088,439046,1109,11,0
21100,439046,1109,12,0
21402,439046,1109,13,0
20964,439046,1112,14,0
21097,439046,1115,15,0
21397,439046,1115,16,0
21215,439046,1116,17,1
21215,439032,492,1,0
21396,439032,492,2,0
21096,439032,492,3,0
20963,439032,495,4,0
21401,439032,497,5,0
20959,439032,498,6,0
21087,439032,499,7,0
21010,439032,505,8,0
21017,439032,506,9,0
21019,439032,508,10,0
21013,439032,510,11,0
21021,439032,510,12,0
21015,439032,513,13,0
20080,439032,516,14,0
20110,439032,527,15,0
20196,439032,528,16,0
21212,439032,530,17,1
21215,439033,672,1,0
21396,439033,672,2,0
21096,439033,672,3,0
20963,439033,675,4,0
21401,439033,677,5,0
20959,439033,678,6,0
21087,439033,679,7,0
21010,439033,685,8,0
21017,439033,686,9,0
21019,439033,688,10,0
21013,439033,690,11,0
21021,439033,690,12,0
21015,439033,693,13,0
20080,439033,696,14,0
20110,439033,707,15,0
20196,439033,708,16,0
21212,439033,710,17,1
21215,439034,582,1,0
21396,439034,582,2,0
21096,439034,582,3,0
20963,439034,585,4,0
21401,439034,587,5,0
20959,439034,588,6,0
21087,439034,589,7,0
21010,439034,595,8,0
21017,439034,596,9,0
21019,439034,598,10,0
21013,439034,600,11,0
21021,439034,600,12,0
21015,439034,603,13,0
20080,439034,606,14,0
20110,439034,617,15,0
20196,439034,618,16,0
21212,439034,620,17,1
21215,439035,762,1,0
21396,439035,762,2,0
21096,439035,762,3,0
20963,439035,765,4,0
21401,439035,767,5,0
20959,439035,768,6,0
21087,439035,769,7,0
21010,439035,775,8,0
21017,439035,776,9,0
21019,439035,778,10,0
21013,439035,780,11,0
21021,439035,780,12,0
21015,439035,783,13,0
20080,439035,786,14,0
20110,439035,797,15,0
20196,439035,798,16,0
21212,439035,800,17,1
21215,439036,942,1,0
21396,439036,942,2,0
21096,439036,942,3,0
20963,439036,945,4,0
21401,439036,947,5,0
20959,439036,948,6,0
21087,439036,949,7,0
21010,439036,955,8,0
21017,439036,956,9,0
21019,439036,958,10,0
21013,439036,960,11,0
21021,439036,960,12,0
21015,439036,963,13,0
20080,439036,966,14,0
20110,439036,977,15,0
20196,439036,978,16,0
21212,439036,980,17,1
21215,439037,1122,1,0
21396,439037,1122,2,0
21096,439037,1122,3,0
20963,439037,1125,4,0
21401,439037,1127,5,0
20959,439037,1128,6,0
21087,439037,1129,7,0
21010,439037,1135,8,0
21017,439037,1136,9,0
21019,439037,1138,10,0
21013,439037,1140,11,0
21021,439037,1140,12,0
21015,439037,1143,13,0
20080,439037,1146,14,0
20110,439037,1157,15,0
20196,439037,1158,16,0
21212,439037,1160,17,1
21209,439038,630,1,0
20197,439038,631,2,0
20111,439038,633,3,0
21023,439038,643,4,0
21014,439038,644,5,0
21020,439038,646,6,0
21012,439038,647,7,0
21018,439038,649,8,0
21016,439038,650,9,0
21103,439038,651,10,0
21088,439038,659,11,0
21100,439038,659,12,0
21402,439038,659,13,0
20964,439038,662,14,0
21097,439038,665,15,0
21397,439038,665,16,0
21215,439038,666,17,1
21209,439039,810,1,0
20197,439039,811,2,0
20111,439039,813,3,0
21023,439039,823,4,0
21014,439039,824,5,0
21020,439039,826,6,0
21012,439039,827,7,0
21018,439039,829,8,0
21016,439039,830,9,0
21103,439039,831,10,0
21088,439039,839,11,0
21100,439039,839,12,0
21402,439039,839,13,0
20964,439039,842,14,0
21097,439039,845,15,0
21397,439039,845,16,0
21215,439039,846,17,1
21215,393633,432,1,0
21396,393633,432,2,0
21096,393633,432,3,0
20963,393633,435,4,0
21401,393633,437,5,0
20959,393633,438,6,0
21087,393633,439,7,0
21010,393633,445,8,0
21017,393633,446,9,0
21019,393633,448,10,0
21013,393633,450,11,0
21021,393633,450,12,0
21015,393633,452,13,0
20080,393633,456,14,0
20110,393633,467,15,0
20196,393633,468,16,0
21212,393633,470,17,1
21215,393632,402,1,0
21396,393632,402,2,0
21096,393632,402,3,0
20963,393632,405,4,0
21401,393632,407,5,0
20959,393632,408,6,0
21087,393632,409,7,0
21010,393632,415,8,0
21017,393632,416,9,0
21019,393632,418,10,0
21013,393632,420,11,0
21021,393632,420,12,0
21015,393632,422,13,0
20080,393632,426,14,0
20110,393632,437,15,0
20196,393632,438,16,0
21212,393632,440,17,1
21215,393635,492,1,0
21396,393635,492,2,0
21096,393635,492,3,0
20963,393635,495,4,0
21401,393635,497,5,0
20959,393635,498,6,0
21087,393635,499,7,0
21010,393635,505,8,0
21017,393635,506,9,0
21019,393635,508,10,0
21013,393635,510,11,0
21021,393635,510,12,0
21015,393635,512,13,0
20080,393635,516,14,0
20110,393635,527,15,0
20196,393635,528,16,0
21212,393635,530,17,1
21215,393634,462,1,0
21396,393634,462,2,0
21096,393634,462,3,0
20963,393634,465,4,0
21401,393634,467,5,0
20959,393634,468,6,0
21087,393634,469,7,0
21010,393634,475,8,0
21017,393634,476,9,0
21019,393634,478,10,0
21013,393634,480,11,0
21021,393634,480,12,0
21015,393634,482,13,0
20080,393634,486,14,0
20110,393634,497,15,0
20196,393634,498,16,0
21212,393634,500,17,1
21215,393637,792,1,0
21396,393637,792,2,0
21096,393637,792,3,0
20963,393637,795,4,0
21401,393637,797,5,0
20959,393637,798,6,0
21087,393637,799,7,0
21010,393637,805,8,0
21017,393637,806,9,0
21019,393637,808,10,0
21013,393637,810,11,0
21021,393637,810,12,0
21015,393637,812,13,0
20080,393637,816,14,0
20110,393637,827,15,0
20196,393637,828,16,0
21212,393637,830,17,1
21215,393636,762,1,0
21396,393636,762,2,0
21096,393636,762,3,0
20963,393636,765,4,0
21401,393636,767,5,0
20959,393636,768,6,0
21087,393636,769,7,0
21010,393636,775,8,0
21017,393636,776,9,0
21019,393636,778,10,0
21013,393636,780,11,0
21021,393636,780,12,0
21015,393636,782,13,0
20080,393636,786,14,0
20110,393636,797,15,0
20196,393636,798,16,0
21212,393636,800,17,1
21215,393639,1032,1,0
21396,393639,1032,2,0
21096,393639,1032,3,0
20963,393639,1035,4,0
21401,393639,1037,5,0
20959,393639,1038,6,0
21087,393639,1039,7,0
21010,393639,1045,8,0
21017,393639,1046,9,0
21019,393639,1048,10,0
21013,393639,1050,11,0
21021,393639,1050,12,0
21015,393639,1052,13,0
20080,393639,1056,14,0
20110,393639,1067,15,0
20196,393639,1068,16,0
21212,393639,1070,17,1
21215,393638,972,1,0
21396,393638,972,2,0
21096,393638,972,3,0
20963,393638,975,4,0
21401,393638,977,5,0
20959,393638,978,6,0
21087,393638,979,7,0
21010,393638,985,8,0
21017,393638,986,9,0
21019,393638,988,10,0
21013,393638,990,11,0
21021,393638,990,12,0
21015,393638,992,13,0
20080,393638,996,14,0
20110,393638,1007,15,0
20196,393638,1008,16,0
21212,393638,1010,17,1
21215,393650,522,1,0
21396,393650,522,2,0
21096,393650,522,3,0
20963,393650,525,4,0
21401,393650,527,5,0
20959,393650,528,6,0
21087,393650,529,7,0
21010,393650,535,8,0
21017,393650,536,9,0
21019,393650,538,10,0
21013,393650,540,11,0
21021,393650,540,12,0
21015,393650,542,13,0
20080,393650,546,14,0
20110,393650,557,15,0
20196,393650,558,16,0
21212,393650,560,17,1
21215,393651,552,1,0
21396,393651,552,2,0
21096,393651,552,3,0
20963,393651,555,4,0
21401,393651,557,5,0
20959,393651,558,6,0
21087,393651,559,7,0
21010,393651,565,8,0
21017,393651,566,9,0
21019,393651,568,10,0
21013,393651,570,11,0
21021,393651,570,12,0
21015,393651,572,13,0
20080,393651,576,14,0
20110,393651,587,15,0
20196,393651,588,16,0
21212,393651,590,17,1
21215,393652,612,1,0
21396,393652,612,2,0
21096,393652,612,3,0
20963,393652,615,4,0
21401,393652,617,5,0
20959,393652,618,6,0
21087,393652,619,7,0
21010,393652,625,8,0
21017,393652,626,9,0
21019,393652,628,10,0
21013,393652,630,11,0
21021,393652,630,12,0
21015,393652,632,13,0
20080,393652,636,14,0
20110,393652,647,15,0
20196,393652,648,16,0
21212,393652,650,17,1
21215,393653,672,1,0
21396,393653,672,2,0
21096,393653,672,3,0
20963,393653,675,4,0
21401,393653,677,5,0
20959,393653,678,6,0
21087,393653,679,7,0
21010,393653,685,8,0
21017,393653,686,9,0
21019,393653,688,10,0
21013,393653,690,11,0
21021,393653,690,12,0
21015,393653,692,13,0
20080,393653,696,14,0
20110,393653,707,15,0
20196,393653,708,16,0
21212,393653,710,17,1
21209,393658,360,1,0
20197,393658,361,2,0
20111,393658,363,3,0
21023,393658,373,4,0
21014,393658,374,5,0
21020,393658,376,6,0
21012,393658,377,7,0
21018,393658,379,8,0
21016,393658,380,9,0
21103,393658,381,10,0
21088,393658,389,11,0
21100,393658,389,12,0
21402,393658,389,13,0
20964,393658,392,14,0
21097,393658,395,15,0
21397,393658,395,16,0
21215,393658,396,17,1
21209,393659,420,1,0
20197,393659,421,2,0
20111,393659,423,3,0
21023,393659,433,4,0
21014,393659,434,5,0
21020,393659,436,6,0
21012,393659,437,7,0
21018,393659,439,8,0
21016,393659,440,9,0
21103,393659,441,10,0
21088,393659,449,11,0
21100,393659,449,12,0
21402,393659,449,13,0
20964,393659,452,14,0
21097,393659,455,15,0
21397,393659,455,16,0
21215,393659,456,17,1
21215,393654,732,1,0
21396,393654,732,2,0
21096,393654,732,3,0
20963,393654,735,4,0
21401,393654,737,5,0
20959,393654,738,6,0
21087,393654,739,7,0
21010,393654,745,8,0
21017,393654,746,9,0
21019,393654,748,10,0
21013,393654,750,11,0
21021,393654,750,12,0
21015,393654,752,13,0
20080,393654,756,14,0
20110,393654,767,15,0
20196,393654,768,16,0
21212,393654,770,17,1
21215,393655,852,1,0
21396,393655,852,2,0
21096,393655,852,3,0
20963,393655,855,4,0
21401,393655,857,5,0
20959,393655,858,6,0
21087,393655,859,7,0
21010,393655,865,8,0
21017,393655,866,9,0
21019,393655,868,10,0
21013,393655,870,11,0
21021,393655,870,12,0
21015,393655,872,13,0
20080,393655,876,14,0
20110,393655,887,15,0
20196,393655,888,16,0
21212,393655,890,17,1
21215,393656,912,1,0
21396,393656,912,2,0
21096,393656,912,3,0
20963,393656,915,4,0
21401,393656,917,5,0
20959,393656,918,6,0
21087,393656,919,7,0
21010,393656,925,8,0
21017,393656,926,9,0
21019,393656,928,10,0
21013,393656,930,11,0
21021,393656,930,12,0
21015,393656,932,13,0
20080,393656,936,14,0
20110,393656,947,15,0
20196,393656,948,16,0
21212,393656,950,17,1
21215,393657,1212,1,0
21396,393657,1212,2,0
21096,393657,1212,3,0
20963,393657,1215,4,0
21401,393657,1217,5,0
20959,393657,1218,6,0
21087,393657,1219,7,0
21010,393657,1225,8,0
21017,393657,1226,9,0
21019,393657,1228,10,0
21013,393657,1230,11,0
21021,393657,1230,12,0
21015,393657,1232,13,0
20080,393657,1236,14,0
20110,393657,1247,15,0
20196,393657,1248,16,0
21212,393657,1250,17,1
21215,393641,1152,1,0
21396,393641,1152,2,0
21096,393641,1152,3,0
20963,393641,1155,4,0
21401,393641,1157,5,0
20959,393641,1158,6,0
21087,393641,1159,7,0
21010,393641,1165,8,0
21017,393641,1166,9,0
21019,393641,1168,10,0
21013,393641,1170,11,0
21021,393641,1170,12,0
21015,393641,1172,13,0
20080,393641,1176,14,0
20110,393641,1187,15,0
20196,393641,1188,16,0
21212,393641,1190,17,1
21209,393642,450,1,0
20197,393642,451,2,0
20111,393642,453,3,0
21023,393642,463,4,0
21014,393642,464,5,0
21020,393642,466,6,0
21012,393642,467,7,0
21018,393642,469,8,0
21016,393642,470,9,0
21103,393642,471,10,0
21088,393642,479,11,0
21100,393642,479,12,0
21402,393642,479,13,0
20964,393642,482,14,0
21097,393642,485,15,0
21397,393642,485,16,0
21215,393642,486,17,1
21215,393640,1092,1,0
21396,393640,1092,2,0
21096,393640,1092,3,0
20963,393640,1095,4,0
21401,393640,1097,5,0
20959,393640,1098,6,0
21087,393640,1099,7,0
21010,393640,1105,8,0
21017,393640,1106,9,0
21019,393640,1108,10,0
21013,393640,1110,11,0
21021,393640,1110,12,0
21015,393640,1112,13,0
20080,393640,1116,14,0
20110,393640,1127,15,0
20196,393640,1128,16,0
21212,393640,1130,17,1
21215,393649,372,1,0
21396,393649,372,2,0
21096,393649,372,3,0
20963,393649,375,4,0
21401,393649,377,5,0
20959,393649,378,6,0
21087,393649,379,7,0
21010,393649,385,8,0
21017,393649,386,9,0
21019,393649,388,10,0
21013,393649,390,11,0
21021,393649,390,12,0
21015,393649,392,13,0
20080,393649,396,14,0
20110,393649,407,15,0
20196,393649,408,16,0
21212,393649,410,17,1
21209,393647,1110,1,0
20197,393647,1111,2,0
20111,393647,1113,3,0
21023,393647,1123,4,0
21014,393647,1124,5,0
21020,393647,1126,6,0
21012,393647,1127,7,0
21018,393647,1129,8,0
21016,393647,1130,9,0
21103,393647,1131,10,0
21088,393647,1139,11,0
21100,393647,1139,12,0
21402,393647,1139,13,0
20964,393647,1142,14,0
21097,393647,1145,15,0
21397,393647,1145,16,0
21215,393647,1146,17,1
21215,393648,304,1,0
21396,393648,304,2,0
21096,393648,304,3,0
20963,393648,307,4,0
21401,393648,309,5,0
20959,393648,310,6,0
21087,393648,311,7,0
21010,393648,317,8,0
21017,393648,318,9,0
21019,393648,320,10,0
21013,393648,322,11,0
21021,393648,322,12,0
21015,393648,324,13,0
20080,393648,328,14,0
20110,393648,339,15,0
20196,393648,340,16,0
21212,393648,342,17,1
21209,393645,990,1,0
20197,393645,991,2,0
20111,393645,993,3,0
21023,393645,1003,4,0
21014,393645,1004,5,0
21020,393645,1006,6,0
21012,393645,1007,7,0
21018,393645,1009,8,0
21016,393645,1010,9,0
21103,393645,1011,10,0
21088,393645,1019,11,0
21100,393645,1019,12,0
21402,393645,1019,13,0
20964,393645,1022,14,0
21097,393645,1025,15,0
21397,393645,1025,16,0
21215,393645,1026,17,1
21209,393646,1050,1,0
20197,393646,1051,2,0
20111,393646,1053,3,0
21023,393646,1063,4,0
21014,393646,1064,5,0
21020,393646,1066,6,0
21012,393646,1067,7,0
21018,393646,1069,8,0
21016,393646,1070,9,0
21103,393646,1071,10,0
21088,393646,1079,11,0
21100,393646,1079,12,0
21402,393646,1079,13,0
20964,393646,1082,14,0
21097,393646,1085,15,0
21397,393646,1085,16,0
21215,393646,1086,17,1
21209,393643,750,1,0
20197,393643,751,2,0
20111,393643,753,3,0
21023,393643,763,4,0
21014,393643,764,5,0
21020,393643,766,6,0
21012,393643,767,7,0
21018,393643,769,8,0
21016,393643,770,9,0
21103,393643,771,10,0
21088,393643,779,11,0
21100,393643,779,12,0
21402,393643,779,13,0
20964,393643,782,14,0
21097,393643,785,15,0
21397,393643,785,16,0
21215,393643,786,17,1
21209,393644,930,1,0
20197,393644,931,2,0
20111,393644,933,3,0
21023,393644,943,4,0
21014,393644,944,5,0
21020,393644,946,6,0
21012,393644,947,7,0
21018,393644,949,8,0
21016,393644,950,9,0
21103,393644,951,10,0
21088,393644,959,11,0
21100,393644,959,12,0
21402,393644,959,13,0
20964,393644,962,14,0
21097,393644,965,15,0
21397,393644,965,16,0
21215,393644,966,17,1
21215,393670,402,1,0
21396,393670,402,2,0
21096,393670,402,3,0
20963,393670,405,4,0
21401,393670,407,5,0
20959,393670,408,6,0
21087,393670,409,7,0
21010,393670,415,8,0
21017,393670,416,9,0
21019,393670,418,10,0
21013,393670,420,11,0
21021,393670,420,12,0
21015,393670,422,13,0
20080,393670,426,14,0
20110,393670,437,15,0
20196,393670,438,16,0
21212,393670,440,17,1
21215,393671,432,1,0
21396,393671,432,2,0
21096,393671,432,3,0
20963,393671,435,4,0
21401,393671,437,5,0
20959,393671,438,6,0
21087,393671,439,7,0
21010,393671,445,8,0
21017,393671,446,9,0
21019,393671,448,10,0
21013,393671,450,11,0
21021,393671,450,12,0
21015,393671,452,13,0
20080,393671,456,14,0
20110,393671,467,15,0
20196,393671,468,16,0
21212,393671,470,17,1
21215,393672,462,1,0
21396,393672,462,2,0
21096,393672,462,3,0
20963,393672,465,4,0
21401,393672,467,5,0
20959,393672,468,6,0
21087,393672,469,7,0
21010,393672,475,8,0
21017,393672,476,9,0
21019,393672,478,10,0
21013,393672,480,11,0
21021,393672,480,12,0
21015,393672,482,13,0
20080,393672,486,14,0
20110,393672,497,15,0
20196,393672,498,16,0
21212,393672,500,17,1
21215,393673,492,1,0
21396,393673,492,2,0
21096,393673,492,3,0
20963,393673,495,4,0
21401,393673,497,5,0
20959,393673,498,6,0
21087,393673,499,7,0
21010,393673,505,8,0
21017,393673,506,9,0
21019,393673,508,10,0
21013,393673,510,11,0
21021,393673,510,12,0
21015,393673,512,13,0
20080,393673,516,14,0
20110,393673,527,15,0
20196,393673,528,16,0
21212,393673,530,17,1
21215,393674,762,1,0
21396,393674,762,2,0
21096,393674,762,3,0
20963,393674,765,4,0
21401,393674,767,5,0
20959,393674,768,6,0
21087,393674,769,7,0
21010,393674,775,8,0
21017,393674,776,9,0
21019,393674,778,10,0
21013,393674,780,11,0
21021,393674,780,12,0
21015,393674,782,13,0
20080,393674,786,14,0
20110,393674,797,15,0
20196,393674,798,16,0
21212,393674,800,17,1
21215,393675,792,1,0
21396,393675,792,2,0
21096,393675,792,3,0
20963,393675,795,4,0
21401,393675,797,5,0
20959,393675,798,6,0
21087,393675,799,7,0
21010,393675,805,8,0
21017,393675,806,9,0
21019,393675,808,10,0
21013,393675,810,11,0
21021,393675,810,12,0
21015,393675,812,13,0
20080,393675,816,14,0
20110,393675,827,15,0
20196,393675,828,16,0
21212,393675,830,17,1
21215,393676,972,1,0
21396,393676,972,2,0
21096,393676,972,3,0
20963,393676,975,4,0
21401,393676,977,5,0
20959,393676,978,6,0
21087,393676,979,7,0
21010,393676,985,8,0
21017,393676,986,9,0
21019,393676,988,10,0
21013,393676,990,11,0
21021,393676,990,12,0
21015,393676,992,13,0
20080,393676,996,14,0
20110,393676,1007,15,0
20196,393676,1008,16,0
21212,393676,1010,17,1
21215,393677,1032,1,0
21396,393677,1032,2,0
21096,393677,1032,3,0
20963,393677,1035,4,0
21401,393677,1037,5,0
20959,393677,1038,6,0
21087,393677,1039,7,0
21010,393677,1045,8,0
21017,393677,1046,9,0
21019,393677,1048,10,0
21013,393677,1050,11,0
21021,393677,1050,12,0
21015,393677,1052,13,0
20080,393677,1056,14,0
20110,393677,1067,15,0
20196,393677,1068,16,0
21212,393677,1070,17,1
21215,393678,1092,1,0
21396,393678,1092,2,0
21096,393678,1092,3,0
20963,393678,1095,4,0
21401,393678,1097,5,0
20959,393678,1098,6,0
21087,393678,1099,7,0
21010,393678,1105,8,0
21017,393678,1106,9,0
21019,393678,1108,10,0
21013,393678,1110,11,0
21021,393678,1110,12,0
21015,393678,1112,13,0
20080,393678,1116,14,0
20110,393678,1127,15,0
20196,393678,1128,16,0
21212,393678,1130,17,1
21215,393679,1152,1,0
21396,393679,1152,2,0
21096,393679,1152,3,0
20963,393679,1155,4,0
21401,393679,1157,5,0
20959,393679,1158,6,0
21087,393679,1159,7,0
21010,393679,1165,8,0
21017,393679,1166,9,0
21019,393679,1168,10,0
21013,393679,1170,11,0
21021,393679,1170,12,0
21015,393679,1172,13,0
20080,393679,1176,14,0
20110,393679,1187,15,0
20196,393679,1188,16,0
21212,393679,1190,17,1
21209,393660,510,1,0
20197,393660,511,2,0
20111,393660,513,3,0
21023,393660,523,4,0
21014,393660,524,5,0
21020,393660,526,6,0
21012,393660,527,7,0
21018,393660,529,8,0
21016,393660,530,9,0
21103,393660,531,10,0
21088,393660,539,11,0
21100,393660,539,12,0
21402,393660,539,13,0
20964,393660,542,14,0
21097,393660,545,15,0
21397,393660,545,16,0
21215,393660,546,17,1
21209,393663,690,1,0
20197,393663,691,2,0
20111,393663,693,3,0
21023,393663,703,4,0
21014,393663,704,5,0
21020,393663,706,6,0
21012,393663,707,7,0
21018,393663,709,8,0
21016,393663,710,9,0
21103,393663,711,10,0
21088,393663,719,11,0
21100,393663,719,12,0
21402,393663,719,13,0
20964,393663,722,14,0
21097,393663,725,15,0
21397,393663,725,16,0
21215,393663,726,17,1
21209,393664,810,1,0
20197,393664,811,2,0
20111,393664,813,3,0
21023,393664,823,4,0
21014,393664,824,5,0
21020,393664,826,6,0
21012,393664,827,7,0
21018,393664,829,8,0
21016,393664,830,9,0
21103,393664,831,10,0
21088,393664,839,11,0
21100,393664,839,12,0
21402,393664,839,13,0
20964,393664,842,14,0
21097,393664,845,15,0
21397,393664,845,16,0
21215,393664,846,17,1
21209,393661,570,1,0
20197,393661,571,2,0
20111,393661,573,3,0
21023,393661,583,4,0
21014,393661,584,5,0
21020,393661,586,6,0
21012,393661,587,7,0
21018,393661,589,8,0
21016,393661,590,9,0
21103,393661,591,10,0
21088,393661,599,11,0
21100,393661,599,12,0
21402,393661,599,13,0
20964,393661,602,14,0
21097,393661,605,15,0
21397,393661,605,16,0
21215,393661,606,17,1
21209,393662,630,1,0
20197,393662,631,2,0
20111,393662,633,3,0
21023,393662,643,4,0
21014,393662,644,5,0
21020,393662,646,6,0
21012,393662,647,7,0
21018,393662,649,8,0
21016,393662,650,9,0
21103,393662,651,10,0
21088,393662,659,11,0
21100,393662,659,12,0
21402,393662,659,13,0
20964,393662,662,14,0
21097,393662,665,15,0
21397,393662,665,16,0
21215,393662,666,17,1
21209,393667,1080,1,0
20197,393667,1081,2,0
20111,393667,1083,3,0
21023,393667,1093,4,0
21014,393667,1094,5,0
21020,393667,1096,6,0
21012,393667,1097,7,0
21018,393667,1099,8,0
21016,393667,1100,9,0
21103,393667,1101,10,0
21088,393667,1109,11,0
21100,393667,1109,12,0
21402,393667,1109,13,0
20964,393667,1112,14,0
21097,393667,1115,15,0
21397,393667,1115,16,0
21215,393667,1116,17,1
21209,393668,1155,1,0
20197,393668,1156,2,0
20111,393668,1158,3,0
21023,393668,1168,4,0
21014,393668,1169,5,0
21020,393668,1171,6,0
21012,393668,1172,7,0
21018,393668,1174,8,0
21016,393668,1175,9,0
21103,393668,1176,10,0
21088,393668,1184,11,0
21100,393668,1184,12,0
21402,393668,1184,13,0
20964,393668,1187,14,0
21097,393668,1190,15,0
21397,393668,1190,16,0
21215,393668,1191,17,1
21209,393665,870,1,0
20197,393665,871,2,0
20111,393665,873,3,0
21023,393665,883,4,0
21014,393665,884,5,0
21020,393665,886,6,0
21012,393665,887,7,0
21018,393665,889,8,0
21016,393665,890,9,0
21103,393665,891,10,0
21088,393665,899,11,0
21100,393665,899,12,0
21402,393665,899,13,0
20964,393665,902,14,0
21097,393665,905,15,0
21397,393665,905,16,0
21215,393665,906,17,1
21209,393666,1020,1,0
20197,393666,1021,2,0
20111,393666,1023,3,0
21023,393666,1033,4,0
21014,393666,1034,5,0
21020,393666,1036,6,0
21012,393666,1037,7,0
21018,393666,1039,8,0
21016,393666,1040,9,0
21103,393666,1041,10,0
21088,393666,1049,11,0
21100,393666,1049,12,0
21402,393666,1049,13,0
20964,393666,1052,14,0
21097,393666,1055,15,0
21397,393666,1055,16,0
21215,393666,1056,17,1
21209,393669,1215,1,0
20197,393669,1216,2,0
20111,393669,1218,3,0
21023,393669,1228,4,0
21014,393669,1229,5,0
21020,393669,1231,6,0
21012,393669,1232,7,0
21018,393669,1234,8,0
21016,393669,1235,9,0
21103,393669,1236,10,0
21088,393669,1244,11,0
21100,393669,1244,12,0
21402,393669,1244,13,0
20964,393669,1247,14,0
21097,393669,1250,15,0
21397,393669,1250,16,0
21215,393669,1251,17,1
21209,393707,1215,1,0
20197,393707,1216,2,0
20111,393707,1218,3,0
21023,393707,1228,4,0
21014,393707,1229,5,0
21020,393707,1231,6,0
21012,393707,1232,7,0
21018,393707,1234,8,0
21016,393707,1235,9,0
21103,393707,1236,10,0
21088,393707,1244,11,0
21100,393707,1244,12,0
21402,393707,1244,13,0
20964,393707,1247,14,0
21097,393707,1250,15,0
21397,393707,1250,16,0
21215,393707,1251,17,1
21209,393706,1155,1,0
20197,393706,1156,2,0
20111,393706,1158,3,0
21023,393706,1168,4,0
21014,393706,1169,5,0
21020,393706,1171,6,0
21012,393706,1172,7,0
21018,393706,1174,8,0
21016,393706,1175,9,0
21103,393706,1176,10,0
21088,393706,1184,11,0
21100,393706,1184,12,0
21402,393706,1184,13,0
20964,393706,1187,14,0
21097,393706,1190,15,0
21397,393706,1190,16,0
21215,393706,1191,17,1
21209,393700,630,1,0
20197,393700,631,2,0
20111,393700,633,3,0
21023,393700,643,4,0
21014,393700,644,5,0
21020,393700,646,6,0
21012,393700,647,7,0
21018,393700,649,8,0
21016,393700,650,9,0
21103,393700,651,10,0
21088,393700,659,11,0
21100,393700,659,12,0
21402,393700,659,13,0
20964,393700,662,14,0
21097,393700,665,15,0
21397,393700,665,16,0
21215,393700,666,17,1
21209,393701,690,1,0
20197,393701,691,2,0
20111,393701,693,3,0
21023,393701,703,4,0
21014,393701,704,5,0
21020,393701,706,6,0
21012,393701,707,7,0
21018,393701,709,8,0
21016,393701,710,9,0
21103,393701,711,10,0
21088,393701,719,11,0
21100,393701,719,12,0
21402,393701,719,13,0
20964,393701,722,14,0
21097,393701,725,15,0
21397,393701,725,16,0
21215,393701,726,17,1
21209,393702,810,1,0
20197,393702,811,2,0
20111,393702,813,3,0
21023,393702,823,4,0
21014,393702,824,5,0
21020,393702,826,6,0
21012,393702,827,7,0
21018,393702,829,8,0
21016,393702,830,9,0
21103,393702,831,10,0
21088,393702,839,11,0
21100,393702,839,12,0
21402,393702,839,13,0
20964,393702,842,14,0
21097,393702,845,15,0
21397,393702,845,16,0
21215,393702,846,17,1
21209,393703,870,1,0
20197,393703,871,2,0
20111,393703,873,3,0
21023,393703,883,4,0
21014,393703,884,5,0
21020,393703,886,6,0
21012,393703,887,7,0
21018,393703,889,8,0
21016,393703,890,9,0
21103,393703,891,10,0
21088,393703,899,11,0
21100,393703,899,12,0
21402,393703,899,13,0
20964,393703,902,14,0
21097,393703,905,15,0
21397,393703,905,16,0
21215,393703,906,17,1
21209,393704,1020,1,0
20197,393704,1021,2,0
20111,393704,1023,3,0
21023,393704,1033,4,0
21014,393704,1034,5,0
21020,393704,1036,6,0
21012,393704,1037,7,0
21018,393704,1039,8,0
21016,393704,1040,9,0
21103,393704,1041,10,0
21088,393704,1049,11,0
21100,393704,1049,12,0
21402,393704,1049,13,0
20964,393704,1052,14,0
21097,393704,1055,15,0
21397,393704,1055,16,0
21215,393704,1056,17,1
21209,393705,1080,1,0
20197,393705,1081,2,0
20111,393705,1083,3,0
21023,393705,1093,4,0
21014,393705,1094,5,0
21020,393705,1096,6,0
21012,393705,1097,7,0
21018,393705,1099,8,0
21016,393705,1100,9,0
21103,393705,1101,10,0
21088,393705,1109,11,0
21100,393705,1109,12,0
21402,393705,1109,13,0
20964,393705,1112,14,0
21097,393705,1115,15,0
21397,393705,1115,16,0
21215,393705,1116,17,1
21209,393680,450,1,0
20197,393680,451,2,0
20111,393680,453,3,0
21023,393680,463,4,0
21014,393680,464,5,0
21020,393680,466,6,0
21012,393680,467,7,0
21018,393680,469,8,0
21016,393680,470,9,0
21103,393680,471,10,0
21088,393680,479,11,0
21100,393680,479,12,0
21402,393680,479,13,0
20964,393680,482,14,0
21097,393680,485,15,0
21397,393680,485,16,0
21215,393680,486,17,1
21209,393682,930,1,0
20197,393682,931,2,0
20111,393682,933,3,0
21023,393682,943,4,0
21014,393682,944,5,0
21020,393682,946,6,0
21012,393682,947,7,0
21018,393682,949,8,0
21016,393682,950,9,0
21103,393682,951,10,0
21088,393682,959,11,0
21100,393682,959,12,0
21402,393682,959,13,0
20964,393682,962,14,0
21097,393682,965,15,0
21397,393682,965,16,0
21215,393682,966,17,1
21209,393681,750,1,0
20197,393681,751,2,0
20111,393681,753,3,0
21023,393681,763,4,0
21014,393681,764,5,0
21020,393681,766,6,0
21012,393681,767,7,0
21018,393681,769,8,0
21016,393681,770,9,0
21103,393681,771,10,0
21088,393681,779,11,0
21100,393681,779,12,0
21402,393681,779,13,0
20964,393681,782,14,0
21097,393681,785,15,0
21397,393681,785,16,0
21215,393681,786,17,1
21209,393684,1050,1,0
20197,393684,1051,2,0
20111,393684,1053,3,0
21023,393684,1063,4,0
21014,393684,1064,5,0
21020,393684,1066,6,0
21012,393684,1067,7,0
21018,393684,1069,8,0
21016,393684,1070,9,0
21103,393684,1071,10,0
21088,393684,1079,11,0
21100,393684,1079,12,0
21402,393684,1079,13,0
20964,393684,1082,14,0
21097,393684,1085,15,0
21397,393684,1085,16,0
21215,393684,1086,17,1
21209,393683,990,1,0
20197,393683,991,2,0
20111,393683,993,3,0
21023,393683,1003,4,0
21014,393683,1004,5,0
21020,393683,1006,6,0
21012,393683,1007,7,0
21018,393683,1009,8,0
21016,393683,1010,9,0
21103,393683,1011,10,0
21088,393683,1019,11,0
21100,393683,1019,12,0
21402,393683,1019,13,0
20964,393683,1022,14,0
21097,393683,1025,15,0
21397,393683,1025,16,0
21215,393683,1026,17,1
21215,393686,304,1,0
21396,393686,304,2,0
21096,393686,304,3,0
20963,393686,307,4,0
21401,393686,309,5,0
20959,393686,310,6,0
21087,393686,311,7,0
21010,393686,317,8,0
21017,393686,318,9,0
21019,393686,320,10,0
21013,393686,322,11,0
21021,393686,322,12,0
21015,393686,324,13,0
20080,393686,328,14,0
20110,393686,339,15,0
20196,393686,340,16,0
21212,393686,342,17,1
21209,393685,1110,1,0
20197,393685,1111,2,0
20111,393685,1113,3,0
21023,393685,1123,4,0
21014,393685,1124,5,0
21020,393685,1126,6,0
21012,393685,1127,7,0
21018,393685,1129,8,0
21016,393685,1130,9,0
21103,393685,1131,10,0
21088,393685,1139,11,0
21100,393685,1139,12,0
21402,393685,1139,13,0
20964,393685,1142,14,0
21097,393685,1145,15,0
21397,393685,1145,16,0
21215,393685,1146,17,1
21215,393688,522,1,0
21396,393688,522,2,0
21096,393688,522,3,0
20963,393688,525,4,0
21401,393688,527,5,0
20959,393688,528,6,0
21087,393688,529,7,0
21010,393688,535,8,0
21017,393688,536,9,0
21019,393688,538,10,0
21013,393688,540,11,0
21021,393688,540,12,0
21015,393688,542,13,0
20080,393688,546,14,0
20110,393688,557,15,0
20196,393688,558,16,0
21212,393688,560,17,1
21215,393687,372,1,0
21396,393687,372,2,0
21096,393687,372,3,0
20963,393687,375,4,0
21401,393687,377,5,0
20959,393687,378,6,0
21087,393687,379,7,0
21010,393687,385,8,0
21017,393687,386,9,0
21019,393687,388,10,0
21013,393687,390,11,0
21021,393687,390,12,0
21015,393687,392,13,0
20080,393687,396,14,0
20110,393687,407,15,0
20196,393687,408,16,0
21212,393687,410,17,1
21215,393689,552,1,0
21396,393689,552,2,0
21096,393689,552,3,0
20963,393689,555,4,0
21401,393689,557,5,0
20959,393689,558,6,0
21087,393689,559,7,0
21010,393689,565,8,0
21017,393689,566,9,0
21019,393689,568,10,0
21013,393689,570,11,0
21021,393689,570,12,0
21015,393689,572,13,0
20080,393689,576,14,0
20110,393689,587,15,0
20196,393689,588,16,0
21212,393689,590,17,1
21215,393693,852,1,0
21396,393693,852,2,0
21096,393693,852,3,0
20963,393693,855,4,0
21401,393693,857,5,0
20959,393693,858,6,0
21087,393693,859,7,0
21010,393693,865,8,0
21017,393693,866,9,0
21019,393693,868,10,0
21013,393693,870,11,0
21021,393693,870,12,0
21015,393693,872,13,0
20080,393693,876,14,0
20110,393693,887,15,0
20196,393693,888,16,0
21212,393693,890,17,1
21215,393692,732,1,0
21396,393692,732,2,0
21096,393692,732,3,0
20963,393692,735,4,0
21401,393692,737,5,0
20959,393692,738,6,0
21087,393692,739,7,0
21010,393692,745,8,0
21017,393692,746,9,0
21019,393692,748,10,0
21013,393692,750,11,0
21021,393692,750,12,0
21015,393692,752,13,0
20080,393692,756,14,0
20110,393692,767,15,0
20196,393692,768,16,0
21212,393692,770,17,1
21215,393691,672,1,0
21396,393691,672,2,0
21096,393691,672,3,0
20963,393691,675,4,0
21401,393691,677,5,0
20959,393691,678,6,0
21087,393691,679,7,0
21010,393691,685,8,0
21017,393691,686,9,0
21019,393691,688,10,0
21013,393691,690,11,0
21021,393691,690,12,0
21015,393691,692,13,0
20080,393691,696,14,0
20110,393691,707,15,0
20196,393691,708,16,0
21212,393691,710,17,1
21215,393690,612,1,0
21396,393690,612,2,0
21096,393690,612,3,0
20963,393690,615,4,0
21401,393690,617,5,0
20959,393690,618,6,0
21087,393690,619,7,0
21010,393690,625,8,0
21017,393690,626,9,0
21019,393690,628,10,0
21013,393690,630,11,0
21021,393690,630,12,0
21015,393690,632,13,0
20080,393690,636,14,0
20110,393690,647,15,0
20196,393690,648,16,0
21212,393690,650,17,1
21209,393697,420,1,0
20197,393697,421,2,0
20111,393697,423,3,0
21023,393697,433,4,0
21014,393697,434,5,0
21020,393697,436,6,0
21012,393697,437,7,0
21018,393697,439,8,0
21016,393697,440,9,0
21103,393697,441,10,0
21088,393697,449,11,0
21100,393697,449,12,0
21402,393697,449,13,0
20964,393697,452,14,0
21097,393697,455,15,0
21397,393697,455,16,0
21215,393697,456,17,1
21209,393696,360,1,0
20197,393696,361,2,0
20111,393696,363,3,0
21023,393696,373,4,0
21014,393696,374,5,0
21020,393696,376,6,0
21012,393696,377,7,0
21018,393696,379,8,0
21016,393696,380,9,0
21103,393696,381,10,0
21088,393696,389,11,0
21100,393696,389,12,0
21402,393696,389,13,0
20964,393696,392,14,0
21097,393696,395,15,0
21397,393696,395,16,0
21215,393696,396,17,1
21215,393695,1212,1,0
21396,393695,1212,2,0
21096,393695,1212,3,0
20963,393695,1215,4,0
21401,393695,1217,5,0
20959,393695,1218,6,0
21087,393695,1219,7,0
21010,393695,1225,8,0
21017,393695,1226,9,0
21019,393695,1228,10,0
21013,393695,1230,11,0
21021,393695,1230,12,0
21015,393695,1232,13,0
20080,393695,1236,14,0
20110,393695,1247,15,0
20196,393695,1248,16,0
21212,393695,1250,17,1
21215,393694,912,1,0
21396,393694,912,2,0
21096,393694,912,3,0
20963,393694,915,4,0
21401,393694,917,5,0
20959,393694,918,6,0
21087,393694,919,7,0
21010,393694,925,8,0
21017,393694,926,9,0
21019,393694,928,10,0
21013,393694,930,11,0
21021,393694,930,12,0
21015,393694,932,13,0
20080,393694,936,14,0
20110,393694,947,15,0
20196,393694,948,16,0
21212,393694,950,17,1
21209,393699,570,1,0
20197,393699,571,2,0
20111,393699,573,3,0
21023,393699,583,4,0
21014,393699,584,5,0
21020,393699,586,6,0
21012,393699,587,7,0
21018,393699,589,8,0
21016,393699,590,9,0
21103,393699,591,10,0
21088,393699,599,11,0
21100,393699,599,12,0
21402,393699,599,13,0
20964,393699,602,14,0
21097,393699,605,15,0
21397,393699,605,16,0
21215,393699,606,17,1
21209,393698,510,1,0
20197,393698,511,2,0
20111,393698,513,3,0
21023,393698,523,4,0
21014,393698,524,5,0
21020,393698,526,6,0
21012,393698,527,7,0
21018,393698,529,8,0
21016,393698,530,9,0
21103,393698,531,10,0
21088,393698,539,11,0
21100,393698,539,12,0
21402,393698,539,13,0
20964,393698,542,14,0
21097,393698,545,15,0
21397,393698,545,16,0
21215,393698,546,17,1
21209,2380820,1170,1,0
20197,2380820,1171,2,0
20111,2380820,1173,3,0
21023,2380820,1183,4,0
21014,2380820,1184,5,0
21020,2380820,1186,6,0
21012,2380820,1187,7,0
21018,2380820,1189,8,0
21016,2380820,1190,9,0
21103,2380820,1191,10,0
21088,2380820,1199,11,0
21100,2380820,1199,12,0
21402,2380820,1199,13,0
20964,2380820,1202,14,0
21097,2380820,1205,15,0
21397,2380820,1205,16,0
21215,2380820,1206,17,1
21209,635242,1170,1,0
20197,635242,1171,2,0
20111,635242,1173,3,0
21023,635242,1183,4,0
21014,635242,1184,5,0
21020,635242,1186,6,0
21012,635242,1187,7,0
21018,635242,1189,8,0
21016,635242,1190,9,0
21103,635242,1191,10,0
21088,635242,1199,11,0
21100,635242,1199,12,0
21402,635242,1199,13,0
20964,635242,1202,14,0
21097,635242,1205,15,0
21397,635242,1205,16,0
21215,635242,1206,17,1
21215,635109,432,1,0
21396,635109,432,2,0
21096,635109,432,3,0
20963,635109,435,4,0
21401,635109,437,5,0
20959,635109,438,6,0
21087,635109,439,7,0
21010,635109,445,8,0
21017,635109,446,9,0
21019,635109,448,10,0
21013,635109,450,11,0
21021,635109,450,12,0
21015,635109,453,13,0
20080,635109,456,14,0
20110,635109,467,15,0
20196,635109,468,16,0
21212,635109,470,17,1
21215,635108,402,1,0
21396,635108,402,2,0
21096,635108,402,3,0
20963,635108,405,4,0
21401,635108,407,5,0
20959,635108,408,6,0
21087,635108,409,7,0
21010,635108,415,8,0
21017,635108,416,9,0
21019,635108,418,10,0
21013,635108,420,11,0
21021,635108,420,12,0
21015,635108,423,13,0
20080,635108,426,14,0
20110,635108,437,15,0
20196,635108,438,16,0
21212,635108,440,17,1
21215,635117,1152,1,0
21396,635117,1152,2,0
21096,635117,1152,3,0
20963,635117,1155,4,0
21401,635117,1157,5,0
20959,635117,1158,6,0
21087,635117,1159,7,0
21010,635117,1165,8,0
21017,635117,1166,9,0
21019,635117,1168,10,0
21013,635117,1170,11,0
21021,635117,1170,12,0
21015,635117,1173,13,0
20080,635117,1176,14,0
20110,635117,1187,15,0
20196,635117,1188,16,0
21212,635117,1190,17,1
21215,635116,1092,1,0
21396,635116,1092,2,0
21096,635116,1092,3,0
20963,635116,1095,4,0
21401,635116,1097,5,0
20959,635116,1098,6,0
21087,635116,1099,7,0
21010,635116,1105,8,0
21017,635116,1106,9,0
21019,635116,1108,10,0
21013,635116,1110,11,0
21021,635116,1110,12,0
21015,635116,1113,13,0
20080,635116,1116,14,0
20110,635116,1127,15,0
20196,635116,1128,16,0
21212,635116,1130,17,1
21215,635115,1032,1,0
21396,635115,1032,2,0
21096,635115,1032,3,0
20963,635115,1035,4,0
21401,635115,1037,5,0
20959,635115,1038,6,0
21087,635115,1039,7,0
21010,635115,1045,8,0
21017,635115,1046,9,0
21019,635115,1048,10,0
21013,635115,1050,11,0
21021,635115,1050,12,0
21015,635115,1053,13,0
20080,635115,1056,14,0
20110,635115,1067,15,0
20196,635115,1068,16,0
21212,635115,1070,17,1
21215,635114,972,1,0
21396,635114,972,2,0
21096,635114,972,3,0
20963,635114,975,4,0
21401,635114,977,5,0
20959,635114,978,6,0
21087,635114,979,7,0
21010,635114,985,8,0
21017,635114,986,9,0
21019,635114,988,10,0
21013,635114,990,11,0
21021,635114,990,12,0
21015,635114,993,13,0
20080,635114,996,14,0
20110,635114,1007,15,0
20196,635114,1008,16,0
21212,635114,1010,17,1
21215,635113,792,1,0
21396,635113,792,2,0
21096,635113,792,3,0
20963,635113,795,4,0
21401,635113,797,5,0
20959,635113,798,6,0
21087,635113,799,7,0
21010,635113,805,8,0
21017,635113,806,9,0
21019,635113,808,10,0
21013,635113,810,11,0
21021,635113,810,12,0
21015,635113,813,13,0
20080,635113,816,14,0
20110,635113,827,15,0
20196,635113,828,16,0
21212,635113,830,17,1
21215,635112,762,1,0
21396,635112,762,2,0
21096,635112,762,3,0
20963,635112,765,4,0
21401,635112,767,5,0
20959,635112,768,6,0
21087,635112,769,7,0
21010,635112,775,8,0
21017,635112,776,9,0
21019,635112,778,10,0
21013,635112,780,11,0
21021,635112,780,12,0
21015,635112,783,13,0
20080,635112,786,14,0
20110,635112,797,15,0
20196,635112,798,16,0
21212,635112,800,17,1
21215,635111,492,1,0
21396,635111,492,2,0
21096,635111,492,3,0
20963,635111,495,4,0
21401,635111,497,5,0
20959,635111,498,6,0
21087,635111,499,7,0
21010,635111,505,8,0
21017,635111,506,9,0
21019,635111,508,10,0
21013,635111,510,11,0
21021,635111,510,12,0
21015,635111,513,13,0
20080,635111,516,14,0
20110,635111,527,15,0
20196,635111,528,16,0
21212,635111,530,17,1
21215,635110,462,1,0
21396,635110,462,2,0
21096,635110,462,3,0
20963,635110,465,4,0
21401,635110,467,5,0
20959,635110,468,6,0
21087,635110,469,7,0
21010,635110,475,8,0
21017,635110,476,9,0
21019,635110,478,10,0
21013,635110,480,11,0
21021,635110,480,12,0
21015,635110,483,13,0
20080,635110,486,14,0
20110,635110,497,15,0
20196,635110,498,16,0
21212,635110,500,17,1
21209,635120,930,1,0
20197,635120,931,2,0
20111,635120,933,3,0
21023,635120,943,4,0
21014,635120,944,5,0
21020,635120,946,6,0
21012,635120,947,7,0
21018,635120,949,8,0
21016,635120,950,9,0
21103,635120,951,10,0
21088,635120,959,11,0
21100,635120,959,12,0
21402,635120,959,13,0
20964,635120,962,14,0
21097,635120,965,15,0
21397,635120,965,16,0
21215,635120,966,17,1
21215,635127,552,1,0
21396,635127,552,2,0
21096,635127,552,3,0
20963,635127,555,4,0
21401,635127,557,5,0
20959,635127,558,6,0
21087,635127,559,7,0
21010,635127,565,8,0
21017,635127,566,9,0
21019,635127,568,10,0
21013,635127,570,11,0
21021,635127,570,12,0
21015,635127,573,13,0
20080,635127,576,14,0
20110,635127,587,15,0
20196,635127,588,16,0
21212,635127,590,17,1
21215,635128,612,1,0
21396,635128,612,2,0
21096,635128,612,3,0
20963,635128,615,4,0
21401,635128,617,5,0
20959,635128,618,6,0
21087,635128,619,7,0
21010,635128,625,8,0
21017,635128,626,9,0
21019,635128,628,10,0
21013,635128,630,11,0
21021,635128,630,12,0
21015,635128,633,13,0
20080,635128,636,14,0
20110,635128,647,15,0
20196,635128,648,16,0
21212,635128,650,17,1
21215,635125,372,1,0
21396,635125,372,2,0
21096,635125,372,3,0
20963,635125,375,4,0
21401,635125,377,5,0
20959,635125,378,6,0
21087,635125,379,7,0
21010,635125,385,8,0
21017,635125,386,9,0
21019,635125,388,10,0
21013,635125,390,11,0
21021,635125,390,12,0
21015,635125,393,13,0
20080,635125,396,14,0
20110,635125,407,15,0
20196,635125,408,16,0
21212,635125,410,17,1
21215,635126,522,1,0
21396,635126,522,2,0
21096,635126,522,3,0
20963,635126,525,4,0
21401,635126,527,5,0
20959,635126,528,6,0
21087,635126,529,7,0
21010,635126,535,8,0
21017,635126,536,9,0
21019,635126,538,10,0
21013,635126,540,11,0
21021,635126,540,12,0
21015,635126,543,13,0
20080,635126,546,14,0
20110,635126,557,15,0
20196,635126,558,16,0
21212,635126,560,17,1
21209,635123,1110,1,0
20197,635123,1111,2,0
20111,635123,1113,3,0
21023,635123,1123,4,0
21014,635123,1124,5,0
21020,635123,1126,6,0
21012,635123,1127,7,0
21018,635123,1129,8,0
21016,635123,1130,9,0
21103,635123,1131,10,0
21088,635123,1139,11,0
21100,635123,1139,12,0
21402,635123,1139,13,0
20964,635123,1142,14,0
21097,635123,1145,15,0
21397,635123,1145,16,0
21215,635123,1146,17,1
21215,635124,304,1,0
21396,635124,304,2,0
21096,635124,304,3,0
20963,635124,307,4,0
21401,635124,309,5,0
20959,635124,310,6,0
21087,635124,311,7,0
21010,635124,317,8,0
21017,635124,318,9,0
21019,635124,320,10,0
21013,635124,322,11,0
21021,635124,322,12,0
21015,635124,325,13,0
20080,635124,328,14,0
20110,635124,339,15,0
20196,635124,340,16,0
21212,635124,342,17,1
21209,635121,990,1,0
20197,635121,991,2,0
20111,635121,993,3,0
21023,635121,1003,4,0
21014,635121,1004,5,0
21020,635121,1006,6,0
21012,635121,1007,7,0
21018,635121,1009,8,0
21016,635121,1010,9,0
21103,635121,1011,10,0
21088,635121,1019,11,0
21100,635121,1019,12,0
21402,635121,1019,13,0
20964,635121,1022,14,0
21097,635121,1025,15,0
21397,635121,1025,16,0
21215,635121,1026,17,1
21209,635122,1050,1,0
20197,635122,1051,2,0
20111,635122,1053,3,0
21023,635122,1063,4,0
21014,635122,1064,5,0
21020,635122,1066,6,0
21012,635122,1067,7,0
21018,635122,1069,8,0
21016,635122,1070,9,0
21103,635122,1071,10,0
21088,635122,1079,11,0
21100,635122,1079,12,0
21402,635122,1079,13,0
20964,635122,1082,14,0
21097,635122,1085,15,0
21397,635122,1085,16,0
21215,635122,1086,17,1
21209,635119,750,1,0
20197,635119,751,2,0
20111,635119,753,3,0
21023,635119,763,4,0
21014,635119,764,5,0
21020,635119,766,6,0
21012,635119,767,7,0
21018,635119,769,8,0
21016,635119,770,9,0
21103,635119,771,10,0
21088,635119,779,11,0
21100,635119,779,12,0
21402,635119,779,13,0
20964,635119,782,14,0
21097,635119,785,15,0
21397,635119,785,16,0
21215,635119,786,17,1
21209,635118,450,1,0
20197,635118,451,2,0
20111,635118,453,3,0
21023,635118,463,4,0
21014,635118,464,5,0
21020,635118,466,6,0
21012,635118,467,7,0
21018,635118,469,8,0
21016,635118,470,9,0
21103,635118,471,10,0
21088,635118,479,11,0
21100,635118,479,12,0
21402,635118,479,13,0
20964,635118,482,14,0
21097,635118,485,15,0
21397,635118,485,16,0
21215,635118,486,17,1
21215,635130,732,1,0
21396,635130,732,2,0
21096,635130,732,3,0
20963,635130,735,4,0
21401,635130,737,5,0
20959,635130,738,6,0
21087,635130,739,7,0
21010,635130,745,8,0
21017,635130,746,9,0
21019,635130,748,10,0
21013,635130,750,11,0
21021,635130,750,12,0
21015,635130,753,13,0
20080,635130,756,14,0
20110,635130,767,15,0
20196,635130,768,16,0
21212,635130,770,17,1
21215,635131,852,1,0
21396,635131,852,2,0
21096,635131,852,3,0
20963,635131,855,4,0
21401,635131,857,5,0
20959,635131,858,6,0
21087,635131,859,7,0
21010,635131,865,8,0
21017,635131,866,9,0
21019,635131,868,10,0
21013,635131,870,11,0
21021,635131,870,12,0
21015,635131,873,13,0
20080,635131,876,14,0
20110,635131,887,15,0
20196,635131,888,16,0
21212,635131,890,17,1
21209,635136,510,1,0
20197,635136,511,2,0
20111,635136,513,3,0
21023,635136,523,4,0
21014,635136,524,5,0
21020,635136,526,6,0
21012,635136,527,7,0
21018,635136,529,8,0
21016,635136,530,9,0
21103,635136,531,10,0
21088,635136,539,11,0
21100,635136,539,12,0
21402,635136,539,13,0
20964,635136,542,14,0
21097,635136,545,15,0
21397,635136,545,16,0
21215,635136,546,17,1
21209,635137,570,1,0
20197,635137,571,2,0
20111,635137,573,3,0
21023,635137,583,4,0
21014,635137,584,5,0
21020,635137,586,6,0
21012,635137,587,7,0
21018,635137,589,8,0
21016,635137,590,9,0
21103,635137,591,10,0
21088,635137,599,11,0
21100,635137,599,12,0
21402,635137,599,13,0
20964,635137,602,14,0
21097,635137,605,15,0
21397,635137,605,16,0
21215,635137,606,17,1
21209,635138,630,1,0
20197,635138,631,2,0
20111,635138,633,3,0
21023,635138,643,4,0
21014,635138,644,5,0
21020,635138,646,6,0
21012,635138,647,7,0
21018,635138,649,8,0
21016,635138,650,9,0
21103,635138,651,10,0
21088,635138,659,11,0
21100,635138,659,12,0
21402,635138,659,13,0
20964,635138,662,14,0
21097,635138,665,15,0
21397,635138,665,16,0
21215,635138,666,17,1
21209,635139,690,1,0
20197,635139,691,2,0
20111,635139,693,3,0
21023,635139,703,4,0
21014,635139,704,5,0
21020,635139,706,6,0
21012,635139,707,7,0
21018,635139,709,8,0
21016,635139,710,9,0
21103,635139,711,10,0
21088,635139,719,11,0
21100,635139,719,12,0
21402,635139,719,13,0
20964,635139,722,14,0
21097,635139,725,15,0
21397,635139,725,16,0
21215,635139,726,17,1
21215,635132,912,1,0
21396,635132,912,2,0
21096,635132,912,3,0
20963,635132,915,4,0
21401,635132,917,5,0
20959,635132,918,6,0
21087,635132,919,7,0
21010,635132,925,8,0
21017,635132,926,9,0
21019,635132,928,10,0
21013,635132,930,11,0
21021,635132,930,12,0
21015,635132,933,13,0
20080,635132,936,14,0
20110,635132,947,15,0
20196,635132,948,16,0
21212,635132,950,17,1
21215,635133,1212,1,0
21396,635133,1212,2,0
21096,635133,1212,3,0
20963,635133,1215,4,0
21401,635133,1217,5,0
20959,635133,1218,6,0
21087,635133,1219,7,0
21010,635133,1225,8,0
21017,635133,1226,9,0
21019,635133,1228,10,0
21013,635133,1230,11,0
21021,635133,1230,12,0
21015,635133,1233,13,0
20080,635133,1236,14,0
20110,635133,1247,15,0
20196,635133,1248,16,0
21212,635133,1250,17,1
21209,635134,360,1,0
20197,635134,361,2,0
20111,635134,363,3,0
21023,635134,373,4,0
21014,635134,374,5,0
21020,635134,376,6,0
21012,635134,377,7,0
21018,635134,379,8,0
21016,635134,380,9,0
21103,635134,381,10,0
21088,635134,389,11,0
21100,635134,389,12,0
21402,635134,389,13,0
20964,635134,392,14,0
21097,635134,395,15,0
21397,635134,395,16,0
21215,635134,396,17,1
21209,635135,420,1,0
20197,635135,421,2,0
20111,635135,423,3,0
21023,635135,433,4,0
21014,635135,434,5,0
21020,635135,436,6,0
21012,635135,437,7,0
21018,635135,439,8,0
21016,635135,440,9,0
21103,635135,441,10,0
21088,635135,449,11,0
21100,635135,449,12,0
21402,635135,449,13,0
20964,635135,452,14,0
21097,635135,455,15,0
21397,635135,455,16,0
21215,635135,456,17,1
21215,635129,672,1,0
21396,635129,672,2,0
21096,635129,672,3,0
20963,635129,675,4,0
21401,635129,677,5,0
20959,635129,678,6,0
21087,635129,679,7,0
21010,635129,685,8,0
21017,635129,686,9,0
21019,635129,688,10,0
21013,635129,690,11,0
21021,635129,690,12,0
21015,635129,693,13,0
20080,635129,696,14,0
20110,635129,707,15,0
20196,635129,708,16,0
21212,635129,710,17,1
21209,635141,870,1,0
20197,635141,871,2,0
20111,635141,873,3,0
21023,635141,883,4,0
21014,635141,884,5,0
21020,635141,886,6,0
21012,635141,887,7,0
21018,635141,889,8,0
21016,635141,890,9,0
21103,635141,891,10,0
21088,635141,899,11,0
21100,635141,899,12,0
21402,635141,899,13,0
20964,635141,902,14,0
21097,635141,905,15,0
21397,635141,905,16,0
21215,635141,906,17,1
21209,635142,1020,1,0
20197,635142,1021,2,0
20111,635142,1023,3,0
21023,635142,1033,4,0
21014,635142,1034,5,0
21020,635142,1036,6,0
21012,635142,1037,7,0
21018,635142,1039,8,0
21016,635142,1040,9,0
21103,635142,1041,10,0
21088,635142,1049,11,0
21100,635142,1049,12,0
21402,635142,1049,13,0
20964,635142,1052,14,0
21097,635142,1055,15,0
21397,635142,1055,16,0
21215,635142,1056,17,1
21209,635140,810,1,0
20197,635140,811,2,0
20111,635140,813,3,0
21023,635140,823,4,0
21014,635140,824,5,0
21020,635140,826,6,0
21012,635140,827,7,0
21018,635140,829,8,0
21016,635140,830,9,0
21103,635140,831,10,0
21088,635140,839,11,0
21100,635140,839,12,0
21402,635140,839,13,0
20964,635140,842,14,0
21097,635140,845,15,0
21397,635140,845,16,0
21215,635140,846,17,1
21209,635145,1215,1,0
20197,635145,1216,2,0
20111,635145,1218,3,0
21023,635145,1228,4,0
21014,635145,1229,5,0
21020,635145,1231,6,0
21012,635145,1232,7,0
21018,635145,1234,8,0
21016,635145,1235,9,0
21103,635145,1236,10,0
21088,635145,1244,11,0
21100,635145,1244,12,0
21402,635145,1244,13,0
20964,635145,1247,14,0
21097,635145,1250,15,0
21397,635145,1250,16,0
21215,635145,1251,17,1
21209,635143,1080,1,0
20197,635143,1081,2,0
20111,635143,1083,3,0
21023,635143,1093,4,0
21014,635143,1094,5,0
21020,635143,1096,6,0
21012,635143,1097,7,0
21018,635143,1099,8,0
21016,635143,1100,9,0
21103,635143,1101,10,0
21088,635143,1109,11,0
21100,635143,1109,12,0
21402,635143,1109,13,0
20964,635143,1112,14,0
21097,635143,1115,15,0
21397,635143,1115,16,0
21215,635143,1116,17,1
21209,635144,1155,1,0
20197,635144,1156,2,0
20111,635144,1158,3,0
21023,635144,1168,4,0
21014,635144,1169,5,0
21020,635144,1171,6,0
21012,635144,1172,7,0
21018,635144,1174,8,0
21016,635144,1175,9,0
21103,635144,1176,10,0
21088,635144,1184,11,0
21100,635144,1184,12,0
21402,635144,1184,13,0
20964,635144,1187,14,0
21097,635144,1190,15,0
21397,635144,1190,16,0
21215,635144,1191,17,1
21215,2385160,672,1,0
21396,2385160,672,2,0
21096,2385160,672,3,0
20963,2385160,675,4,0
21401,2385160,677,5,0
20959,2385160,678,6,0
21087,2385160,679,7,0
21010,2385160,685,8,0
21017,2385160,686,9,0
21019,2385160,688,10,0
21013,2385160,690,11,0
21021,2385160,690,12,0
21015,2385160,692,13,0
20080,2385160,696,14,0
20110,2385160,707,15,0
20196,2385160,708,16,0
21212,2385160,710,17,1
21215,2385162,762,1,0
21396,2385162,762,2,0
21096,2385162,762,3,0
20963,2385162,765,4,0
21401,2385162,767,5,0
20959,2385162,768,6,0
21087,2385162,769,7,0
21010,2385162,775,8,0
21017,2385162,776,9,0
21019,2385162,778,10,0
21013,2385162,780,11,0
21021,2385162,780,12,0
21015,2385162,782,13,0
20080,2385162,786,14,0
20110,2385162,797,15,0
20196,2385162,798,16,0
21212,2385162,800,17,1
21215,2385161,582,1,0
21396,2385161,582,2,0
21096,2385161,582,3,0
20963,2385161,585,4,0
21401,2385161,587,5,0
20959,2385161,588,6,0
21087,2385161,589,7,0
21010,2385161,595,8,0
21017,2385161,596,9,0
21019,2385161,598,10,0
21013,2385161,600,11,0
21021,2385161,600,12,0
21015,2385161,602,13,0
20080,2385161,606,14,0
20110,2385161,617,15,0
20196,2385161,618,16,0
21212,2385161,620,17,1
21209,2385167,990,1,0
20197,2385167,991,2,0
20111,2385167,993,3,0
21023,2385167,1003,4,0
21014,2385167,1004,5,0
21020,2385167,1006,6,0
21012,2385167,1007,7,0
21018,2385167,1009,8,0
21016,2385167,1010,9,0
21103,2385167,1011,10,0
21088,2385167,1019,11,0
21100,2385167,1019,12,0
21402,2385167,1019,13,0
20964,2385167,1022,14,0
21097,2385167,1025,15,0
21397,2385167,1025,16,0
21215,2385167,1026,17,1
21215,2385168,852,1,0
21396,2385168,852,2,0
21096,2385168,852,3,0
20963,2385168,855,4,0
21401,2385168,857,5,0
20959,2385168,858,6,0
21087,2385168,859,7,0
21010,2385168,865,8,0
21017,2385168,866,9,0
21019,2385168,868,10,0
21013,2385168,870,11,0
21021,2385168,870,12,0
21015,2385168,872,13,0
20080,2385168,876,14,0
20110,2385168,887,15,0
20196,2385168,888,16,0
21212,2385168,890,17,1
21215,2385169,1032,1,0
21396,2385169,1032,2,0
21096,2385169,1032,3,0
20963,2385169,1035,4,0
21401,2385169,1037,5,0
20959,2385169,1038,6,0
21087,2385169,1039,7,0
21010,2385169,1045,8,0
21017,2385169,1046,9,0
21019,2385169,1048,10,0
21013,2385169,1050,11,0
21021,2385169,1050,12,0
21015,2385169,1052,13,0
20080,2385169,1056,14,0
20110,2385169,1067,15,0
20196,2385169,1068,16,0
21212,2385169,1070,17,1
21215,2385163,942,1,0
21396,2385163,942,2,0
21096,2385163,942,3,0
20963,2385163,945,4,0
21401,2385163,947,5,0
20959,2385163,948,6,0
21087,2385163,949,7,0
21010,2385163,955,8,0
21017,2385163,956,9,0
21019,2385163,958,10,0
21013,2385163,960,11,0
21021,2385163,960,12,0
21015,2385163,962,13,0
20080,2385163,966,14,0
20110,2385163,977,15,0
20196,2385163,978,16,0
21212,2385163,980,17,1
21215,2385164,1122,1,0
21396,2385164,1122,2,0
21096,2385164,1122,3,0
20963,2385164,1125,4,0
21401,2385164,1127,5,0
20959,2385164,1128,6,0
21087,2385164,1129,7,0
21010,2385164,1135,8,0
21017,2385164,1136,9,0
21019,2385164,1138,10,0
21013,2385164,1140,11,0
21021,2385164,1140,12,0
21015,2385164,1142,13,0
20080,2385164,1146,14,0
20110,2385164,1157,15,0
20196,2385164,1158,16,0
21212,2385164,1160,17,1
21209,2385165,630,1,0
20197,2385165,631,2,0
20111,2385165,633,3,0
21023,2385165,643,4,0
21014,2385165,644,5,0
21020,2385165,646,6,0
21012,2385165,647,7,0
21018,2385165,649,8,0
21016,2385165,650,9,0
21103,2385165,651,10,0
21088,2385165,659,11,0
21100,2385165,659,12,0
21402,2385165,659,13,0
20964,2385165,662,14,0
21097,2385165,665,15,0
21397,2385165,665,16,0
21215,2385165,666,17,1
21209,2385166,810,1,0
20197,2385166,811,2,0
20111,2385166,813,3,0
21023,2385166,823,4,0
21014,2385166,824,5,0
21020,2385166,826,6,0
21012,2385166,827,7,0
21018,2385166,829,8,0
21016,2385166,830,9,0
21103,2385166,831,10,0
21088,2385166,839,11,0
21100,2385166,839,12,0
21402,2385166,839,13,0
20964,2385166,842,14,0
21097,2385166,845,15,0
21397,2385166,845,16,0
21215,2385166,846,17,1
21215,2385159,492,1,0
21396,2385159,492,2,0
21096,2385159,492,3,0
20963,2385159,495,4,0
21401,2385159,497,5,0
20959,2385159,498,6,0
21087,2385159,499,7,0
21010,2385159,505,8,0
21017,2385159,506,9,0
21019,2385159,508,10,0
21013,2385159,510,11,0
21021,2385159,510,12,0
21015,2385159,512,13,0
20080,2385159,516,14,0
20110,2385159,527,15,0
20196,2385159,528,16,0
21212,2385159,530,17,1
21209,2385175,540,1,0
20197,2385175,541,2,0
20111,2385175,543,3,0
21023,2385175,553,4,0
21014,2385175,554,5,0
21020,2385175,556,6,0
21012,2385175,557,7,0
21018,2385175,559,8,0
21016,2385175,560,9,0
21103,2385175,561,10,0
21088,2385175,569,11,0
21100,2385175,569,12,0
21402,2385175,569,13,0
20964,2385175,572,14,0
21097,2385175,575,15,0
21397,2385175,575,16,0
21215,2385175,576,17,1
21209,2385177,900,1,0
20197,2385177,901,2,0
20111,2385177,903,3,0
21023,2385177,913,4,0
21014,2385177,914,5,0
21020,2385177,916,6,0
21012,2385177,917,7,0
21018,2385177,919,8,0
21016,2385177,920,9,0
21103,2385177,921,10,0
21088,2385177,929,11,0
21100,2385177,929,12,0
21402,2385177,929,13,0
20964,2385177,932,14,0
21097,2385177,935,15,0
21397,2385177,935,16,0
21215,2385177,936,17,1
21209,2385176,720,1,0
20197,2385176,721,2,0
20111,2385176,723,3,0
21023,2385176,733,4,0
21014,2385176,734,5,0
21020,2385176,736,6,0
21012,2385176,737,7,0
21018,2385176,739,8,0
21016,2385176,740,9,0
21103,2385176,741,10,0
21088,2385176,749,11,0
21100,2385176,749,12,0
21402,2385176,749,13,0
20964,2385176,752,14,0
21097,2385176,755,15,0
21397,2385176,755,16,0
21215,2385176,756,17,1
21209,2385178,1080,1,0
20197,2385178,1081,2,0
20111,2385178,1083,3,0
21023,2385178,1093,4,0
21014,2385178,1094,5,0
21020,2385178,1096,6,0
21012,2385178,1097,7,0
21018,2385178,1099,8,0
21016,2385178,1100,9,0
21103,2385178,1101,10,0
21088,2385178,1109,11,0
21100,2385178,1109,12,0
21402,2385178,1109,13,0
20964,2385178,1112,14,0
21097,2385178,1115,15,0
21397,2385178,1115,16,0
21215,2385178,1116,17,1
21209,2343551,900,1,0
20197,2343551,901,2,0
20111,2343551,903,3,0
21023,2343551,913,4,0
21014,2343551,914,5,0
21020,2343551,916,6,0
21012,2343551,917,7,0
21018,2343551,919,8,0
21016,2343551,920,9,0
21103,2343551,921,10,0
21088,2343551,929,11,0
21100,2343551,929,12,0
21402,2343551,929,13,0
20964,2343551,932,14,0
21097,2343551,935,15,0
21397,2343551,935,16,0
21215,2343551,936,17,1
21209,2343550,720,1,0
20197,2343550,721,2,0
20111,2343550,723,3,0
21023,2343550,733,4,0
21014,2343550,734,5,0
21020,2343550,736,6,0
21012,2343550,737,7,0
21018,2343550,739,8,0
21016,2343550,740,9,0
21103,2343550,741,10,0
21088,2343550,749,11,0
21100,2343550,749,12,0
21402,2343550,749,13,0
20964,2343550,752,14,0
21097,2343550,755,15,0
21397,2343550,755,16,0
21215,2343550,756,17,1
21209,2343552,1080,1,0
20197,2343552,1081,2,0
20111,2343552,1083,3,0
21023,2343552,1093,4,0
21014,2343552,1094,5,0
21020,2343552,1096,6,0
21012,2343552,1097,7,0
21018,2343552,1099,8,0
21016,2343552,1100,9,0
21103,2343552,1101,10,0
21088,2343552,1109,11,0
21100,2343552,1109,12,0
21402,2343552,1109,13,0
20964,2343552,1112,14,0
21097,2343552,1115,15,0
21397,2343552,1115,16,0
21215,2343552,1116,17,1
21209,2343549,540,1,0
20197,2343549,541,2,0
20111,2343549,543,3,0
21023,2343549,553,4,0
21014,2343549,554,5,0
21020,2343549,556,6,0
21012,2343549,557,7,0
21018,2343549,559,8,0
21016,2343549,560,9,0
21103,2343549,561,10,0
21088,2343549,569,11,0
21100,2343549,569,12,0
21402,2343549,569,13,0
20964,2343549,572,14,0
21097,2343549,575,15,0
21397,2343549,575,16,0
21215,2343549,576,17,1
21209,2343540,810,1,0
20197,2343540,811,2,0
20111,2343540,813,3,0
21023,2343540,823,4,0
21014,2343540,824,5,0
21020,2343540,826,6,0
21012,2343540,827,7,0
21018,2343540,829,8,0
21016,2343540,830,9,0
21103,2343540,831,10,0
21088,2343540,839,11,0
21100,2343540,839,12,0
21402,2343540,839,13,0
20964,2343540,842,14,0
21097,2343540,845,15,0
21397,2343540,845,16,0
21215,2343540,846,17,1
21209,2343541,990,1,0
20197,2343541,991,2,0
20111,2343541,993,3,0
21023,2343541,1003,4,0
21014,2343541,1004,5,0
21020,2343541,1006,6,0
21012,2343541,1007,7,0
21018,2343541,1009,8,0
21016,2343541,1010,9,0
21103,2343541,1011,10,0
21088,2343541,1019,11,0
21100,2343541,1019,12,0
21402,2343541,1019,13,0
20964,2343541,1022,14,0
21097,2343541,1025,15,0
21397,2343541,1025,16,0
21215,2343541,1026,17,1
21215,2343542,852,1,0
21396,2343542,852,2,0
21096,2343542,852,3,0
20963,2343542,855,4,0
21401,2343542,857,5,0
20959,2343542,858,6,0
21087,2343542,859,7,0
21010,2343542,865,8,0
21017,2343542,866,9,0
21019,2343542,868,10,0
21013,2343542,870,11,0
21021,2343542,870,12,0
21015,2343542,872,13,0
20080,2343542,876,14,0
20110,2343542,887,15,0
20196,2343542,888,16,0
21212,2343542,890,17,1
21215,2343543,1032,1,0
21396,2343543,1032,2,0
21096,2343543,1032,3,0
20963,2343543,1035,4,0
21401,2343543,1037,5,0
20959,2343543,1038,6,0
21087,2343543,1039,7,0
21010,2343543,1045,8,0
21017,2343543,1046,9,0
21019,2343543,1048,10,0
21013,2343543,1050,11,0
21021,2343543,1050,12,0
21015,2343543,1052,13,0
20080,2343543,1056,14,0
20110,2343543,1067,15,0
20196,2343543,1068,16,0
21212,2343543,1070,17,1
21215,2343538,1122,1,0
21396,2343538,1122,2,0
21096,2343538,1122,3,0
20963,2343538,1125,4,0
21401,2343538,1127,5,0
20959,2343538,1128,6,0
21087,2343538,1129,7,0
21010,2343538,1135,8,0
21017,2343538,1136,9,0
21019,2343538,1138,10,0
21013,2343538,1140,11,0
21021,2343538,1140,12,0
21015,2343538,1142,13,0
20080,2343538,1146,14,0
20110,2343538,1157,15,0
20196,2343538,1158,16,0
21212,2343538,1160,17,1
21209,2343539,630,1,0
20197,2343539,631,2,0
20111,2343539,633,3,0
21023,2343539,643,4,0
21014,2343539,644,5,0
21020,2343539,646,6,0
21012,2343539,647,7,0
21018,2343539,649,8,0
21016,2343539,650,9,0
21103,2343539,651,10,0
21088,2343539,659,11,0
21100,2343539,659,12,0
21402,2343539,659,13,0
20964,2343539,662,14,0
21097,2343539,665,15,0
21397,2343539,665,16,0
21215,2343539,666,17,1
21215,2343536,762,1,0
21396,2343536,762,2,0
21096,2343536,762,3,0
20963,2343536,765,4,0
21401,2343536,767,5,0
20959,2343536,768,6,0
21087,2343536,769,7,0
21010,2343536,775,8,0
21017,2343536,776,9,0
21019,2343536,778,10,0
21013,2343536,780,11,0
21021,2343536,780,12,0
21015,2343536,782,13,0
20080,2343536,786,14,0
20110,2343536,797,15,0
20196,2343536,798,16,0
21212,2343536,800,17,1
21215,2343537,942,1,0
21396,2343537,942,2,0
21096,2343537,942,3,0
20963,2343537,945,4,0
21401,2343537,947,5,0
20959,2343537,948,6,0
21087,2343537,949,7,0
21010,2343537,955,8,0
21017,2343537,956,9,0
21019,2343537,958,10,0
21013,2343537,960,11,0
21021,2343537,960,12,0
21015,2343537,962,13,0
20080,2343537,966,14,0
20110,2343537,977,15,0
20196,2343537,978,16,0
21212,2343537,980,17,1
21215,2343534,672,1,0
21396,2343534,672,2,0
21096,2343534,672,3,0
20963,2343534,675,4,0
21401,2343534,677,5,0
20959,2343534,678,6,0
21087,2343534,679,7,0
21010,2343534,685,8,0
21017,2343534,686,9,0
21019,2343534,688,10,0
21013,2343534,690,11,0
21021,2343534,690,12,0
21015,2343534,692,13,0
20080,2343534,696,14,0
20110,2343534,707,15,0
20196,2343534,708,16,0
21212,2343534,710,17,1
21215,2343535,582,1,0
21396,2343535,582,2,0
21096,2343535,582,3,0
20963,2343535,585,4,0
21401,2343535,587,5,0
20959,2343535,588,6,0
21087,2343535,589,7,0
21010,2343535,595,8,0
21017,2343535,596,9,0
21019,2343535,598,10,0
21013,2343535,600,11,0
21021,2343535,600,12,0
21015,2343535,602,13,0
20080,2343535,606,14,0
20110,2343535,617,15,0
20196,2343535,618,16,0
21212,2343535,620,17,1
21215,2343533,492,1,0
21396,2343533,492,2,0
21096,2343533,492,3,0
20963,2343533,495,4,0
21401,2343533,497,5,0
20959,2343533,498,6,0
21087,2343533,499,7,0
21010,2343533,505,8,0
21017,2343533,506,9,0
21019,2343533,508,10,0
21013,2343533,510,11,0
21021,2343533,510,12,0
21015,2343533,512,13,0
20080,2343533,516,14,0
20110,2343533,527,15,0
20196,2343533,528,16,0
21212,2343533,530,17,1
