arret_id,trajet_id,heure_depart,stop_sequence,terminus
21207,2343673,995,1,0
20112,2343673,996,2,0
20114,2343673,997,3,0
20116,2343673,998,4,0
20118,2343673,1000,5,0
20120,2343673,1002,6,0
20122,2343673,1004,7,0
20124,2343673,1004,8,0
20126,2343673,1005,9,0
20128,2343673,1006,10,0
20159,2343673,1008,11,0
20157,2343673,1008,12,0
20155,2343673,1008,13,0
20968,2343673,1012,14,0
20970,2343673,1013,15,0
20974,2343673,1014,16,1
21207,2343674,1085,1,0
20112,2343674,1086,2,0
20114,2343674,1087,3,0
20116,2343674,1088,4,0
20118,2343674,1090,5,0
20120,2343674,1092,6,0
20122,2343674,1094,7,0
20124,2343674,1094,8,0
20126,2343674,1095,9,0
20128,2343674,1096,10,0
20159,2343674,1098,11,0
20157,2343674,1098,12,0
20155,2343674,1098,13,0
20968,2343674,1102,14,0
20970,2343674,1103,15,0
20974,2343674,1104,16,1
21207,2343671,815,1,0
20112,2343671,816,2,0
20114,2343671,817,3,0
20116,2343671,818,4,0
20118,2343671,820,5,0
20120,2343671,822,6,0
20122,2343671,824,7,0
20124,2343671,824,8,0
20126,2343671,825,9,0
20128,2343671,826,10,0
20159,2343671,828,11,0
20157,2343671,828,12,0
20155,2343671,828,13,0
20968,2343671,832,14,0
20970,2343671,833,15,0
20974,2343671,834,16,1
21207,2343672,905,1,0
20112,2343672,906,2,0
20114,2343672,907,3,0
20116,2343672,908,4,0
20118,2343672,910,5,0
20120,2343672,912,6,0
20122,2343672,914,7,0
20124,2343672,914,8,0
20126,2343672,915,9,0
20128,2343672,916,10,0
20159,2343672,918,11,0
20157,2343672,918,12,0
20155,2343672,918,13,0
20968,2343672,922,14,0
20970,2343672,923,15,0
20974,2343672,924,16,1
21207,2343675,1145,1,0
20112,2343675,1146,2,0
20114,2343675,1147,3,0
20116,2343675,1148,4,0
20118,2343675,1150,5,0
20120,2343675,1152,6,0
20122,2343675,1154,7,0
20124,2343675,1154,8,0
20126,2343675,1155,9,0
20128,2343675,1156,10,0
20159,2343675,1158,11,0
20157,2343675,1158,12,0
20155,2343675,1158,13,0
20968,2343675,1162,14,0
20970,2343675,1163,15,0
20974,2343675,1164,16,1
21207,2343670,725,1,0
20112,2343670,726,2,0
20114,2343670,727,3,0
20116,2343670,728,4,0
20118,2343670,730,5,0
20120,2343670,732,6,0
20122,2343670,734,7,0
20124,2343670,734,8,0
20126,2343670,735,9,0
20128,2343670,736,10,0
20159,2343670,738,11,0
20157,2343670,738,12,0
20155,2343670,738,13,0
20968,2343670,742,14,0
20970,2343670,743,15,0
20974,2343670,744,16,1
21207,2343669,635,1,0
20112,2343669,636,2,0
20114,2343669,637,3,0
20116,2343669,638,4,0
20118,2343669,640,5,0
20120,2343669,642,6,0
20122,2343669,644,7,0
20124,2343669,644,8,0
20126,2343669,645,9,0
20128,2343669,646,10,0
20159,2343669,648,11,0
20157,2343669,648,12,0
20155,2343669,648,13,0
20968,2343669,652,14,0
20970,2343669,653,15,0
20974,2343669,654,16,1
21207,2343668,545,1,0
20112,2343668,546,2,0
20114,2343668,547,3,0
20116,2343668,548,4,0
20118,2343668,550,5,0
20120,2343668,552,6,0
20122,2343668,554,7,0
20124,2343668,554,8,0
20126,2343668,555,9,0
20128,2343668,556,10,0
20159,2343668,558,11,0
20157,2343668,558,12,0
20155,2343668,558,13,0
20968,2343668,562,14,0
20970,2343668,563,15,0
20974,2343668,564,16,1
20974,2343667,1111,1,0
20973,2343667,1111,2,0
20971,2343667,1112,3,0
20969,2343667,1112,4,0
20156,2343667,1117,5,0
20158,2343667,1118,6,0
20160,2343667,1119,7,0
20129,2343667,1120,8,0
20127,2343667,1121,9,0
20125,2343667,1122,10,0
20123,2343667,1123,11,0
20121,2343667,1125,12,0
20119,2343667,1128,13,0
20117,2343667,1130,14,0
20115,2343667,1131,15,0
20113,2343667,1133,16,0
21206,2343667,1135,17,1
20974,2343666,1021,1,0
20973,2343666,1021,2,0
20971,2343666,1022,3,0
20969,2343666,1022,4,0
20156,2343666,1027,5,0
20158,2343666,1028,6,0
20160,2343666,1029,7,0
20129,2343666,1030,8,0
20127,2343666,1031,9,0
20125,2343666,1032,10,0
20123,2343666,1033,11,0
20121,2343666,1035,12,0
20119,2343666,1038,13,0
20117,2343666,1040,14,0
20115,2343666,1041,15,0
20113,2343666,1043,16,0
21206,2343666,1045,17,1
20974,2343665,931,1,0
20973,2343665,931,2,0
20971,2343665,932,3,0
20969,2343665,932,4,0
20156,2343665,937,5,0
20158,2343665,938,6,0
20160,2343665,939,7,0
20129,2343665,940,8,0
20127,2343665,941,9,0
20125,2343665,942,10,0
20123,2343665,943,11,0
20121,2343665,945,12,0
20119,2343665,948,13,0
20117,2343665,950,14,0
20115,2343665,951,15,0
20113,2343665,953,16,0
21206,2343665,955,17,1
20974,2343664,841,1,0
20973,2343664,841,2,0
20971,2343664,842,3,0
20969,2343664,842,4,0
20156,2343664,847,5,0
20158,2343664,848,6,0
20160,2343664,849,7,0
20129,2343664,850,8,0
20127,2343664,851,9,0
20125,2343664,852,10,0
20123,2343664,853,11,0
20121,2343664,855,12,0
20119,2343664,858,13,0
20117,2343664,860,14,0
20115,2343664,861,15,0
20113,2343664,863,16,0
21206,2343664,865,17,1
20974,2343663,751,1,0
20973,2343663,751,2,0
20971,2343663,752,3,0
20969,2343663,752,4,0
20156,2343663,757,5,0
20158,2343663,758,6,0
20160,2343663,759,7,0
20129,2343663,760,8,0
20127,2343663,761,9,0
20125,2343663,762,10,0
20123,2343663,763,11,0
20121,2343663,765,12,0
20119,2343663,768,13,0
20117,2343663,770,14,0
20115,2343663,771,15,0
20113,2343663,773,16,0
21206,2343663,775,17,1
20974,2343662,661,1,0
20973,2343662,661,2,0
20971,2343662,662,3,0
20969,2343662,662,4,0
20156,2343662,667,5,0
20158,2343662,668,6,0
20160,2343662,669,7,0
20129,2343662,670,8,0
20127,2343662,671,9,0
20125,2343662,672,10,0
20123,2343662,673,11,0
20121,2343662,675,12,0
20119,2343662,678,13,0
20117,2343662,680,14,0
20115,2343662,681,15,0
20113,2343662,683,16,0
21206,2343662,685,17,1
20974,2343661,572,1,0
20973,2343661,572,2,0
20971,2343661,573,3,0
20969,2343661,573,4,0
20156,2343661,578,5,0
20158,2343661,579,6,0
20160,2343661,580,7,0
20129,2343661,581,8,0
20127,2343661,582,9,0
20125,2343661,583,10,0
20123,2343661,584,11,0
20121,2343661,586,12,0
20119,2343661,588,13,0
20117,2343661,590,14,0
20115,2343661,591,15,0
20113,2343661,593,16,0
21206,2343661,595,17,1
20974,2343660,490,1,0
20973,2343660,490,2,0
20971,2343660,491,3,0
20969,2343660,491,4,0
20156,2343660,496,5,0
20158,2343660,497,6,0
20160,2343660,498,7,0
20129,2343660,499,8,0
20127,2343660,500,9,0
20125,2343660,502,10,0
20123,2343660,503,11,0
20121,2343660,505,12,0
20119,2343660,507,13,0
20117,2343660,509,14,0
20115,2343660,510,15,0
20113,2343660,511,16,0
21206,2343660,513,17,1
21207,394036,520,1,0
20112,394036,521,2,0
20114,394036,522,3,0
20116,394036,523,4,0
20118,394036,525,5,0
20120,394036,527,6,0
20122,394036,529,7,0
20124,394036,529,8,0
20126,394036,530,9,0
20128,394036,531,10,0
20159,394036,533,11,0
20157,394036,533,12,0
20155,394036,533,13,0
20968,394036,537,14,0
20970,394036,538,15,0
20974,394036,539,16,1
21207,394035,485,1,0
20112,394035,486,2,0
20114,394035,487,3,0
20116,394035,488,4,0
20118,394035,490,5,0
20120,394035,492,6,0
20122,394035,494,7,0
20124,394035,494,8,0
20126,394035,495,9,0
20128,394035,496,10,0
20159,394035,498,11,0
20157,394035,498,12,0
20155,394035,498,13,0
20968,394035,502,14,0
20970,394035,503,15,0
20974,394035,504,16,1
21207,394038,635,1,0
20112,394038,636,2,0
20114,394038,637,3,0
20116,394038,638,4,0
20118,394038,640,5,0
20120,394038,642,6,0
20122,394038,644,7,0
20124,394038,644,8,0
20126,394038,645,9,0
20128,394038,646,10,0
20159,394038,648,11,0
20157,394038,648,12,0
20155,394038,648,13,0
20968,394038,652,14,0
20970,394038,653,15,0
20974,394038,654,16,1
21207,394037,575,1,0
20112,394037,576,2,0
20114,394037,577,3,0
20116,394037,578,4,0
20118,394037,580,5,0
20120,394037,582,6,0
20122,394037,584,7,0
20124,394037,584,8,0
20126,394037,585,9,0
20128,394037,586,10,0
20159,394037,588,11,0
20157,394037,588,12,0
20155,394037,588,13,0
20968,394037,592,14,0
20970,394037,593,15,0
20974,394037,594,16,1
20974,394032,1021,1,0
20973,394032,1021,2,0
20971,394032,1022,3,0
20969,394032,1022,4,0
20156,394032,1027,5,0
20158,394032,1028,6,0
20160,394032,1029,7,0
20129,394032,1030,8,0
20127,394032,1031,9,0
20125,394032,1032,10,0
20123,394032,1033,11,0
20121,394032,1035,12,0
20119,394032,1038,13,0
20117,394032,1040,14,0
20115,394032,1041,15,0
20113,394032,1043,16,0
21206,394032,1045,17,1
20974,394031,961,1,0
20973,394031,961,2,0
20971,394031,962,3,0
20969,394031,962,4,0
20156,394031,967,5,0
20158,394031,968,6,0
20160,394031,969,7,0
20129,394031,970,8,0
20127,394031,971,9,0
20125,394031,972,10,0
20123,394031,973,11,0
20121,394031,975,12,0
20119,394031,978,13,0
20117,394031,980,14,0
20115,394031,981,15,0
20113,394031,983,16,0
21206,394031,985,17,1
20974,394034,1201,1,0
20973,394034,1201,2,0
20971,394034,1202,3,0
20969,394034,1202,4,0
20156,394034,1207,5,0
20158,394034,1208,6,0
20160,394034,1209,7,0
20129,394034,1210,8,0
20127,394034,1211,9,0
20125,394034,1212,10,0
20123,394034,1213,11,0
20121,394034,1215,12,0
20119,394034,1218,13,0
20117,394034,1220,14,0
20115,394034,1221,15,0
20113,394034,1223,16,0
21206,394034,1225,17,1
20974,394033,1141,1,0
20973,394033,1141,2,0
20971,394033,1142,3,0
20969,394033,1142,4,0
20156,394033,1147,5,0
20158,394033,1148,6,0
20160,394033,1149,7,0
20129,394033,1150,8,0
20127,394033,1151,9,0
20125,394033,1152,10,0
20123,394033,1153,11,0
20121,394033,1155,12,0
20119,394033,1158,13,0
20117,394033,1160,14,0
20115,394033,1161,15,0
20113,394033,1163,16,0
21206,394033,1165,17,1
21207,394039,695,1,0
20112,394039,696,2,0
20114,394039,697,3,0
20116,394039,698,4,0
20118,394039,700,5,0
20120,394039,702,6,0
20122,394039,704,7,0
20124,394039,704,8,0
20126,394039,705,9,0
20128,394039,706,10,0
20159,394039,708,11,0
20157,394039,708,12,0
20155,394039,708,13,0
20968,394039,712,14,0
20970,394039,713,15,0
20974,394039,714,16,1
21207,394040,755,1,0
20112,394040,756,2,0
20114,394040,757,3,0
20116,394040,758,4,0
20118,394040,760,5,0
20120,394040,762,6,0
20122,394040,764,7,0
20124,394040,764,8,0
20126,394040,765,9,0
20128,394040,766,10,0
20159,394040,768,11,0
20157,394040,768,12,0
20155,394040,768,13,0
20968,394040,772,14,0
20970,394040,773,15,0
20974,394040,774,16,1
21207,394041,815,1,0
20112,394041,816,2,0
20114,394041,817,3,0
20116,394041,818,4,0
20118,394041,820,5,0
20120,394041,822,6,0
20122,394041,824,7,0
20124,394041,824,8,0
20126,394041,825,9,0
20128,394041,826,10,0
20159,394041,828,11,0
20157,394041,828,12,0
20155,394041,828,13,0
20968,394041,832,14,0
20970,394041,833,15,0
20974,394041,834,16,1
20974,394049,1081,1,0
20973,394049,1081,2,0
20971,394049,1082,3,0
20969,394049,1082,4,0
20156,394049,1087,5,0
20158,394049,1088,6,0
20160,394049,1089,7,0
20129,394049,1090,8,0
20127,394049,1091,9,0
20125,394049,1092,10,0
20123,394049,1093,11,0
20121,394049,1095,12,0
20119,394049,1098,13,0
20117,394049,1100,14,0
20115,394049,1101,15,0
20113,394049,1103,16,0
21206,394049,1105,17,1
20974,394048,490,1,0
20973,394048,490,2,0
20971,394048,491,3,0
20969,394048,491,4,0
20156,394048,496,5,0
20158,394048,497,6,0
20160,394048,498,7,0
20129,394048,499,8,0
20127,394048,500,9,0
20125,394048,502,10,0
20123,394048,503,11,0
20121,394048,505,12,0
20119,394048,507,13,0
20117,394048,509,14,0
20115,394048,510,15,0
20113,394048,511,16,0
21206,394048,513,17,1
20974,394047,432,1,0
20973,394047,432,2,0
20971,394047,433,3,0
20969,394047,433,4,0
20156,394047,438,5,0
20158,394047,439,6,0
20160,394047,440,7,0
20129,394047,441,8,0
20127,394047,442,9,0
20125,394047,444,10,0
20123,394047,445,11,0
20121,394047,447,12,0
20119,394047,449,13,0
20117,394047,451,14,0
20115,394047,452,15,0
20113,394047,453,16,0
21206,394047,455,17,1
21207,394046,1210,1,0
20112,394046,1211,2,0
20114,394046,1212,3,0
20116,394046,1213,4,0
20118,394046,1215,5,0
20120,394046,1217,6,0
20122,394046,1219,7,0
20124,394046,1219,8,0
20126,394046,1220,9,0
20128,394046,1221,10,0
20159,394046,1223,11,0
20157,394046,1223,12,0
20155,394046,1223,13,0
20968,394046,1227,14,0
20970,394046,1228,15,0
20974,394046,1229,16,1
21207,394045,1175,1,0
20112,394045,1176,2,0
20114,394045,1177,3,0
20116,394045,1178,4,0
20118,394045,1180,5,0
20120,394045,1182,6,0
20122,394045,1184,7,0
20124,394045,1184,8,0
20126,394045,1185,9,0
20128,394045,1186,10,0
20159,394045,1188,11,0
20157,394045,1188,12,0
20155,394045,1188,13,0
20968,394045,1192,14,0
20970,394045,1193,15,0
20974,394045,1194,16,1
21207,394044,995,1,0
20112,394044,996,2,0
20114,394044,997,3,0
20116,394044,998,4,0
20118,394044,1000,5,0
20120,394044,1002,6,0
20122,394044,1004,7,0
20124,394044,1004,8,0
20126,394044,1005,9,0
20128,394044,1006,10,0
20159,394044,1008,11,0
20157,394044,1008,12,0
20155,394044,1008,13,0
20968,394044,1012,14,0
20970,394044,1013,15,0
20974,394044,1014,16,1
21207,394043,935,1,0
20112,394043,936,2,0
20114,394043,937,3,0
20116,394043,938,4,0
20118,394043,940,5,0
20120,394043,942,6,0
20122,394043,944,7,0
20124,394043,944,8,0
20126,394043,945,9,0
20128,394043,946,10,0
20159,394043,948,11,0
20157,394043,948,12,0
20155,394043,948,13,0
20968,394043,952,14,0
20970,394043,953,15,0
20974,394043,954,16,1
21207,394042,875,1,0
20112,394042,876,2,0
20114,394042,877,3,0
20116,394042,878,4,0
20118,394042,880,5,0
20120,394042,882,6,0
20122,394042,884,7,0
20124,394042,884,8,0
20126,394042,885,9,0
20128,394042,886,10,0
20159,394042,888,11,0
20157,394042,888,12,0
20155,394042,888,13,0
20968,394042,892,14,0
20970,394042,893,15,0
20974,394042,894,16,1
21207,394051,1055,1,0
20112,394051,1056,2,0
20114,394051,1057,3,0
20116,394051,1058,4,0
20118,394051,1060,5,0
20120,394051,1062,6,0
20122,394051,1064,7,0
20124,394051,1064,8,0
20126,394051,1065,9,0
20128,394051,1066,10,0
20159,394051,1068,11,0
20157,394051,1068,12,0
20155,394051,1068,13,0
20968,394051,1072,14,0
20970,394051,1073,15,0
20974,394051,1074,16,1
21207,394052,1115,1,0
20112,394052,1116,2,0
20114,394052,1117,3,0
20116,394052,1118,4,0
20118,394052,1120,5,0
20120,394052,1122,6,0
20122,394052,1124,7,0
20124,394052,1124,8,0
20126,394052,1125,9,0
20128,394052,1126,10,0
20159,394052,1128,11,0
20157,394052,1128,12,0
20155,394052,1128,13,0
20968,394052,1132,14,0
20970,394052,1133,15,0
20974,394052,1134,16,1
21207,394050,465,1,0
20112,394050,466,2,0
20114,394050,467,3,0
20116,394050,468,4,0
20118,394050,470,5,0
20120,394050,472,6,0
20122,394050,474,7,0
20124,394050,474,8,0
20126,394050,475,9,0
20128,394050,476,10,0
20159,394050,478,11,0
20157,394050,478,12,0
20155,394050,478,13,0
20968,394050,482,14,0
20970,394050,483,15,0
20974,394050,484,16,1
20974,394016,432,1,0
20973,394016,432,2,0
20971,394016,433,3,0
20969,394016,433,4,0
20156,394016,438,5,0
20158,394016,439,6,0
20160,394016,440,7,0
20129,394016,441,8,0
20127,394016,442,9,0
20125,394016,444,10,0
20123,394016,445,11,0
20121,394016,447,12,0
20119,394016,449,13,0
20117,394016,451,14,0
20115,394016,452,15,0
20113,394016,453,16,0
21206,394016,455,17,1
20974,394018,1081,1,0
20973,394018,1081,2,0
20971,394018,1082,3,0
20969,394018,1082,4,0
20156,394018,1087,5,0
20158,394018,1088,6,0
20160,394018,1089,7,0
20129,394018,1090,8,0
20127,394018,1091,9,0
20125,394018,1092,10,0
20123,394018,1093,11,0
20121,394018,1095,12,0
20119,394018,1098,13,0
20117,394018,1100,14,0
20115,394018,1101,15,0
20113,394018,1103,16,0
21206,394018,1105,17,1
20974,394017,490,1,0
20973,394017,490,2,0
20971,394017,491,3,0
20969,394017,491,4,0
20156,394017,496,5,0
20158,394017,497,6,0
20160,394017,498,7,0
20129,394017,499,8,0
20127,394017,500,9,0
20125,394017,502,10,0
20123,394017,503,11,0
20121,394017,505,12,0
20119,394017,507,13,0
20117,394017,509,14,0
20115,394017,510,15,0
20113,394017,511,16,0
21206,394017,513,17,1
21207,394019,465,1,0
20112,394019,466,2,0
20114,394019,467,3,0
20116,394019,468,4,0
20118,394019,470,5,0
20120,394019,472,6,0
20122,394019,474,7,0
20124,394019,474,8,0
20126,394019,475,9,0
20128,394019,476,10,0
20159,394019,478,11,0
20157,394019,478,12,0
20155,394019,478,13,0
20968,394019,482,14,0
20970,394019,483,15,0
20974,394019,484,16,1
20974,394023,512,1,0
20973,394023,512,2,0
20971,394023,513,3,0
20969,394023,513,4,0
20156,394023,518,5,0
20158,394023,519,6,0
20160,394023,520,7,0
20129,394023,521,8,0
20127,394023,522,9,0
20125,394023,523,10,0
20123,394023,524,11,0
20121,394023,526,12,0
20119,394023,528,13,0
20117,394023,530,14,0
20115,394023,531,15,0
20113,394023,533,16,0
21206,394023,535,17,1
20974,394022,358,1,0
20973,394022,358,2,0
20971,394022,359,3,0
20969,394022,359,4,0
20156,394022,364,5,0
20158,394022,365,6,0
20160,394022,366,7,0
20129,394022,367,8,0
20127,394022,368,9,0
20125,394022,369,10,0
20123,394022,370,11,0
20121,394022,372,12,0
20119,394022,375,13,0
20117,394022,377,14,0
20115,394022,378,15,0
20113,394022,380,16,0
21206,394022,382,17,1
21207,394021,1115,1,0
20112,394021,1116,2,0
20114,394021,1117,3,0
20116,394021,1118,4,0
20118,394021,1120,5,0
20120,394021,1122,6,0
20122,394021,1124,7,0
20124,394021,1124,8,0
20126,394021,1125,9,0
20128,394021,1126,10,0
20159,394021,1128,11,0
20157,394021,1128,12,0
20155,394021,1128,13,0
20968,394021,1132,14,0
20970,394021,1133,15,0
20974,394021,1134,16,1
21207,394020,1055,1,0
20112,394020,1056,2,0
20114,394020,1057,3,0
20116,394020,1058,4,0
20118,394020,1060,5,0
20120,394020,1062,6,0
20122,394020,1064,7,0
20124,394020,1064,8,0
20126,394020,1065,9,0
20128,394020,1066,10,0
20159,394020,1068,11,0
20157,394020,1068,12,0
20155,394020,1068,13,0
20968,394020,1072,14,0
20970,394020,1073,15,0
20974,394020,1074,16,1
20974,394027,721,1,0
20973,394027,721,2,0
20971,394027,722,3,0
20969,394027,722,4,0
20156,394027,727,5,0
20158,394027,728,6,0
20160,394027,729,7,0
20129,394027,730,8,0
20127,394027,731,9,0
20125,394027,732,10,0
20123,394027,733,11,0
20121,394027,735,12,0
20119,394027,738,13,0
20117,394027,740,14,0
20115,394027,741,15,0
20113,394027,743,16,0
21206,394027,745,17,1
20974,394026,661,1,0
20973,394026,661,2,0
20971,394026,662,3,0
20969,394026,662,4,0
20156,394026,667,5,0
20158,394026,668,6,0
20160,394026,669,7,0
20129,394026,670,8,0
20127,394026,671,9,0
20125,394026,672,10,0
20123,394026,673,11,0
20121,394026,675,12,0
20119,394026,678,13,0
20117,394026,680,14,0
20115,394026,681,15,0
20113,394026,683,16,0
21206,394026,685,17,1
20974,394025,601,1,0
20973,394025,601,2,0
20971,394025,602,3,0
20969,394025,602,4,0
20156,394025,607,5,0
20158,394025,608,6,0
20160,394025,609,7,0
20129,394025,610,8,0
20127,394025,611,9,0
20125,394025,612,10,0
20123,394025,613,11,0
20121,394025,615,12,0
20119,394025,618,13,0
20117,394025,620,14,0
20115,394025,621,15,0
20113,394025,623,16,0
21206,394025,625,17,1
20974,394024,542,1,0
20973,394024,542,2,0
20971,394024,543,3,0
20969,394024,543,4,0
20156,394024,548,5,0
20158,394024,549,6,0
20160,394024,550,7,0
20129,394024,551,8,0
20127,394024,552,9,0
20125,394024,553,10,0
20123,394024,554,11,0
20121,394024,556,12,0
20119,394024,558,13,0
20117,394024,560,14,0
20115,394024,561,15,0
20113,394024,563,16,0
21206,394024,565,17,1
20974,394029,841,1,0
20973,394029,841,2,0
20971,394029,842,3,0
20969,394029,842,4,0
20156,394029,847,5,0
20158,394029,848,6,0
20160,394029,849,7,0
20129,394029,850,8,0
20127,394029,851,9,0
20125,394029,852,10,0
20123,394029,853,11,0
20121,394029,855,12,0
20119,394029,858,13,0
20117,394029,860,14,0
20115,394029,861,15,0
20113,394029,863,16,0
21206,394029,865,17,1
20974,394028,781,1,0
20973,394028,781,2,0
20971,394028,782,3,0
20969,394028,782,4,0
20156,394028,787,5,0
20158,394028,788,6,0
20160,394028,789,7,0
20129,394028,790,8,0
20127,394028,791,9,0
20125,394028,792,10,0
20123,394028,793,11,0
20121,394028,795,12,0
20119,394028,798,13,0
20117,394028,800,14,0
20115,394028,801,15,0
20113,394028,803,16,0
21206,394028,805,17,1
20974,394030,901,1,0
20973,394030,901,2,0
20971,394030,902,3,0
20969,394030,902,4,0
20156,394030,907,5,0
20158,394030,908,6,0
20160,394030,909,7,0
20129,394030,910,8,0
20127,394030,911,9,0
20125,394030,912,10,0
20123,394030,913,11,0
20121,394030,915,12,0
20119,394030,918,13,0
20117,394030,920,14,0
20115,394030,921,15,0
20113,394030,923,16,0
21206,394030,925,17,1
21207,394075,995,1,0
20112,394075,996,2,0
20114,394075,997,3,0
20116,394075,998,4,0
20118,394075,1000,5,0
20120,394075,1002,6,0
20122,394075,1004,7,0
20124,394075,1004,8,0
20126,394075,1005,9,0
20128,394075,1006,10,0
20159,394075,1008,11,0
20157,394075,1008,12,0
20155,394075,1008,13,0
20968,394075,1012,14,0
20970,394075,1013,15,0
20974,394075,1014,16,1
21207,394076,1175,1,0
20112,394076,1176,2,0
20114,394076,1177,3,0
20116,394076,1178,4,0
20118,394076,1180,5,0
20120,394076,1182,6,0
20122,394076,1184,7,0
20124,394076,1184,8,0
20126,394076,1185,9,0
20128,394076,1186,10,0
20159,394076,1188,11,0
20157,394076,1188,12,0
20155,394076,1188,13,0
20968,394076,1192,14,0
20970,394076,1193,15,0
20974,394076,1194,16,1
21207,394077,1210,1,0
20112,394077,1211,2,0
20114,394077,1212,3,0
20116,394077,1213,4,0
20118,394077,1215,5,0
20120,394077,1217,6,0
20122,394077,1219,7,0
20124,394077,1219,8,0
20126,394077,1220,9,0
20128,394077,1221,10,0
20159,394077,1223,11,0
20157,394077,1223,12,0
20155,394077,1223,13,0
20968,394077,1227,14,0
20970,394077,1228,15,0
20974,394077,1229,16,1
20974,394053,358,1,0
20973,394053,358,2,0
20971,394053,359,3,0
20969,394053,359,4,0
20156,394053,364,5,0
20158,394053,365,6,0
20160,394053,366,7,0
20129,394053,367,8,0
20127,394053,368,9,0
20125,394053,369,10,0
20123,394053,370,11,0
20121,394053,372,12,0
20119,394053,375,13,0
20117,394053,377,14,0
20115,394053,378,15,0
20113,394053,380,16,0
21206,394053,382,17,1
20974,394054,512,1,0
20973,394054,512,2,0
20971,394054,513,3,0
20969,394054,513,4,0
20156,394054,518,5,0
20158,394054,519,6,0
20160,394054,520,7,0
20129,394054,521,8,0
20127,394054,522,9,0
20125,394054,523,10,0
20123,394054,524,11,0
20121,394054,526,12,0
20119,394054,528,13,0
20117,394054,530,14,0
20115,394054,531,15,0
20113,394054,533,16,0
21206,394054,535,17,1
20974,394055,542,1,0
20973,394055,542,2,0
20971,394055,543,3,0
20969,394055,543,4,0
20156,394055,548,5,0
20158,394055,549,6,0
20160,394055,550,7,0
20129,394055,551,8,0
20127,394055,552,9,0
20125,394055,553,10,0
20123,394055,554,11,0
20121,394055,556,12,0
20119,394055,558,13,0
20117,394055,560,14,0
20115,394055,561,15,0
20113,394055,563,16,0
21206,394055,565,17,1
20974,394056,601,1,0
20973,394056,601,2,0
20971,394056,602,3,0
20969,394056,602,4,0
20156,394056,607,5,0
20158,394056,608,6,0
20160,394056,609,7,0
20129,394056,610,8,0
20127,394056,611,9,0
20125,394056,612,10,0
20123,394056,613,11,0
20121,394056,615,12,0
20119,394056,618,13,0
20117,394056,620,14,0
20115,394056,621,15,0
20113,394056,623,16,0
21206,394056,625,17,1
20974,394057,661,1,0
20973,394057,661,2,0
20971,394057,662,3,0
20969,394057,662,4,0
20156,394057,667,5,0
20158,394057,668,6,0
20160,394057,669,7,0
20129,394057,670,8,0
20127,394057,671,9,0
20125,394057,672,10,0
20123,394057,673,11,0
20121,394057,675,12,0
20119,394057,678,13,0
20117,394057,680,14,0
20115,394057,681,15,0
20113,394057,683,16,0
21206,394057,685,17,1
20974,394058,721,1,0
20973,394058,721,2,0
20971,394058,722,3,0
20969,394058,722,4,0
20156,394058,727,5,0
20158,394058,728,6,0
20160,394058,729,7,0
20129,394058,730,8,0
20127,394058,731,9,0
20125,394058,732,10,0
20123,394058,733,11,0
20121,394058,735,12,0
20119,394058,738,13,0
20117,394058,740,14,0
20115,394058,741,15,0
20113,394058,743,16,0
21206,394058,745,17,1
20974,394059,781,1,0
20973,394059,781,2,0
20971,394059,782,3,0
20969,394059,782,4,0
20156,394059,787,5,0
20158,394059,788,6,0
20160,394059,789,7,0
20129,394059,790,8,0
20127,394059,791,9,0
20125,394059,792,10,0
20123,394059,793,11,0
20121,394059,795,12,0
20119,394059,798,13,0
20117,394059,800,14,0
20115,394059,801,15,0
20113,394059,803,16,0
21206,394059,805,17,1
20974,394061,901,1,0
20973,394061,901,2,0
20971,394061,902,3,0
20969,394061,902,4,0
20156,394061,907,5,0
20158,394061,908,6,0
20160,394061,909,7,0
20129,394061,910,8,0
20127,394061,911,9,0
20125,394061,912,10,0
20123,394061,913,11,0
20121,394061,915,12,0
20119,394061,918,13,0
20117,394061,920,14,0
20115,394061,921,15,0
20113,394061,923,16,0
21206,394061,925,17,1
20974,394060,841,1,0
20973,394060,841,2,0
20971,394060,842,3,0
20969,394060,842,4,0
20156,394060,847,5,0
20158,394060,848,6,0
20160,394060,849,7,0
20129,394060,850,8,0
20127,394060,851,9,0
20125,394060,852,10,0
20123,394060,853,11,0
20121,394060,855,12,0
20119,394060,858,13,0
20117,394060,860,14,0
20115,394060,861,15,0
20113,394060,863,16,0
21206,394060,865,17,1
20974,394063,1021,1,0
20973,394063,1021,2,0
20971,394063,1022,3,0
20969,394063,1022,4,0
20156,394063,1027,5,0
20158,394063,1028,6,0
20160,394063,1029,7,0
20129,394063,1030,8,0
20127,394063,1031,9,0
20125,394063,1032,10,0
20123,394063,1033,11,0
20121,394063,1035,12,0
20119,394063,1038,13,0
20117,394063,1040,14,0
20115,394063,1041,15,0
20113,394063,1043,16,0
21206,394063,1045,17,1
20974,394062,961,1,0
20973,394062,961,2,0
20971,394062,962,3,0
20969,394062,962,4,0
20156,394062,967,5,0
20158,394062,968,6,0
20160,394062,969,7,0
20129,394062,970,8,0
20127,394062,971,9,0
20125,394062,972,10,0
20123,394062,973,11,0
20121,394062,975,12,0
20119,394062,978,13,0
20117,394062,980,14,0
20115,394062,981,15,0
20113,394062,983,16,0
21206,394062,985,17,1
21207,394066,485,1,0
20112,394066,486,2,0
20114,394066,487,3,0
20116,394066,488,4,0
20118,394066,490,5,0
20120,394066,492,6,0
20122,394066,494,7,0
20124,394066,494,8,0
20126,394066,495,9,0
20128,394066,496,10,0
20159,394066,498,11,0
20157,394066,498,12,0
20155,394066,498,13,0
20968,394066,502,14,0
20970,394066,503,15,0
20974,394066,504,16,1
21207,394067,520,1,0
20112,394067,521,2,0
20114,394067,522,3,0
20116,394067,523,4,0
20118,394067,525,5,0
20120,394067,527,6,0
20122,394067,529,7,0
20124,394067,529,8,0
20126,394067,530,9,0
20128,394067,531,10,0
20159,394067,533,11,0
20157,394067,533,12,0
20155,394067,533,13,0
20968,394067,537,14,0
20970,394067,538,15,0
20974,394067,539,16,1
20974,394064,1141,1,0
20973,394064,1141,2,0
20971,394064,1142,3,0
20969,394064,1142,4,0
20156,394064,1147,5,0
20158,394064,1148,6,0
20160,394064,1149,7,0
20129,394064,1150,8,0
20127,394064,1151,9,0
20125,394064,1152,10,0
20123,394064,1153,11,0
20121,394064,1155,12,0
20119,394064,1158,13,0
20117,394064,1160,14,0
20115,394064,1161,15,0
20113,394064,1163,16,0
21206,394064,1165,17,1
20974,394065,1201,1,0
20973,394065,1201,2,0
20971,394065,1202,3,0
20969,394065,1202,4,0
20156,394065,1207,5,0
20158,394065,1208,6,0
20160,394065,1209,7,0
20129,394065,1210,8,0
20127,394065,1211,9,0
20125,394065,1212,10,0
20123,394065,1213,11,0
20121,394065,1215,12,0
20119,394065,1218,13,0
20117,394065,1220,14,0
20115,394065,1221,15,0
20113,394065,1223,16,0
21206,394065,1225,17,1
21207,394068,575,1,0
20112,394068,576,2,0
20114,394068,577,3,0
20116,394068,578,4,0
20118,394068,580,5,0
20120,394068,582,6,0
20122,394068,584,7,0
20124,394068,584,8,0
20126,394068,585,9,0
20128,394068,586,10,0
20159,394068,588,11,0
20157,394068,588,12,0
20155,394068,588,13,0
20968,394068,592,14,0
20970,394068,593,15,0
20974,394068,594,16,1
21207,394069,635,1,0
20112,394069,636,2,0
20114,394069,637,3,0
20116,394069,638,4,0
20118,394069,640,5,0
20120,394069,642,6,0
20122,394069,644,7,0
20124,394069,644,8,0
20126,394069,645,9,0
20128,394069,646,10,0
20159,394069,648,11,0
20157,394069,648,12,0
20155,394069,648,13,0
20968,394069,652,14,0
20970,394069,653,15,0
20974,394069,654,16,1
21207,394070,695,1,0
20112,394070,696,2,0
20114,394070,697,3,0
20116,394070,698,4,0
20118,394070,700,5,0
20120,394070,702,6,0
20122,394070,704,7,0
20124,394070,704,8,0
20126,394070,705,9,0
20128,394070,706,10,0
20159,394070,708,11,0
20157,394070,708,12,0
20155,394070,708,13,0
20968,394070,712,14,0
20970,394070,713,15,0
20974,394070,714,16,1
21207,394074,935,1,0
20112,394074,936,2,0
20114,394074,937,3,0
20116,394074,938,4,0
20118,394074,940,5,0
20120,394074,942,6,0
20122,394074,944,7,0
20124,394074,944,8,0
20126,394074,945,9,0
20128,394074,946,10,0
20159,394074,948,11,0
20157,394074,948,12,0
20155,394074,948,13,0
20968,394074,952,14,0
20970,394074,953,15,0
20974,394074,954,16,1
21207,394073,875,1,0
20112,394073,876,2,0
20114,394073,877,3,0
20116,394073,878,4,0
20118,394073,880,5,0
20120,394073,882,6,0
20122,394073,884,7,0
20124,394073,884,8,0
20126,394073,885,9,0
20128,394073,886,10,0
20159,394073,888,11,0
20157,394073,888,12,0
20155,394073,888,13,0
20968,394073,892,14,0
20970,394073,893,15,0
20974,394073,894,16,1
21207,394072,815,1,0
20112,394072,816,2,0
20114,394072,817,3,0
20116,394072,818,4,0
20118,394072,820,5,0
20120,394072,822,6,0
20122,394072,824,7,0
20124,394072,824,8,0
20126,394072,825,9,0
20128,394072,826,10,0
20159,394072,828,11,0
20157,394072,828,12,0
20155,394072,828,13,0
20968,394072,832,14,0
20970,394072,833,15,0
20974,394072,834,16,1
21207,394071,755,1,0
20112,394071,756,2,0
20114,394071,757,3,0
20116,394071,758,4,0
20118,394071,760,5,0
20120,394071,762,6,0
20122,394071,764,7,0
20124,394071,764,8,0
20126,394071,765,9,0
20128,394071,766,10,0
20159,394071,768,11,0
20157,394071,768,12,0
20155,394071,768,13,0
20968,394071,772,14,0
20970,394071,773,15,0
20974,394071,774,16,1
20974,440371,841,1,0
20973,440371,841,2,0
20971,440371,842,3,0
20969,440371,842,4,0
20156,440371,847,5,0
20158,440371,848,6,0
20160,440371,849,7,0
20129,440371,850,8,0
20127,440371,851,9,0
20125,440371,852,10,0
20123,440371,853,11,0
20121,440371,855,12,0
20119,440371,858,13,0
20117,440371,860,14,0
20115,440371,861,15,0
20113,440371,863,16,0
21206,440371,865,17,1
20974,440370,751,1,0
20973,440370,751,2,0
20971,440370,752,3,0
20969,440370,752,4,0
20156,440370,757,5,0
20158,440370,758,6,0
20160,440370,759,7,0
20129,440370,760,8,0
20127,440370,761,9,0
20125,440370,762,10,0
20123,440370,763,11,0
20121,440370,765,12,0
20119,440370,768,13,0
20117,440370,770,14,0
20115,440370,771,15,0
20113,440370,773,16,0
21206,440370,775,17,1
20974,440373,1021,1,0
20973,440373,1021,2,0
20971,440373,1022,3,0
20969,440373,1022,4,0
20156,440373,1027,5,0
20158,440373,1028,6,0
20160,440373,1029,7,0
20129,440373,1030,8,0
20127,440373,1031,9,0
20125,440373,1032,10,0
20123,440373,1033,11,0
20121,440373,1035,12,0
20119,440373,1038,13,0
20117,440373,1040,14,0
20115,440373,1041,15,0
20113,440373,1043,16,0
21206,440373,1045,17,1
20974,440372,931,1,0
20973,440372,931,2,0
20971,440372,932,3,0
20969,440372,932,4,0
20156,440372,937,5,0
20158,440372,938,6,0
20160,440372,939,7,0
20129,440372,940,8,0
20127,440372,941,9,0
20125,440372,942,10,0
20123,440372,943,11,0
20121,440372,945,12,0
20119,440372,948,13,0
20117,440372,950,14,0
20115,440372,951,15,0
20113,440372,953,16,0
21206,440372,955,17,1
20974,440367,490,1,0
20973,440367,490,2,0
20971,440367,491,3,0
20969,440367,491,4,0
20156,440367,496,5,0
20158,440367,497,6,0
20160,440367,498,7,0
20129,440367,499,8,0
20127,440367,500,9,0
20125,440367,502,10,0
20123,440367,503,11,0
20121,440367,505,12,0
20119,440367,507,13,0
20117,440367,509,14,0
20115,440367,510,15,0
20113,440367,511,16,0
21206,440367,513,17,1
20974,440368,572,1,0
20973,440368,572,2,0
20971,440368,573,3,0
20969,440368,573,4,0
20156,440368,578,5,0
20158,440368,579,6,0
20160,440368,580,7,0
20129,440368,581,8,0
20127,440368,582,9,0
20125,440368,583,10,0
20123,440368,584,11,0
20121,440368,586,12,0
20119,440368,588,13,0
20117,440368,590,14,0
20115,440368,591,15,0
20113,440368,593,16,0
21206,440368,595,17,1
20974,440369,661,1,0
20973,440369,661,2,0
20971,440369,662,3,0
20969,440369,662,4,0
20156,440369,667,5,0
20158,440369,668,6,0
20160,440369,669,7,0
20129,440369,670,8,0
20127,440369,671,9,0
20125,440369,672,10,0
20123,440369,673,11,0
20121,440369,675,12,0
20119,440369,678,13,0
20117,440369,680,14,0
20115,440369,681,15,0
20113,440369,683,16,0
21206,440369,685,17,1
21207,440380,995,1,0
20112,440380,996,2,0
20114,440380,997,3,0
20116,440380,998,4,0
20118,440380,1000,5,0
20120,440380,1002,6,0
20122,440380,1004,7,0
20124,440380,1004,8,0
20126,440380,1005,9,0
20128,440380,1006,10,0
20159,440380,1008,11,0
20157,440380,1008,12,0
20155,440380,1008,13,0
20968,440380,1012,14,0
20970,440380,1013,15,0
20974,440380,1014,16,1
21207,440382,1145,1,0
20112,440382,1146,2,0
20114,440382,1147,3,0
20116,440382,1148,4,0
20118,440382,1150,5,0
20120,440382,1152,6,0
20122,440382,1154,7,0
20124,440382,1154,8,0
20126,440382,1155,9,0
20128,440382,1156,10,0
20159,440382,1158,11,0
20157,440382,1158,12,0
20155,440382,1158,13,0
20968,440382,1162,14,0
20970,440382,1163,15,0
20974,440382,1164,16,1
21207,440381,1085,1,0
20112,440381,1086,2,0
20114,440381,1087,3,0
20116,440381,1088,4,0
20118,440381,1090,5,0
20120,440381,1092,6,0
20122,440381,1094,7,0
20124,440381,1094,8,0
20126,440381,1095,9,0
20128,440381,1096,10,0
20159,440381,1098,11,0
20157,440381,1098,12,0
20155,440381,1098,13,0
20968,440381,1102,14,0
20970,440381,1103,15,0
20974,440381,1104,16,1
21207,440376,635,1,0
20112,440376,636,2,0
20114,440376,637,3,0
20116,440376,638,4,0
20118,440376,640,5,0
20120,440376,642,6,0
20122,440376,644,7,0
20124,440376,644,8,0
20126,440376,645,9,0
20128,440376,646,10,0
20159,440376,648,11,0
20157,440376,648,12,0
20155,440376,648,13,0
20968,440376,652,14,0
20970,440376,653,15,0
20974,440376,654,16,1
21207,440377,725,1,0
20112,440377,726,2,0
20114,440377,727,3,0
20116,440377,728,4,0
20118,440377,730,5,0
20120,440377,732,6,0
20122,440377,734,7,0
20124,440377,734,8,0
20126,440377,735,9,0
20128,440377,736,10,0
20159,440377,738,11,0
20157,440377,738,12,0
20155,440377,738,13,0
20968,440377,742,14,0
20970,440377,743,15,0
20974,440377,744,16,1
20974,440374,1111,1,0
20973,440374,1111,2,0
20971,440374,1112,3,0
20969,440374,1112,4,0
20156,440374,1117,5,0
20158,440374,1118,6,0
20160,440374,1119,7,0
20129,440374,1120,8,0
20127,440374,1121,9,0
20125,440374,1122,10,0
20123,440374,1123,11,0
20121,440374,1125,12,0
20119,440374,1128,13,0
20117,440374,1130,14,0
20115,440374,1131,15,0
20113,440374,1133,16,0
21206,440374,1135,17,1
21207,440375,545,1,0
20112,440375,546,2,0
20114,440375,547,3,0
20116,440375,548,4,0
20118,440375,550,5,0
20120,440375,552,6,0
20122,440375,554,7,0
20124,440375,554,8,0
20126,440375,555,9,0
20128,440375,556,10,0
20159,440375,558,11,0
20157,440375,558,12,0
20155,440375,558,13,0
20968,440375,562,14,0
20970,440375,563,15,0
20974,440375,564,16,1
21207,440378,815,1,0
20112,440378,816,2,0
20114,440378,817,3,0
20116,440378,818,4,0
20118,440378,820,5,0
20120,440378,822,6,0
20122,440378,824,7,0
20124,440378,824,8,0
20126,440378,825,9,0
20128,440378,826,10,0
20159,440378,828,11,0
20157,440378,828,12,0
20155,440378,828,13,0
20968,440378,832,14,0
20970,440378,833,15,0
20974,440378,834,16,1
21207,440379,905,1,0
20112,440379,906,2,0
20114,440379,907,3,0
20116,440379,908,4,0
20118,440379,910,5,0
20120,440379,912,6,0
20122,440379,914,7,0
20124,440379,914,8,0
20126,440379,915,9,0
20128,440379,916,10,0
20159,440379,918,11,0
20157,440379,918,12,0
20155,440379,918,13,0
20968,440379,922,14,0
20970,440379,923,15,0
20974,440379,924,16,1
20974,635359,358,1,0
20973,635359,358,2,0
20971,635359,359,3,0
20969,635359,359,4,0
20156,635359,364,5,0
20158,635359,365,6,0
20160,635359,366,7,0
20129,635359,367,8,0
20127,635359,368,9,0
20125,635359,369,10,0
20123,635359,370,11,0
20121,635359,372,12,0
20119,635359,375,13,0
20117,635359,377,14,0
20115,635359,378,15,0
20113,635359,380,16,0
21206,635359,382,17,1
21207,635358,1115,1,0
20112,635358,1116,2,0
20114,635358,1117,3,0
20116,635358,1118,4,0
20118,635358,1120,5,0
20120,635358,1122,6,0
20122,635358,1124,7,0
20124,635358,1124,8,0
20126,635358,1125,9,0
20128,635358,1126,10,0
20159,635358,1128,11,0
20157,635358,1128,12,0
20155,635358,1128,13,0
20968,635358,1132,14,0
20970,635358,1133,15,0
20974,635358,1134,16,1
21207,635357,1055,1,0
20112,635357,1056,2,0
20114,635357,1057,3,0
20116,635357,1058,4,0
20118,635357,1060,5,0
20120,635357,1062,6,0
20122,635357,1064,7,0
20124,635357,1064,8,0
20126,635357,1065,9,0
20128,635357,1066,10,0
20159,635357,1068,11,0
20157,635357,1068,12,0
20155,635357,1068,13,0
20968,635357,1072,14,0
20970,635357,1073,15,0
20974,635357,1074,16,1
21207,635356,465,1,0
20112,635356,466,2,0
20114,635356,467,3,0
20116,635356,468,4,0
20118,635356,470,5,0
20120,635356,472,6,0
20122,635356,474,7,0
20124,635356,474,8,0
20126,635356,475,9,0
20128,635356,476,10,0
20159,635356,478,11,0
20157,635356,478,12,0
20155,635356,478,13,0
20968,635356,482,14,0
20970,635356,483,15,0
20974,635356,484,16,1
20974,635355,1081,1,0
20973,635355,1081,2,0
20971,635355,1082,3,0
20969,635355,1082,4,0
20156,635355,1087,5,0
20158,635355,1088,6,0
20160,635355,1089,7,0
20129,635355,1090,8,0
20127,635355,1091,9,0
20125,635355,1092,10,0
20123,635355,1093,11,0
20121,635355,1095,12,0
20119,635355,1098,13,0
20117,635355,1100,14,0
20115,635355,1101,15,0
20113,635355,1103,16,0
21206,635355,1105,17,1
20974,635354,490,1,0
20973,635354,490,2,0
20971,635354,491,3,0
20969,635354,491,4,0
20156,635354,496,5,0
20158,635354,497,6,0
20160,635354,498,7,0
20129,635354,499,8,0
20127,635354,500,9,0
20125,635354,502,10,0
20123,635354,503,11,0
20121,635354,505,12,0
20119,635354,507,13,0
20117,635354,509,14,0
20115,635354,510,15,0
20113,635354,511,16,0
21206,635354,513,17,1
20974,635353,432,1,0
20973,635353,432,2,0
20971,635353,433,3,0
20969,635353,433,4,0
20156,635353,438,5,0
20158,635353,439,6,0
20160,635353,440,7,0
20129,635353,441,8,0
20127,635353,442,9,0
20125,635353,444,10,0
20123,635353,445,11,0
20121,635353,447,12,0
20119,635353,449,13,0
20117,635353,451,14,0
20115,635353,452,15,0
20113,635353,453,16,0
21206,635353,455,17,1
20974,635361,542,1,0
20973,635361,542,2,0
20971,635361,543,3,0
20969,635361,543,4,0
20156,635361,548,5,0
20158,635361,549,6,0
20160,635361,550,7,0
20129,635361,551,8,0
20127,635361,552,9,0
20125,635361,553,10,0
20123,635361,554,11,0
20121,635361,556,12,0
20119,635361,558,13,0
20117,635361,560,14,0
20115,635361,561,15,0
20113,635361,563,16,0
21206,635361,565,17,1
20974,635362,601,1,0
20973,635362,601,2,0
20971,635362,602,3,0
20969,635362,602,4,0
20156,635362,607,5,0
20158,635362,608,6,0
20160,635362,609,7,0
20129,635362,610,8,0
20127,635362,611,9,0
20125,635362,612,10,0
20123,635362,613,11,0
20121,635362,615,12,0
20119,635362,618,13,0
20117,635362,620,14,0
20115,635362,621,15,0
20113,635362,623,16,0
21206,635362,625,17,1
20974,635360,512,1,0
20973,635360,512,2,0
20971,635360,513,3,0
20969,635360,513,4,0
20156,635360,518,5,0
20158,635360,519,6,0
20160,635360,520,7,0
20129,635360,521,8,0
20127,635360,522,9,0
20125,635360,523,10,0
20123,635360,524,11,0
20121,635360,526,12,0
20119,635360,528,13,0
20117,635360,530,14,0
20115,635360,531,15,0
20113,635360,533,16,0
21206,635360,535,17,1
20974,635369,1021,1,0
20973,635369,1021,2,0
20971,635369,1022,3,0
20969,635369,1022,4,0
20156,635369,1027,5,0
20158,635369,1028,6,0
20160,635369,1029,7,0
20129,635369,1030,8,0
20127,635369,1031,9,0
20125,635369,1032,10,0
20123,635369,1033,11,0
20121,635369,1035,12,0
20119,635369,1038,13,0
20117,635369,1040,14,0
20115,635369,1041,15,0
20113,635369,1043,16,0
21206,635369,1045,17,1
20974,635367,901,1,0
20973,635367,901,2,0
20971,635367,902,3,0
20969,635367,902,4,0
20156,635367,907,5,0
20158,635367,908,6,0
20160,635367,909,7,0
20129,635367,910,8,0
20127,635367,911,9,0
20125,635367,912,10,0
20123,635367,913,11,0
20121,635367,915,12,0
20119,635367,918,13,0
20117,635367,920,14,0
20115,635367,921,15,0
20113,635367,923,16,0
21206,635367,925,17,1
20974,635368,961,1,0
20973,635368,961,2,0
20971,635368,962,3,0
20969,635368,962,4,0
20156,635368,967,5,0
20158,635368,968,6,0
20160,635368,969,7,0
20129,635368,970,8,0
20127,635368,971,9,0
20125,635368,972,10,0
20123,635368,973,11,0
20121,635368,975,12,0
20119,635368,978,13,0
20117,635368,980,14,0
20115,635368,981,15,0
20113,635368,983,16,0
21206,635368,985,17,1
20974,635365,781,1,0
20973,635365,781,2,0
20971,635365,782,3,0
20969,635365,782,4,0
20156,635365,787,5,0
20158,635365,788,6,0
20160,635365,789,7,0
20129,635365,790,8,0
20127,635365,791,9,0
20125,635365,792,10,0
20123,635365,793,11,0
20121,635365,795,12,0
20119,635365,798,13,0
20117,635365,800,14,0
20115,635365,801,15,0
20113,635365,803,16,0
21206,635365,805,17,1
20974,635366,841,1,0
20973,635366,841,2,0
20971,635366,842,3,0
20969,635366,842,4,0
20156,635366,847,5,0
20158,635366,848,6,0
20160,635366,849,7,0
20129,635366,850,8,0
20127,635366,851,9,0
20125,635366,852,10,0
20123,635366,853,11,0
20121,635366,855,12,0
20119,635366,858,13,0
20117,635366,860,14,0
20115,635366,861,15,0
20113,635366,863,16,0
21206,635366,865,17,1
20974,635363,661,1,0
20973,635363,661,2,0
20971,635363,662,3,0
20969,635363,662,4,0
20156,635363,667,5,0
20158,635363,668,6,0
20160,635363,669,7,0
20129,635363,670,8,0
20127,635363,671,9,0
20125,635363,672,10,0
20123,635363,673,11,0
20121,635363,675,12,0
20119,635363,678,13,0
20117,635363,680,14,0
20115,635363,681,15,0
20113,635363,683,16,0
21206,635363,685,17,1
20974,635364,721,1,0
20973,635364,721,2,0
20971,635364,722,3,0
20969,635364,722,4,0
20156,635364,727,5,0
20158,635364,728,6,0
20160,635364,729,7,0
20129,635364,730,8,0
20127,635364,731,9,0
20125,635364,732,10,0
20123,635364,733,11,0
20121,635364,735,12,0
20119,635364,738,13,0
20117,635364,740,14,0
20115,635364,741,15,0
20113,635364,743,16,0
21206,635364,745,17,1
20974,635370,1141,1,0
20973,635370,1141,2,0
20971,635370,1142,3,0
20969,635370,1142,4,0
20156,635370,1147,5,0
20158,635370,1148,6,0
20160,635370,1149,7,0
20129,635370,1150,8,0
20127,635370,1151,9,0
20125,635370,1152,10,0
20123,635370,1153,11,0
20121,635370,1155,12,0
20119,635370,1158,13,0
20117,635370,1160,14,0
20115,635370,1161,15,0
20113,635370,1163,16,0
21206,635370,1165,17,1
20974,635371,1201,1,0
20973,635371,1201,2,0
20971,635371,1202,3,0
20969,635371,1202,4,0
20156,635371,1207,5,0
20158,635371,1208,6,0
20160,635371,1209,7,0
20129,635371,1210,8,0
20127,635371,1211,9,0
20125,635371,1212,10,0
20123,635371,1213,11,0
20121,635371,1215,12,0
20119,635371,1218,13,0
20117,635371,1220,14,0
20115,635371,1221,15,0
20113,635371,1223,16,0
21206,635371,1225,17,1
21207,635372,485,1,0
20112,635372,486,2,0
20114,635372,487,3,0
20116,635372,488,4,0
20118,635372,490,5,0
20120,635372,492,6,0
20122,635372,494,7,0
20124,635372,494,8,0
20126,635372,495,9,0
20128,635372,496,10,0
20159,635372,498,11,0
20157,635372,498,12,0
20155,635372,498,13,0
20968,635372,502,14,0
20970,635372,503,15,0
20974,635372,504,16,1
21207,635373,520,1,0
20112,635373,521,2,0
20114,635373,522,3,0
20116,635373,523,4,0
20118,635373,525,5,0
20120,635373,527,6,0
20122,635373,529,7,0
20124,635373,529,8,0
20126,635373,530,9,0
20128,635373,531,10,0
20159,635373,533,11,0
20157,635373,533,12,0
20155,635373,533,13,0
20968,635373,537,14,0
20970,635373,538,15,0
20974,635373,539,16,1
21207,635378,815,1,0
20112,635378,816,2,0
20114,635378,817,3,0
20116,635378,818,4,0
20118,635378,820,5,0
20120,635378,822,6,0
20122,635378,824,7,0
20124,635378,824,8,0
20126,635378,825,9,0
20128,635378,826,10,0
20159,635378,828,11,0
20157,635378,828,12,0
20155,635378,828,13,0
20968,635378,832,14,0
20970,635378,833,15,0
20974,635378,834,16,1
21207,635379,875,1,0
20112,635379,876,2,0
20114,635379,877,3,0
20116,635379,878,4,0
20118,635379,880,5,0
20120,635379,882,6,0
20122,635379,884,7,0
20124,635379,884,8,0
20126,635379,885,9,0
20128,635379,886,10,0
20159,635379,888,11,0
20157,635379,888,12,0
20155,635379,888,13,0
20968,635379,892,14,0
20970,635379,893,15,0
20974,635379,894,16,1
21207,635374,575,1,0
20112,635374,576,2,0
20114,635374,577,3,0
20116,635374,578,4,0
20118,635374,580,5,0
20120,635374,582,6,0
20122,635374,584,7,0
20124,635374,584,8,0
20126,635374,585,9,0
20128,635374,586,10,0
20159,635374,588,11,0
20157,635374,588,12,0
20155,635374,588,13,0
20968,635374,592,14,0
20970,635374,593,15,0
20974,635374,594,16,1
21207,635375,635,1,0
20112,635375,636,2,0
20114,635375,637,3,0
20116,635375,638,4,0
20118,635375,640,5,0
20120,635375,642,6,0
20122,635375,644,7,0
20124,635375,644,8,0
20126,635375,645,9,0
20128,635375,646,10,0
20159,635375,648,11,0
20157,635375,648,12,0
20155,635375,648,13,0
20968,635375,652,14,0
20970,635375,653,15,0
20974,635375,654,16,1
21207,635376,695,1,0
20112,635376,696,2,0
20114,635376,697,3,0
20116,635376,698,4,0
20118,635376,700,5,0
20120,635376,702,6,0
20122,635376,704,7,0
20124,635376,704,8,0
20126,635376,705,9,0
20128,635376,706,10,0
20159,635376,708,11,0
20157,635376,708,12,0
20155,635376,708,13,0
20968,635376,712,14,0
20970,635376,713,15,0
20974,635376,714,16,1
21207,635377,755,1,0
20112,635377,756,2,0
20114,635377,757,3,0
20116,635377,758,4,0
20118,635377,760,5,0
20120,635377,762,6,0
20122,635377,764,7,0
20124,635377,764,8,0
20126,635377,765,9,0
20128,635377,766,10,0
20159,635377,768,11,0
20157,635377,768,12,0
20155,635377,768,13,0
20968,635377,772,14,0
20970,635377,773,15,0
20974,635377,774,16,1
21207,635380,935,1,0
20112,635380,936,2,0
20114,635380,937,3,0
20116,635380,938,4,0
20118,635380,940,5,0
20120,635380,942,6,0
20122,635380,944,7,0
20124,635380,944,8,0
20126,635380,945,9,0
20128,635380,946,10,0
20159,635380,948,11,0
20157,635380,948,12,0
20155,635380,948,13,0
20968,635380,952,14,0
20970,635380,953,15,0
20974,635380,954,16,1
21207,635383,1210,1,0
20112,635383,1211,2,0
20114,635383,1212,3,0
20116,635383,1213,4,0
20118,635383,1215,5,0
20120,635383,1217,6,0
20122,635383,1219,7,0
20124,635383,1219,8,0
20126,635383,1220,9,0
20128,635383,1221,10,0
20159,635383,1223,11,0
20157,635383,1223,12,0
20155,635383,1223,13,0
20968,635383,1227,14,0
20970,635383,1228,15,0
20974,635383,1229,16,1
21207,635381,995,1,0
20112,635381,996,2,0
20114,635381,997,3,0
20116,635381,998,4,0
20118,635381,1000,5,0
20120,635381,1002,6,0
20122,635381,1004,7,0
20124,635381,1004,8,0
20126,635381,1005,9,0
20128,635381,1006,10,0
20159,635381,1008,11,0
20157,635381,1008,12,0
20155,635381,1008,13,0
20968,635381,1012,14,0
20970,635381,1013,15,0
20974,635381,1014,16,1
21207,635382,1175,1,0
20112,635382,1176,2,0
20114,635382,1177,3,0
20116,635382,1178,4,0
20118,635382,1180,5,0
20120,635382,1182,6,0
20122,635382,1184,7,0
20124,635382,1184,8,0
20126,635382,1185,9,0
20128,635382,1186,10,0
20159,635382,1188,11,0
20157,635382,1188,12,0
20155,635382,1188,13,0
20968,635382,1192,14,0
20970,635382,1193,15,0
20974,635382,1194,16,1
20974,2380069,1081,1,0
20973,2380069,1081,2,0
20971,2380069,1082,3,0
20969,2380069,1082,4,0
20156,2380069,1087,5,0
20158,2380069,1088,6,0
20160,2380069,1089,7,0
20129,2380069,1090,8,0
20127,2380069,1091,9,0
20125,2380069,1092,10,0
20123,2380069,1093,11,0
20121,2380069,1095,12,0
20119,2380069,1098,13,0
20117,2380069,1100,14,0
20115,2380069,1101,15,0
20113,2380069,1103,16,0
21206,2380069,1105,17,1
20974,2380067,432,1,0
20973,2380067,432,2,0
20971,2380067,433,3,0
20969,2380067,433,4,0
20156,2380067,438,5,0
20158,2380067,439,6,0
20160,2380067,440,7,0
20129,2380067,441,8,0
20127,2380067,442,9,0
20125,2380067,444,10,0
20123,2380067,445,11,0
20121,2380067,447,12,0
20119,2380067,449,13,0
20117,2380067,451,14,0
20115,2380067,452,15,0
20113,2380067,453,16,0
21206,2380067,455,17,1
20974,2380068,490,1,0
20973,2380068,490,2,0
20971,2380068,491,3,0
20969,2380068,491,4,0
20156,2380068,496,5,0
20158,2380068,497,6,0
20160,2380068,498,7,0
20129,2380068,499,8,0
20127,2380068,500,9,0
20125,2380068,502,10,0
20123,2380068,503,11,0
20121,2380068,505,12,0
20119,2380068,507,13,0
20117,2380068,509,14,0
20115,2380068,510,15,0
20113,2380068,511,16,0
21206,2380068,513,17,1
21207,2380070,465,1,0
20112,2380070,466,2,0
20114,2380070,467,3,0
20116,2380070,468,4,0
20118,2380070,470,5,0
20120,2380070,472,6,0
20122,2380070,474,7,0
20124,2380070,474,8,0
20126,2380070,475,9,0
20128,2380070,476,10,0
20159,2380070,478,11,0
20157,2380070,478,12,0
20155,2380070,478,13,0
20968,2380070,482,14,0
20970,2380070,483,15,0
20974,2380070,484,16,1
21207,2380071,1055,1,0
20112,2380071,1056,2,0
20114,2380071,1057,3,0
20116,2380071,1058,4,0
20118,2380071,1060,5,0
20120,2380071,1062,6,0
20122,2380071,1064,7,0
20124,2380071,1064,8,0
20126,2380071,1065,9,0
20128,2380071,1066,10,0
20159,2380071,1068,11,0
20157,2380071,1068,12,0
20155,2380071,1068,13,0
20968,2380071,1072,14,0
20970,2380071,1073,15,0
20974,2380071,1074,16,1
21207,2380072,1115,1,0
20112,2380072,1116,2,0
20114,2380072,1117,3,0
20116,2380072,1118,4,0
20118,2380072,1120,5,0
20120,2380072,1122,6,0
20122,2380072,1124,7,0
20124,2380072,1124,8,0
20126,2380072,1125,9,0
20128,2380072,1126,10,0
20159,2380072,1128,11,0
20157,2380072,1128,12,0
20155,2380072,1128,13,0
20968,2380072,1132,14,0
20970,2380072,1133,15,0
20974,2380072,1134,16,1
20974,2380073,358,1,0
20973,2380073,358,2,0
20971,2380073,359,3,0
20969,2380073,359,4,0
20156,2380073,364,5,0
20158,2380073,365,6,0
20160,2380073,366,7,0
20129,2380073,367,8,0
20127,2380073,368,9,0
20125,2380073,369,10,0
20123,2380073,370,11,0
20121,2380073,372,12,0
20119,2380073,375,13,0
20117,2380073,377,14,0
20115,2380073,378,15,0
20113,2380073,380,16,0
21206,2380073,382,17,1
20974,2380074,512,1,0
20973,2380074,512,2,0
20971,2380074,513,3,0
20969,2380074,513,4,0
20156,2380074,518,5,0
20158,2380074,519,6,0
20160,2380074,520,7,0
20129,2380074,521,8,0
20127,2380074,522,9,0
20125,2380074,523,10,0
20123,2380074,524,11,0
20121,2380074,526,12,0
20119,2380074,528,13,0
20117,2380074,530,14,0
20115,2380074,531,15,0
20113,2380074,533,16,0
21206,2380074,535,17,1
20974,2380075,542,1,0
20973,2380075,542,2,0
20971,2380075,543,3,0
20969,2380075,543,4,0
20156,2380075,548,5,0
20158,2380075,549,6,0
20160,2380075,550,7,0
20129,2380075,551,8,0
20127,2380075,552,9,0
20125,2380075,553,10,0
20123,2380075,554,11,0
20121,2380075,556,12,0
20119,2380075,558,13,0
20117,2380075,560,14,0
20115,2380075,561,15,0
20113,2380075,563,16,0
21206,2380075,565,17,1
20974,2380076,601,1,0
20973,2380076,601,2,0
20971,2380076,602,3,0
20969,2380076,602,4,0
20156,2380076,607,5,0
20158,2380076,608,6,0
20160,2380076,609,7,0
20129,2380076,610,8,0
20127,2380076,611,9,0
20125,2380076,612,10,0
20123,2380076,613,11,0
20121,2380076,615,12,0
20119,2380076,618,13,0
20117,2380076,620,14,0
20115,2380076,621,15,0
20113,2380076,623,16,0
21206,2380076,625,17,1
20974,2380077,661,1,0
20973,2380077,661,2,0
20971,2380077,662,3,0
20969,2380077,662,4,0
20156,2380077,667,5,0
20158,2380077,668,6,0
20160,2380077,669,7,0
20129,2380077,670,8,0
20127,2380077,671,9,0
20125,2380077,672,10,0
20123,2380077,673,11,0
20121,2380077,675,12,0
20119,2380077,678,13,0
20117,2380077,680,14,0
20115,2380077,681,15,0
20113,2380077,683,16,0
21206,2380077,685,17,1
20974,2380078,721,1,0
20973,2380078,721,2,0
20971,2380078,722,3,0
20969,2380078,722,4,0
20156,2380078,727,5,0
20158,2380078,728,6,0
20160,2380078,729,7,0
20129,2380078,730,8,0
20127,2380078,731,9,0
20125,2380078,732,10,0
20123,2380078,733,11,0
20121,2380078,735,12,0
20119,2380078,738,13,0
20117,2380078,740,14,0
20115,2380078,741,15,0
20113,2380078,743,16,0
21206,2380078,745,17,1
20974,2380079,781,1,0
20973,2380079,781,2,0
20971,2380079,782,3,0
20969,2380079,782,4,0
20156,2380079,787,5,0
20158,2380079,788,6,0
20160,2380079,789,7,0
20129,2380079,790,8,0
20127,2380079,791,9,0
20125,2380079,792,10,0
20123,2380079,793,11,0
20121,2380079,795,12,0
20119,2380079,798,13,0
20117,2380079,800,14,0
20115,2380079,801,15,0
20113,2380079,803,16,0
21206,2380079,805,17,1
20974,2380080,841,1,0
20973,2380080,841,2,0
20971,2380080,842,3,0
20969,2380080,842,4,0
20156,2380080,847,5,0
20158,2380080,848,6,0
20160,2380080,849,7,0
20129,2380080,850,8,0
20127,2380080,851,9,0
20125,2380080,852,10,0
20123,2380080,853,11,0
20121,2380080,855,12,0
20119,2380080,858,13,0
20117,2380080,860,14,0
20115,2380080,861,15,0
20113,2380080,863,16,0
21206,2380080,865,17,1
21207,2380089,635,1,0
20112,2380089,636,2,0
20114,2380089,637,3,0
20116,2380089,638,4,0
20118,2380089,640,5,0
20120,2380089,642,6,0
20122,2380089,644,7,0
20124,2380089,644,8,0
20126,2380089,645,9,0
20128,2380089,646,10,0
20159,2380089,648,11,0
20157,2380089,648,12,0
20155,2380089,648,13,0
20968,2380089,652,14,0
20970,2380089,653,15,0
20974,2380089,654,16,1
21207,2380088,575,1,0
20112,2380088,576,2,0
20114,2380088,577,3,0
20116,2380088,578,4,0
20118,2380088,580,5,0
20120,2380088,582,6,0
20122,2380088,584,7,0
20124,2380088,584,8,0
20126,2380088,585,9,0
20128,2380088,586,10,0
20159,2380088,588,11,0
20157,2380088,588,12,0
20155,2380088,588,13,0
20968,2380088,592,14,0
20970,2380088,593,15,0
20974,2380088,594,16,1
21207,2380087,520,1,0
20112,2380087,521,2,0
20114,2380087,522,3,0
20116,2380087,523,4,0
20118,2380087,525,5,0
20120,2380087,527,6,0
20122,2380087,529,7,0
20124,2380087,529,8,0
20126,2380087,530,9,0
20128,2380087,531,10,0
20159,2380087,533,11,0
20157,2380087,533,12,0
20155,2380087,533,13,0
20968,2380087,537,14,0
20970,2380087,538,15,0
20974,2380087,539,16,1
21207,2380086,485,1,0
20112,2380086,486,2,0
20114,2380086,487,3,0
20116,2380086,488,4,0
20118,2380086,490,5,0
20120,2380086,492,6,0
20122,2380086,494,7,0
20124,2380086,494,8,0
20126,2380086,495,9,0
20128,2380086,496,10,0
20159,2380086,498,11,0
20157,2380086,498,12,0
20155,2380086,498,13,0
20968,2380086,502,14,0
20970,2380086,503,15,0
20974,2380086,504,16,1
20974,2380085,1201,1,0
20973,2380085,1201,2,0
20971,2380085,1202,3,0
20969,2380085,1202,4,0
20156,2380085,1207,5,0
20158,2380085,1208,6,0
20160,2380085,1209,7,0
20129,2380085,1210,8,0
20127,2380085,1211,9,0
20125,2380085,1212,10,0
20123,2380085,1213,11,0
20121,2380085,1215,12,0
20119,2380085,1218,13,0
20117,2380085,1220,14,0
20115,2380085,1221,15,0
20113,2380085,1223,16,0
21206,2380085,1225,17,1
20974,2380084,1141,1,0
20973,2380084,1141,2,0
20971,2380084,1142,3,0
20969,2380084,1142,4,0
20156,2380084,1147,5,0
20158,2380084,1148,6,0
20160,2380084,1149,7,0
20129,2380084,1150,8,0
20127,2380084,1151,9,0
20125,2380084,1152,10,0
20123,2380084,1153,11,0
20121,2380084,1155,12,0
20119,2380084,1158,13,0
20117,2380084,1160,14,0
20115,2380084,1161,15,0
20113,2380084,1163,16,0
21206,2380084,1165,17,1
20974,2380083,1021,1,0
20973,2380083,1021,2,0
20971,2380083,1022,3,0
20969,2380083,1022,4,0
20156,2380083,1027,5,0
20158,2380083,1028,6,0
20160,2380083,1029,7,0
20129,2380083,1030,8,0
20127,2380083,1031,9,0
20125,2380083,1032,10,0
20123,2380083,1033,11,0
20121,2380083,1035,12,0
20119,2380083,1038,13,0
20117,2380083,1040,14,0
20115,2380083,1041,15,0
20113,2380083,1043,16,0
21206,2380083,1045,17,1
20974,2380082,961,1,0
20973,2380082,961,2,0
20971,2380082,962,3,0
20969,2380082,962,4,0
20156,2380082,967,5,0
20158,2380082,968,6,0
20160,2380082,969,7,0
20129,2380082,970,8,0
20127,2380082,971,9,0
20125,2380082,972,10,0
20123,2380082,973,11,0
20121,2380082,975,12,0
20119,2380082,978,13,0
20117,2380082,980,14,0
20115,2380082,981,15,0
20113,2380082,983,16,0
21206,2380082,985,17,1
20974,2380081,901,1,0
20973,2380081,901,2,0
20971,2380081,902,3,0
20969,2380081,902,4,0
20156,2380081,907,5,0
20158,2380081,908,6,0
20160,2380081,909,7,0
20129,2380081,910,8,0
20127,2380081,911,9,0
20125,2380081,912,10,0
20123,2380081,913,11,0
20121,2380081,915,12,0
20119,2380081,918,13,0
20117,2380081,920,14,0
20115,2380081,921,15,0
20113,2380081,923,16,0
21206,2380081,925,17,1
21207,2380090,695,1,0
20112,2380090,696,2,0
20114,2380090,697,3,0
20116,2380090,698,4,0
20118,2380090,700,5,0
20120,2380090,702,6,0
20122,2380090,704,7,0
20124,2380090,704,8,0
20126,2380090,705,9,0
20128,2380090,706,10,0
20159,2380090,708,11,0
20157,2380090,708,12,0
20155,2380090,708,13,0
20968,2380090,712,14,0
20970,2380090,713,15,0
20974,2380090,714,16,1
21207,2380091,755,1,0
20112,2380091,756,2,0
20114,2380091,757,3,0
20116,2380091,758,4,0
20118,2380091,760,5,0
20120,2380091,762,6,0
20122,2380091,764,7,0
20124,2380091,764,8,0
20126,2380091,765,9,0
20128,2380091,766,10,0
20159,2380091,768,11,0
20157,2380091,768,12,0
20155,2380091,768,13,0
20968,2380091,772,14,0
20970,2380091,773,15,0
20974,2380091,774,16,1
21207,2380097,1210,1,0
20112,2380097,1211,2,0
20114,2380097,1212,3,0
20116,2380097,1213,4,0
20118,2380097,1215,5,0
20120,2380097,1217,6,0
20122,2380097,1219,7,0
20124,2380097,1219,8,0
20126,2380097,1220,9,0
20128,2380097,1221,10,0
20159,2380097,1223,11,0
20157,2380097,1223,12,0
20155,2380097,1223,13,0
20968,2380097,1227,14,0
20970,2380097,1228,15,0
20974,2380097,1229,16,1
21207,2380096,1175,1,0
20112,2380096,1176,2,0
20114,2380096,1177,3,0
20116,2380096,1178,4,0
20118,2380096,1180,5,0
20120,2380096,1182,6,0
20122,2380096,1184,7,0
20124,2380096,1184,8,0
20126,2380096,1185,9,0
20128,2380096,1186,10,0
20159,2380096,1188,11,0
20157,2380096,1188,12,0
20155,2380096,1188,13,0
20968,2380096,1192,14,0
20970,2380096,1193,15,0
20974,2380096,1194,16,1
20974,2380099,490,1,0
20973,2380099,490,2,0
20971,2380099,491,3,0
20969,2380099,491,4,0
20156,2380099,496,5,0
20158,2380099,497,6,0
20160,2380099,498,7,0
20129,2380099,499,8,0
20127,2380099,500,9,0
20125,2380099,502,10,0
20123,2380099,503,11,0
20121,2380099,505,12,0
20119,2380099,507,13,0
20117,2380099,509,14,0
20115,2380099,510,15,0
20113,2380099,511,16,0
21206,2380099,513,17,1
20974,2380098,432,1,0
20973,2380098,432,2,0
20971,2380098,433,3,0
20969,2380098,433,4,0
20156,2380098,438,5,0
20158,2380098,439,6,0
20160,2380098,440,7,0
20129,2380098,441,8,0
20127,2380098,442,9,0
20125,2380098,444,10,0
20123,2380098,445,11,0
20121,2380098,447,12,0
20119,2380098,449,13,0
20117,2380098,451,14,0
20115,2380098,452,15,0
20113,2380098,453,16,0
21206,2380098,455,17,1
21207,2380093,875,1,0
20112,2380093,876,2,0
20114,2380093,877,3,0
20116,2380093,878,4,0
20118,2380093,880,5,0
20120,2380093,882,6,0
20122,2380093,884,7,0
20124,2380093,884,8,0
20126,2380093,885,9,0
20128,2380093,886,10,0
20159,2380093,888,11,0
20157,2380093,888,12,0
20155,2380093,888,13,0
20968,2380093,892,14,0
20970,2380093,893,15,0
20974,2380093,894,16,1
21207,2380092,815,1,0
20112,2380092,816,2,0
20114,2380092,817,3,0
20116,2380092,818,4,0
20118,2380092,820,5,0
20120,2380092,822,6,0
20122,2380092,824,7,0
20124,2380092,824,8,0
20126,2380092,825,9,0
20128,2380092,826,10,0
20159,2380092,828,11,0
20157,2380092,828,12,0
20155,2380092,828,13,0
20968,2380092,832,14,0
20970,2380092,833,15,0
20974,2380092,834,16,1
21207,2380095,995,1,0
20112,2380095,996,2,0
20114,2380095,997,3,0
20116,2380095,998,4,0
20118,2380095,1000,5,0
20120,2380095,1002,6,0
20122,2380095,1004,7,0
20124,2380095,1004,8,0
20126,2380095,1005,9,0
20128,2380095,1006,10,0
20159,2380095,1008,11,0
20157,2380095,1008,12,0
20155,2380095,1008,13,0
20968,2380095,1012,14,0
20970,2380095,1013,15,0
20974,2380095,1014,16,1
21207,2380094,935,1,0
20112,2380094,936,2,0
20114,2380094,937,3,0
20116,2380094,938,4,0
20118,2380094,940,5,0
20120,2380094,942,6,0
20122,2380094,944,7,0
20124,2380094,944,8,0
20126,2380094,945,9,0
20128,2380094,946,10,0
20159,2380094,948,11,0
20157,2380094,948,12,0
20155,2380094,948,13,0
20968,2380094,952,14,0
20970,2380094,953,15,0
20974,2380094,954,16,1
20974,2380100,1081,1,0
20973,2380100,1081,2,0
20971,2380100,1082,3,0
20969,2380100,1082,4,0
20156,2380100,1087,5,0
20158,2380100,1088,6,0
20160,2380100,1089,7,0
20129,2380100,1090,8,0
20127,2380100,1091,9,0
20125,2380100,1092,10,0
20123,2380100,1093,11,0
20121,2380100,1095,12,0
20119,2380100,1098,13,0
20117,2380100,1100,14,0
20115,2380100,1101,15,0
20113,2380100,1103,16,0
21206,2380100,1105,17,1
21207,2380101,465,1,0
20112,2380101,466,2,0
20114,2380101,467,3,0
20116,2380101,468,4,0
20118,2380101,470,5,0
20120,2380101,472,6,0
20122,2380101,474,7,0
20124,2380101,474,8,0
20126,2380101,475,9,0
20128,2380101,476,10,0
20159,2380101,478,11,0
20157,2380101,478,12,0
20155,2380101,478,13,0
20968,2380101,482,14,0
20970,2380101,483,15,0
20974,2380101,484,16,1
21207,2380102,1055,1,0
20112,2380102,1056,2,0
20114,2380102,1057,3,0
20116,2380102,1058,4,0
20118,2380102,1060,5,0
20120,2380102,1062,6,0
20122,2380102,1064,7,0
20124,2380102,1064,8,0
20126,2380102,1065,9,0
20128,2380102,1066,10,0
20159,2380102,1068,11,0
20157,2380102,1068,12,0
20155,2380102,1068,13,0
20968,2380102,1072,14,0
20970,2380102,1073,15,0
20974,2380102,1074,16,1
21207,2380103,1115,1,0
20112,2380103,1116,2,0
20114,2380103,1117,3,0
20116,2380103,1118,4,0
20118,2380103,1120,5,0
20120,2380103,1122,6,0
20122,2380103,1124,7,0
20124,2380103,1124,8,0
20126,2380103,1125,9,0
20128,2380103,1126,10,0
20159,2380103,1128,11,0
20157,2380103,1128,12,0
20155,2380103,1128,13,0
20968,2380103,1132,14,0
20970,2380103,1133,15,0
20974,2380103,1134,16,1
20974,2380104,358,1,0
20973,2380104,358,2,0
20971,2380104,359,3,0
20969,2380104,359,4,0
20156,2380104,364,5,0
20158,2380104,365,6,0
20160,2380104,366,7,0
20129,2380104,367,8,0
20127,2380104,368,9,0
20125,2380104,369,10,0
20123,2380104,370,11,0
20121,2380104,372,12,0
20119,2380104,375,13,0
20117,2380104,377,14,0
20115,2380104,378,15,0
20113,2380104,380,16,0
21206,2380104,382,17,1
20974,2380105,512,1,0
20973,2380105,512,2,0
20971,2380105,513,3,0
20969,2380105,513,4,0
20156,2380105,518,5,0
20158,2380105,519,6,0
20160,2380105,520,7,0
20129,2380105,521,8,0
20127,2380105,522,9,0
20125,2380105,523,10,0
20123,2380105,524,11,0
20121,2380105,526,12,0
20119,2380105,528,13,0
20117,2380105,530,14,0
20115,2380105,531,15,0
20113,2380105,533,16,0
21206,2380105,535,17,1
20974,2380106,542,1,0
20973,2380106,542,2,0
20971,2380106,543,3,0
20969,2380106,543,4,0
20156,2380106,548,5,0
20158,2380106,549,6,0
20160,2380106,550,7,0
20129,2380106,551,8,0
20127,2380106,552,9,0
20125,2380106,553,10,0
20123,2380106,554,11,0
20121,2380106,556,12,0
20119,2380106,558,13,0
20117,2380106,560,14,0
20115,2380106,561,15,0
20113,2380106,563,16,0
21206,2380106,565,17,1
20974,2380107,601,1,0
20973,2380107,601,2,0
20971,2380107,602,3,0
20969,2380107,602,4,0
20156,2380107,607,5,0
20158,2380107,608,6,0
20160,2380107,609,7,0
20129,2380107,610,8,0
20127,2380107,611,9,0
20125,2380107,612,10,0
20123,2380107,613,11,0
20121,2380107,615,12,0
20119,2380107,618,13,0
20117,2380107,620,14,0
20115,2380107,621,15,0
20113,2380107,623,16,0
21206,2380107,625,17,1
20974,2380113,961,1,0
20973,2380113,961,2,0
20971,2380113,962,3,0
20969,2380113,962,4,0
20156,2380113,967,5,0
20158,2380113,968,6,0
20160,2380113,969,7,0
20129,2380113,970,8,0
20127,2380113,971,9,0
20125,2380113,972,10,0
20123,2380113,973,11,0
20121,2380113,975,12,0
20119,2380113,978,13,0
20117,2380113,980,14,0
20115,2380113,981,15,0
20113,2380113,983,16,0
21206,2380113,985,17,1
20974,2380114,1021,1,0
20973,2380114,1021,2,0
20971,2380114,1022,3,0
20969,2380114,1022,4,0
20156,2380114,1027,5,0
20158,2380114,1028,6,0
20160,2380114,1029,7,0
20129,2380114,1030,8,0
20127,2380114,1031,9,0
20125,2380114,1032,10,0
20123,2380114,1033,11,0
20121,2380114,1035,12,0
20119,2380114,1038,13,0
20117,2380114,1040,14,0
20115,2380114,1041,15,0
20113,2380114,1043,16,0
21206,2380114,1045,17,1
20974,2380111,841,1,0
20973,2380111,841,2,0
20971,2380111,842,3,0
20969,2380111,842,4,0
20156,2380111,847,5,0
20158,2380111,848,6,0
20160,2380111,849,7,0
20129,2380111,850,8,0
20127,2380111,851,9,0
20125,2380111,852,10,0
20123,2380111,853,11,0
20121,2380111,855,12,0
20119,2380111,858,13,0
20117,2380111,860,14,0
20115,2380111,861,15,0
20113,2380111,863,16,0
21206,2380111,865,17,1
20974,2380112,901,1,0
20973,2380112,901,2,0
20971,2380112,902,3,0
20969,2380112,902,4,0
20156,2380112,907,5,0
20158,2380112,908,6,0
20160,2380112,909,7,0
20129,2380112,910,8,0
20127,2380112,911,9,0
20125,2380112,912,10,0
20123,2380112,913,11,0
20121,2380112,915,12,0
20119,2380112,918,13,0
20117,2380112,920,14,0
20115,2380112,921,15,0
20113,2380112,923,16,0
21206,2380112,925,17,1
21207,2380117,485,1,0
20112,2380117,486,2,0
20114,2380117,487,3,0
20116,2380117,488,4,0
20118,2380117,490,5,0
20120,2380117,492,6,0
20122,2380117,494,7,0
20124,2380117,494,8,0
20126,2380117,495,9,0
20128,2380117,496,10,0
20159,2380117,498,11,0
20157,2380117,498,12,0
20155,2380117,498,13,0
20968,2380117,502,14,0
20970,2380117,503,15,0
20974,2380117,504,16,1
21207,2380118,520,1,0
20112,2380118,521,2,0
20114,2380118,522,3,0
20116,2380118,523,4,0
20118,2380118,525,5,0
20120,2380118,527,6,0
20122,2380118,529,7,0
20124,2380118,529,8,0
20126,2380118,530,9,0
20128,2380118,531,10,0
20159,2380118,533,11,0
20157,2380118,533,12,0
20155,2380118,533,13,0
20968,2380118,537,14,0
20970,2380118,538,15,0
20974,2380118,539,16,1
20974,2380115,1141,1,0
20973,2380115,1141,2,0
20971,2380115,1142,3,0
20969,2380115,1142,4,0
20156,2380115,1147,5,0
20158,2380115,1148,6,0
20160,2380115,1149,7,0
20129,2380115,1150,8,0
20127,2380115,1151,9,0
20125,2380115,1152,10,0
20123,2380115,1153,11,0
20121,2380115,1155,12,0
20119,2380115,1158,13,0
20117,2380115,1160,14,0
20115,2380115,1161,15,0
20113,2380115,1163,16,0
21206,2380115,1165,17,1
20974,2380116,1201,1,0
20973,2380116,1201,2,0
20971,2380116,1202,3,0
20969,2380116,1202,4,0
20156,2380116,1207,5,0
20158,2380116,1208,6,0
20160,2380116,1209,7,0
20129,2380116,1210,8,0
20127,2380116,1211,9,0
20125,2380116,1212,10,0
20123,2380116,1213,11,0
20121,2380116,1215,12,0
20119,2380116,1218,13,0
20117,2380116,1220,14,0
20115,2380116,1221,15,0
20113,2380116,1223,16,0
21206,2380116,1225,17,1
20974,2380110,781,1,0
20973,2380110,781,2,0
20971,2380110,782,3,0
20969,2380110,782,4,0
20156,2380110,787,5,0
20158,2380110,788,6,0
20160,2380110,789,7,0
20129,2380110,790,8,0
20127,2380110,791,9,0
20125,2380110,792,10,0
20123,2380110,793,11,0
20121,2380110,795,12,0
20119,2380110,798,13,0
20117,2380110,800,14,0
20115,2380110,801,15,0
20113,2380110,803,16,0
21206,2380110,805,17,1
20974,2380109,721,1,0
20973,2380109,721,2,0
20971,2380109,722,3,0
20969,2380109,722,4,0
20156,2380109,727,5,0
20158,2380109,728,6,0
20160,2380109,729,7,0
20129,2380109,730,8,0
20127,2380109,731,9,0
20125,2380109,732,10,0
20123,2380109,733,11,0
20121,2380109,735,12,0
20119,2380109,738,13,0
20117,2380109,740,14,0
20115,2380109,741,15,0
20113,2380109,743,16,0
21206,2380109,745,17,1
20974,2380108,661,1,0
20973,2380108,661,2,0
20971,2380108,662,3,0
20969,2380108,662,4,0
20156,2380108,667,5,0
20158,2380108,668,6,0
20160,2380108,669,7,0
20129,2380108,670,8,0
20127,2380108,671,9,0
20125,2380108,672,10,0
20123,2380108,673,11,0
20121,2380108,675,12,0
20119,2380108,678,13,0
20117,2380108,680,14,0
20115,2380108,681,15,0
20113,2380108,683,16,0
21206,2380108,685,17,1
21207,2380121,695,1,0
20112,2380121,696,2,0
20114,2380121,697,3,0
20116,2380121,698,4,0
20118,2380121,700,5,0
20120,2380121,702,6,0
20122,2380121,704,7,0
20124,2380121,704,8,0
20126,2380121,705,9,0
20128,2380121,706,10,0
20159,2380121,708,11,0
20157,2380121,708,12,0
20155,2380121,708,13,0
20968,2380121,712,14,0
20970,2380121,713,15,0
20974,2380121,714,16,1
21207,2380120,635,1,0
20112,2380120,636,2,0
20114,2380120,637,3,0
20116,2380120,638,4,0
20118,2380120,640,5,0
20120,2380120,642,6,0
20122,2380120,644,7,0
20124,2380120,644,8,0
20126,2380120,645,9,0
20128,2380120,646,10,0
20159,2380120,648,11,0
20157,2380120,648,12,0
20155,2380120,648,13,0
20968,2380120,652,14,0
20970,2380120,653,15,0
20974,2380120,654,16,1
21207,2380127,1175,1,0
20112,2380127,1176,2,0
20114,2380127,1177,3,0
20116,2380127,1178,4,0
20118,2380127,1180,5,0
20120,2380127,1182,6,0
20122,2380127,1184,7,0
20124,2380127,1184,8,0
20126,2380127,1185,9,0
20128,2380127,1186,10,0
20159,2380127,1188,11,0
20157,2380127,1188,12,0
20155,2380127,1188,13,0
20968,2380127,1192,14,0
20970,2380127,1193,15,0
20974,2380127,1194,16,1
21207,2380126,995,1,0
20112,2380126,996,2,0
20114,2380126,997,3,0
20116,2380126,998,4,0
20118,2380126,1000,5,0
20120,2380126,1002,6,0
20122,2380126,1004,7,0
20124,2380126,1004,8,0
20126,2380126,1005,9,0
20128,2380126,1006,10,0
20159,2380126,1008,11,0
20157,2380126,1008,12,0
20155,2380126,1008,13,0
20968,2380126,1012,14,0
20970,2380126,1013,15,0
20974,2380126,1014,16,1
21207,2380128,1210,1,0
20112,2380128,1211,2,0
20114,2380128,1212,3,0
20116,2380128,1213,4,0
20118,2380128,1215,5,0
20120,2380128,1217,6,0
20122,2380128,1219,7,0
20124,2380128,1219,8,0
20126,2380128,1220,9,0
20128,2380128,1221,10,0
20159,2380128,1223,11,0
20157,2380128,1223,12,0
20155,2380128,1223,13,0
20968,2380128,1227,14,0
20970,2380128,1228,15,0
20974,2380128,1229,16,1
21207,2380123,815,1,0
20112,2380123,816,2,0
20114,2380123,817,3,0
20116,2380123,818,4,0
20118,2380123,820,5,0
20120,2380123,822,6,0
20122,2380123,824,7,0
20124,2380123,824,8,0
20126,2380123,825,9,0
20128,2380123,826,10,0
20159,2380123,828,11,0
20157,2380123,828,12,0
20155,2380123,828,13,0
20968,2380123,832,14,0
20970,2380123,833,15,0
20974,2380123,834,16,1
21207,2380122,755,1,0
20112,2380122,756,2,0
20114,2380122,757,3,0
20116,2380122,758,4,0
20118,2380122,760,5,0
20120,2380122,762,6,0
20122,2380122,764,7,0
20124,2380122,764,8,0
20126,2380122,765,9,0
20128,2380122,766,10,0
20159,2380122,768,11,0
20157,2380122,768,12,0
20155,2380122,768,13,0
20968,2380122,772,14,0
20970,2380122,773,15,0
20974,2380122,774,16,1
21207,2380125,935,1,0
20112,2380125,936,2,0
20114,2380125,937,3,0
20116,2380125,938,4,0
20118,2380125,940,5,0
20120,2380125,942,6,0
20122,2380125,944,7,0
20124,2380125,944,8,0
20126,2380125,945,9,0
20128,2380125,946,10,0
20159,2380125,948,11,0
20157,2380125,948,12,0
20155,2380125,948,13,0
20968,2380125,952,14,0
20970,2380125,953,15,0
20974,2380125,954,16,1
21207,2380124,875,1,0
20112,2380124,876,2,0
20114,2380124,877,3,0
20116,2380124,878,4,0
20118,2380124,880,5,0
20120,2380124,882,6,0
20122,2380124,884,7,0
20124,2380124,884,8,0
20126,2380124,885,9,0
20128,2380124,886,10,0
20159,2380124,888,11,0
20157,2380124,888,12,0
20155,2380124,888,13,0
20968,2380124,892,14,0
20970,2380124,893,15,0
20974,2380124,894,16,1
21207,2380119,575,1,0
20112,2380119,576,2,0
20114,2380119,577,3,0
20116,2380119,578,4,0
20118,2380119,580,5,0
20120,2380119,582,6,0
20122,2380119,584,7,0
20124,2380119,584,8,0
20126,2380119,585,9,0
20128,2380119,586,10,0
20159,2380119,588,11,0
20157,2380119,588,12,0
20155,2380119,588,13,0
20968,2380119,592,14,0
20970,2380119,593,15,0
20974,2380119,594,16,1
21207,2385284,995,1,0
20112,2385284,996,2,0
20114,2385284,997,3,0
20116,2385284,998,4,0
20118,2385284,1000,5,0
20120,2385284,1002,6,0
20122,2385284,1004,7,0
20124,2385284,1004,8,0
20126,2385284,1005,9,0
20128,2385284,1006,10,0
20159,2385284,1008,11,0
20157,2385284,1008,12,0
20155,2385284,1008,13,0
20968,2385284,1012,14,0
20970,2385284,1013,15,0
20974,2385284,1014,16,1
21207,2385285,1085,1,0
20112,2385285,1086,2,0
20114,2385285,1087,3,0
20116,2385285,1088,4,0
20118,2385285,1090,5,0
20120,2385285,1092,6,0
20122,2385285,1094,7,0
20124,2385285,1094,8,0
20126,2385285,1095,9,0
20128,2385285,1096,10,0
20159,2385285,1098,11,0
20157,2385285,1098,12,0
20155,2385285,1098,13,0
20968,2385285,1102,14,0
20970,2385285,1103,15,0
20974,2385285,1104,16,1
21207,2385286,1145,1,0
20112,2385286,1146,2,0
20114,2385286,1147,3,0
20116,2385286,1148,4,0
20118,2385286,1150,5,0
20120,2385286,1152,6,0
20122,2385286,1154,7,0
20124,2385286,1154,8,0
20126,2385286,1155,9,0
20128,2385286,1156,10,0
20159,2385286,1158,11,0
20157,2385286,1158,12,0
20155,2385286,1158,13,0
20968,2385286,1162,14,0
20970,2385286,1163,15,0
20974,2385286,1164,16,1
21207,2385281,725,1,0
20112,2385281,726,2,0
20114,2385281,727,3,0
20116,2385281,728,4,0
20118,2385281,730,5,0
20120,2385281,732,6,0
20122,2385281,734,7,0
20124,2385281,734,8,0
20126,2385281,735,9,0
20128,2385281,736,10,0
20159,2385281,738,11,0
20157,2385281,738,12,0
20155,2385281,738,13,0
20968,2385281,742,14,0
20970,2385281,743,15,0
20974,2385281,744,16,1
21207,2385280,635,1,0
20112,2385280,636,2,0
20114,2385280,637,3,0
20116,2385280,638,4,0
20118,2385280,640,5,0
20120,2385280,642,6,0
20122,2385280,644,7,0
20124,2385280,644,8,0
20126,2385280,645,9,0
20128,2385280,646,10,0
20159,2385280,648,11,0
20157,2385280,648,12,0
20155,2385280,648,13,0
20968,2385280,652,14,0
20970,2385280,653,15,0
20974,2385280,654,16,1
21207,2385283,905,1,0
20112,2385283,906,2,0
20114,2385283,907,3,0
20116,2385283,908,4,0
20118,2385283,910,5,0
20120,2385283,912,6,0
20122,2385283,914,7,0
20124,2385283,914,8,0
20126,2385283,915,9,0
20128,2385283,916,10,0
20159,2385283,918,11,0
20157,2385283,918,12,0
20155,2385283,918,13,0
20968,2385283,922,14,0
20970,2385283,923,15,0
20974,2385283,924,16,1
21207,2385282,815,1,0
20112,2385282,816,2,0
20114,2385282,817,3,0
20116,2385282,818,4,0
20118,2385282,820,5,0
20120,2385282,822,6,0
20122,2385282,824,7,0
20124,2385282,824,8,0
20126,2385282,825,9,0
20128,2385282,826,10,0
20159,2385282,828,11,0
20157,2385282,828,12,0
20155,2385282,828,13,0
20968,2385282,832,14,0
20970,2385282,833,15,0
20974,2385282,834,16,1
21207,2385279,545,1,0
20112,2385279,546,2,0
20114,2385279,547,3,0
20116,2385279,548,4,0
20118,2385279,550,5,0
20120,2385279,552,6,0
20122,2385279,554,7,0
20124,2385279,554,8,0
20126,2385279,555,9,0
20128,2385279,556,10,0
20159,2385279,558,11,0
20157,2385279,558,12,0
20155,2385279,558,13,0
20968,2385279,562,14,0
20970,2385279,563,15,0
20974,2385279,564,16,1
20974,2385277,1021,1,0
20973,2385277,1021,2,0
20971,2385277,1022,3,0
20969,2385277,1022,4,0
20156,2385277,1027,5,0
20158,2385277,1028,6,0
20160,2385277,1029,7,0
20129,2385277,1030,8,0
20127,2385277,1031,9,0
20125,2385277,1032,10,0
20123,2385277,1033,11,0
20121,2385277,1035,12,0
20119,2385277,1038,13,0
20117,2385277,1040,14,0
20115,2385277,1041,15,0
20113,2385277,1043,16,0
21206,2385277,1045,17,1
20974,2385278,1111,1,0
20973,2385278,1111,2,0
20971,2385278,1112,3,0
20969,2385278,1112,4,0
20156,2385278,1117,5,0
20158,2385278,1118,6,0
20160,2385278,1119,7,0
20129,2385278,1120,8,0
20127,2385278,1121,9,0
20125,2385278,1122,10,0
20123,2385278,1123,11,0
20121,2385278,1125,12,0
20119,2385278,1128,13,0
20117,2385278,1130,14,0
20115,2385278,1131,15,0
20113,2385278,1133,16,0
21206,2385278,1135,17,1
20974,2385275,841,1,0
20973,2385275,841,2,0
20971,2385275,842,3,0
20969,2385275,842,4,0
20156,2385275,847,5,0
20158,2385275,848,6,0
20160,2385275,849,7,0
20129,2385275,850,8,0
20127,2385275,851,9,0
20125,2385275,852,10,0
20123,2385275,853,11,0
20121,2385275,855,12,0
20119,2385275,858,13,0
20117,2385275,860,14,0
20115,2385275,861,15,0
20113,2385275,863,16,0
21206,2385275,865,17,1
20974,2385276,931,1,0
20973,2385276,931,2,0
20971,2385276,932,3,0
20969,2385276,932,4,0
20156,2385276,937,5,0
20158,2385276,938,6,0
20160,2385276,939,7,0
20129,2385276,940,8,0
20127,2385276,941,9,0
20125,2385276,942,10,0
20123,2385276,943,11,0
20121,2385276,945,12,0
20119,2385276,948,13,0
20117,2385276,950,14,0
20115,2385276,951,15,0
20113,2385276,953,16,0
21206,2385276,955,17,1
20974,2385273,661,1,0
20973,2385273,661,2,0
20971,2385273,662,3,0
20969,2385273,662,4,0
20156,2385273,667,5,0
20158,2385273,668,6,0
20160,2385273,669,7,0
20129,2385273,670,8,0
20127,2385273,671,9,0
20125,2385273,672,10,0
20123,2385273,673,11,0
20121,2385273,675,12,0
20119,2385273,678,13,0
20117,2385273,680,14,0
20115,2385273,681,15,0
20113,2385273,683,16,0
21206,2385273,685,17,1
20974,2385274,751,1,0
20973,2385274,751,2,0
20971,2385274,752,3,0
20969,2385274,752,4,0
20156,2385274,757,5,0
20158,2385274,758,6,0
20160,2385274,759,7,0
20129,2385274,760,8,0
20127,2385274,761,9,0
20125,2385274,762,10,0
20123,2385274,763,11,0
20121,2385274,765,12,0
20119,2385274,768,13,0
20117,2385274,770,14,0
20115,2385274,771,15,0
20113,2385274,773,16,0
21206,2385274,775,17,1
20974,2385272,572,1,0
20973,2385272,572,2,0
20971,2385272,573,3,0
20969,2385272,573,4,0
20156,2385272,578,5,0
20158,2385272,579,6,0
20160,2385272,580,7,0
20129,2385272,581,8,0
20127,2385272,582,9,0
20125,2385272,583,10,0
20123,2385272,584,11,0
20121,2385272,586,12,0
20119,2385272,588,13,0
20117,2385272,590,14,0
20115,2385272,591,15,0
20113,2385272,593,16,0
21206,2385272,595,17,1
20974,2385271,490,1,0
20973,2385271,490,2,0
20971,2385271,491,3,0
20969,2385271,491,4,0
20156,2385271,496,5,0
20158,2385271,497,6,0
20160,2385271,498,7,0
20129,2385271,499,8,0
20127,2385271,500,9,0
20125,2385271,502,10,0
20123,2385271,503,11,0
20121,2385271,505,12,0
20119,2385271,507,13,0
20117,2385271,509,14,0
20115,2385271,510,15,0
20113,2385271,511,16,0
21206,2385271,513,17,1
