arret_id,trajet_id,heure_depart,stop_sequence,terminus
20935,2379857,477,1,0
20933,2379857,478,2,0
20931,2379857,479,3,0
21231,2379857,480,4,0
20910,2379857,480,5,0
20908,2379857,482,6,0
20466,2379857,483,7,0
20468,2379857,484,8,0
20470,2379857,485,9,0
20472,2379857,487,10,0
20474,2379857,489,11,0
20136,2379857,491,12,0
20099,2379857,495,13,0
20024,2379857,497,14,0
21229,2379857,500,15,0
20291,2379857,502,16,0
20196,2379857,503,17,0
21210,2379857,505,18,1
20935,2379856,390,1,0
20933,2379856,391,2,0
20931,2379856,392,3,0
21231,2379856,393,4,0
20910,2379856,393,5,0
20908,2379856,395,6,0
20466,2379856,396,7,0
20468,2379856,397,8,0
20470,2379856,397,9,0
20472,2379856,398,10,0
20474,2379856,399,11,0
20136,2379856,400,12,0
20099,2379856,402,13,0
20024,2379856,404,14,0
21229,2379856,408,15,0
20291,2379856,411,16,0
20196,2379856,413,17,0
21210,2379856,415,18,1
20935,2379855,310,1,0
20933,2379855,311,2,0
20931,2379855,312,3,0
21231,2379855,313,4,0
20910,2379855,313,5,0
20908,2379855,315,6,0
20466,2379855,316,7,0
20468,2379855,317,8,0
20470,2379855,317,9,0
20472,2379855,318,10,0
20474,2379855,319,11,0
20136,2379855,320,12,0
20099,2379855,322,13,0
20024,2379855,324,14,0
21229,2379855,328,15,0
20291,2379855,331,16,0
20196,2379855,333,17,0
21210,2379855,335,18,1
21211,2379854,1085,1,0
20197,2379854,1086,2,0
20111,2379854,1089,3,0
21230,2379854,1093,4,0
20165,2379854,1094,5,0
20102,2379854,1095,6,0
20100,2379854,1097,7,0
20518,2379854,1098,8,0
20475,2379854,1098,9,0
20473,2379854,1099,10,0
20471,2379854,1100,11,0
20469,2379854,1101,12,0
20467,2379854,1101,13,0
20909,2379854,1103,14,0
20911,2379854,1104,15,0
21232,2379854,1104,16,0
20932,2379854,1106,17,0
20934,2379854,1107,18,0
20935,2379854,1110,19,1
21211,2379853,1025,1,0
20197,2379853,1026,2,0
20111,2379853,1029,3,0
21230,2379853,1033,4,0
20165,2379853,1034,5,0
20102,2379853,1035,6,0
20100,2379853,1037,7,0
20518,2379853,1038,8,0
20475,2379853,1038,9,0
20473,2379853,1039,10,0
20471,2379853,1040,11,0
20469,2379853,1041,12,0
20467,2379853,1041,13,0
20909,2379853,1043,14,0
20911,2379853,1044,15,0
21232,2379853,1044,16,0
20932,2379853,1046,17,0
20934,2379853,1047,18,0
20935,2379853,1050,19,1
21211,2379852,735,1,0
20197,2379852,736,2,0
20111,2379852,739,3,0
21230,2379852,743,4,0
20165,2379852,744,5,0
20102,2379852,745,6,0
20100,2379852,747,7,0
20518,2379852,748,8,0
20475,2379852,748,9,0
20473,2379852,749,10,0
20471,2379852,750,11,0
20469,2379852,751,12,0
20467,2379852,751,13,0
20909,2379852,753,14,0
20911,2379852,754,15,0
21232,2379852,754,16,0
20932,2379852,756,17,0
20934,2379852,757,18,0
20935,2379852,760,19,1
21211,2379851,480,1,0
20197,2379851,481,2,0
20111,2379851,484,3,0
21230,2379851,488,4,0
20165,2379851,489,5,0
20102,2379851,490,6,0
20100,2379851,492,7,0
20518,2379851,493,8,0
20475,2379851,493,9,0
20473,2379851,494,10,0
20471,2379851,495,11,0
20469,2379851,496,12,0
20467,2379851,496,13,0
20909,2379851,498,14,0
20911,2379851,499,15,0
21232,2379851,499,16,0
20932,2379851,501,17,0
20934,2379851,502,18,0
20935,2379851,505,19,1
20935,2379850,1055,1,0
20933,2379850,1056,2,0
20931,2379850,1057,3,0
21231,2379850,1058,4,0
20910,2379850,1058,5,0
20908,2379850,1060,6,0
20466,2379850,1061,7,0
20468,2379850,1062,8,0
20470,2379850,1062,9,0
20472,2379850,1064,10,0
20474,2379850,1064,11,0
20136,2379850,1065,12,0
20099,2379850,1068,13,0
20024,2379850,1070,14,0
21229,2379850,1073,15,0
20291,2379850,1076,16,0
20196,2379850,1078,17,0
21210,2379850,1080,18,1
20935,2379859,630,1,0
20933,2379859,631,2,0
20931,2379859,632,3,0
21231,2379859,633,4,0
20910,2379859,633,5,0
20908,2379859,635,6,0
20466,2379859,636,7,0
20468,2379859,637,8,0
20470,2379859,637,9,0
20472,2379859,639,10,0
20474,2379859,639,11,0
20136,2379859,640,12,0
20099,2379859,643,13,0
20024,2379859,645,14,0
21229,2379859,648,15,0
20291,2379859,651,16,0
20196,2379859,653,17,0
21210,2379859,655,18,1
20935,2379858,570,1,0
20933,2379858,571,2,0
20931,2379858,572,3,0
21231,2379858,573,4,0
20910,2379858,573,5,0
20908,2379858,575,6,0
20466,2379858,576,7,0
20468,2379858,577,8,0
20470,2379858,577,9,0
20472,2379858,579,10,0
20474,2379858,579,11,0
20136,2379858,580,12,0
20099,2379858,583,13,0
20024,2379858,585,14,0
21229,2379858,589,15,0
20291,2379858,592,16,0
20196,2379858,593,17,0
21210,2379858,595,18,1
20935,2379860,690,1,0
20933,2379860,691,2,0
20931,2379860,692,3,0
21231,2379860,693,4,0
20910,2379860,693,5,0
20908,2379860,695,6,0
20466,2379860,696,7,0
20468,2379860,697,8,0
20470,2379860,697,9,0
20472,2379860,699,10,0
20474,2379860,699,11,0
20136,2379860,700,12,0
20099,2379860,703,13,0
20024,2379860,705,14,0
21229,2379860,708,15,0
20291,2379860,711,16,0
20196,2379860,713,17,0
21210,2379860,715,18,1
20935,2379866,1170,1,0
20933,2379866,1171,2,0
20931,2379866,1172,3,0
21231,2379866,1173,4,0
20910,2379866,1173,5,0
20908,2379866,1175,6,0
20466,2379866,1176,7,0
20468,2379866,1177,8,0
20470,2379866,1177,9,0
20472,2379866,1178,10,0
20474,2379866,1179,11,0
20136,2379866,1180,12,0
20099,2379866,1182,13,0
20024,2379866,1184,14,0
21229,2379866,1188,15,0
20291,2379866,1191,16,0
20196,2379866,1193,17,0
21210,2379866,1195,18,1
20935,2379865,1110,1,0
20933,2379865,1111,2,0
20931,2379865,1112,3,0
21231,2379865,1113,4,0
20910,2379865,1113,5,0
20908,2379865,1115,6,0
20466,2379865,1116,7,0
20468,2379865,1117,8,0
20470,2379865,1117,9,0
20472,2379865,1119,10,0
20474,2379865,1119,11,0
20136,2379865,1120,12,0
20099,2379865,1123,13,0
20024,2379865,1125,14,0
21229,2379865,1128,15,0
20291,2379865,1131,16,0
20196,2379865,1133,17,0
21210,2379865,1135,18,1
21211,2379868,365,1,0
20197,2379868,366,2,0
20111,2379868,369,3,0
21230,2379868,373,4,0
20165,2379868,374,5,0
20102,2379868,375,6,0
20100,2379868,377,7,0
20518,2379868,378,8,0
20475,2379868,378,9,0
20473,2379868,379,10,0
20471,2379868,380,11,0
20469,2379868,381,12,0
20467,2379868,381,13,0
20909,2379868,383,14,0
20911,2379868,384,15,0
21232,2379868,384,16,0
20932,2379868,386,17,0
20934,2379868,387,18,0
20935,2379868,390,19,1
20935,2379867,1230,1,0
20933,2379867,1231,2,0
20931,2379867,1232,3,0
21231,2379867,1233,4,0
20910,2379867,1233,5,0
20908,2379867,1235,6,0
20466,2379867,1236,7,0
20468,2379867,1237,8,0
20470,2379867,1237,9,0
20472,2379867,1238,10,0
20474,2379867,1239,11,0
20136,2379867,1240,12,0
20099,2379867,1242,13,0
20024,2379867,1244,14,0
21229,2379867,1248,15,0
20291,2379867,1251,16,0
20196,2379867,1253,17,0
21210,2379867,1255,18,1
20935,2379862,900,1,0
20933,2379862,901,2,0
20931,2379862,902,3,0
21231,2379862,903,4,0
20910,2379862,903,5,0
20908,2379862,905,6,0
20466,2379862,906,7,0
20468,2379862,907,8,0
20470,2379862,907,9,0
20472,2379862,909,10,0
20474,2379862,909,11,0
20136,2379862,910,12,0
20099,2379862,913,13,0
20024,2379862,915,14,0
21229,2379862,918,15,0
20291,2379862,921,16,0
20196,2379862,923,17,0
21210,2379862,925,18,1
20935,2379861,750,1,0
20933,2379861,751,2,0
20931,2379861,752,3,0
21231,2379861,753,4,0
20910,2379861,753,5,0
20908,2379861,755,6,0
20466,2379861,756,7,0
20468,2379861,757,8,0
20470,2379861,757,9,0
20472,2379861,759,10,0
20474,2379861,759,11,0
20136,2379861,760,12,0
20099,2379861,763,13,0
20024,2379861,765,14,0
21229,2379861,768,15,0
20291,2379861,771,16,0
20196,2379861,773,17,0
21210,2379861,775,18,1
20935,2379864,990,1,0
20933,2379864,991,2,0
20931,2379864,992,3,0
21231,2379864,993,4,0
20910,2379864,993,5,0
20908,2379864,995,6,0
20466,2379864,996,7,0
20468,2379864,997,8,0
20470,2379864,997,9,0
20472,2379864,999,10,0
20474,2379864,999,11,0
20136,2379864,1000,12,0
20099,2379864,1003,13,0
20024,2379864,1005,14,0
21229,2379864,1008,15,0
20291,2379864,1011,16,0
20196,2379864,1013,17,0
21210,2379864,1015,18,1
20935,2379863,930,1,0
20933,2379863,931,2,0
20931,2379863,932,3,0
21231,2379863,933,4,0
20910,2379863,933,5,0
20908,2379863,935,6,0
20466,2379863,936,7,0
20468,2379863,937,8,0
20470,2379863,937,9,0
20472,2379863,939,10,0
20474,2379863,939,11,0
20136,2379863,940,12,0
20099,2379863,943,13,0
20024,2379863,945,14,0
21229,2379863,948,15,0
20291,2379863,951,16,0
20196,2379863,953,17,0
21210,2379863,955,18,1
21211,2379869,425,1,0
20197,2379869,426,2,0
20111,2379869,429,3,0
21230,2379869,433,4,0
20165,2379869,434,5,0
20102,2379869,435,6,0
20100,2379869,437,7,0
20518,2379869,438,8,0
20475,2379869,438,9,0
20473,2379869,439,10,0
20471,2379869,440,11,0
20469,2379869,441,12,0
20467,2379869,441,13,0
20909,2379869,443,14,0
20911,2379869,444,15,0
21232,2379869,444,16,0
20932,2379869,446,17,0
20934,2379869,447,18,0
20935,2379869,450,19,1
21211,2379870,545,1,0
20197,2379870,546,2,0
20111,2379870,549,3,0
21230,2379870,553,4,0
20165,2379870,554,5,0
20102,2379870,555,6,0
20100,2379870,557,7,0
20518,2379870,558,8,0
20475,2379870,558,9,0
20473,2379870,559,10,0
20471,2379870,560,11,0
20469,2379870,561,12,0
20467,2379870,561,13,0
20909,2379870,563,14,0
20911,2379870,564,15,0
21232,2379870,564,16,0
20932,2379870,566,17,0
20934,2379870,567,18,0
20935,2379870,570,19,1
21211,2379871,605,1,0
20197,2379871,606,2,0
20111,2379871,609,3,0
21230,2379871,613,4,0
20165,2379871,614,5,0
20102,2379871,615,6,0
20100,2379871,617,7,0
20518,2379871,618,8,0
20475,2379871,618,9,0
20473,2379871,619,10,0
20471,2379871,620,11,0
20469,2379871,621,12,0
20467,2379871,621,13,0
20909,2379871,623,14,0
20911,2379871,624,15,0
21232,2379871,624,16,0
20932,2379871,626,17,0
20934,2379871,627,18,0
20935,2379871,630,19,1
21211,2379875,905,1,0
20197,2379875,906,2,0
20111,2379875,909,3,0
21230,2379875,913,4,0
20165,2379875,914,5,0
20102,2379875,915,6,0
20100,2379875,917,7,0
20518,2379875,918,8,0
20475,2379875,918,9,0
20473,2379875,919,10,0
20471,2379875,920,11,0
20469,2379875,921,12,0
20467,2379875,921,13,0
20909,2379875,923,14,0
20911,2379875,924,15,0
21232,2379875,924,16,0
20932,2379875,926,17,0
20934,2379875,927,18,0
20935,2379875,930,19,1
21211,2379874,845,1,0
20197,2379874,846,2,0
20111,2379874,849,3,0
21230,2379874,853,4,0
20165,2379874,854,5,0
20102,2379874,855,6,0
20100,2379874,857,7,0
20518,2379874,858,8,0
20475,2379874,858,9,0
20473,2379874,859,10,0
20471,2379874,860,11,0
20469,2379874,861,12,0
20467,2379874,861,13,0
20909,2379874,863,14,0
20911,2379874,864,15,0
21232,2379874,864,16,0
20932,2379874,866,17,0
20934,2379874,867,18,0
20935,2379874,870,19,1
21211,2379873,785,1,0
20197,2379873,786,2,0
20111,2379873,789,3,0
21230,2379873,793,4,0
20165,2379873,794,5,0
20102,2379873,795,6,0
20100,2379873,797,7,0
20518,2379873,798,8,0
20475,2379873,798,9,0
20473,2379873,799,10,0
20471,2379873,800,11,0
20469,2379873,801,12,0
20467,2379873,801,13,0
20909,2379873,803,14,0
20911,2379873,804,15,0
21232,2379873,804,16,0
20932,2379873,806,17,0
20934,2379873,807,18,0
20935,2379873,810,19,1
21211,2379872,665,1,0
20197,2379872,666,2,0
20111,2379872,669,3,0
21230,2379872,673,4,0
20165,2379872,674,5,0
20102,2379872,675,6,0
20100,2379872,677,7,0
20518,2379872,678,8,0
20475,2379872,678,9,0
20473,2379872,679,10,0
20471,2379872,680,11,0
20469,2379872,681,12,0
20467,2379872,681,13,0
20909,2379872,683,14,0
20911,2379872,684,15,0
21232,2379872,684,16,0
20932,2379872,686,17,0
20934,2379872,687,18,0
20935,2379872,690,19,1
21211,2379879,1235,1,0
20197,2379879,1236,2,0
20111,2379879,1239,3,0
21230,2379879,1243,4,0
20165,2379879,1244,5,0
20102,2379879,1245,6,0
20100,2379879,1247,7,0
20518,2379879,1248,8,0
20475,2379879,1248,9,0
20473,2379879,1249,10,0
20471,2379879,1250,11,0
20469,2379879,1251,12,0
20467,2379879,1251,13,0
20909,2379879,1253,14,0
20911,2379879,1254,15,0
21232,2379879,1254,16,0
20932,2379879,1256,17,0
20934,2379879,1257,18,0
20935,2379879,1260,19,1
21211,2379878,1175,1,0
20197,2379878,1176,2,0
20111,2379878,1179,3,0
21230,2379878,1183,4,0
20165,2379878,1184,5,0
20102,2379878,1185,6,0
20100,2379878,1187,7,0
20518,2379878,1188,8,0
20475,2379878,1188,9,0
20473,2379878,1189,10,0
20471,2379878,1190,11,0
20469,2379878,1191,12,0
20467,2379878,1191,13,0
20909,2379878,1193,14,0
20911,2379878,1194,15,0
21232,2379878,1194,16,0
20932,2379878,1196,17,0
20934,2379878,1197,18,0
20935,2379878,1200,19,1
21211,2379877,1145,1,0
20197,2379877,1146,2,0
20111,2379877,1149,3,0
21230,2379877,1153,4,0
20165,2379877,1154,5,0
20102,2379877,1155,6,0
20100,2379877,1157,7,0
20518,2379877,1158,8,0
20475,2379877,1158,9,0
20473,2379877,1159,10,0
20471,2379877,1160,11,0
20469,2379877,1161,12,0
20467,2379877,1161,13,0
20909,2379877,1163,14,0
20911,2379877,1164,15,0
21232,2379877,1164,16,0
20932,2379877,1166,17,0
20934,2379877,1167,18,0
20935,2379877,1170,19,1
21211,2379876,965,1,0
20197,2379876,966,2,0
20111,2379876,969,3,0
21230,2379876,973,4,0
20165,2379876,974,5,0
20102,2379876,975,6,0
20100,2379876,977,7,0
20518,2379876,978,8,0
20475,2379876,978,9,0
20473,2379876,979,10,0
20471,2379876,980,11,0
20469,2379876,981,12,0
20467,2379876,981,13,0
20909,2379876,983,14,0
20911,2379876,984,15,0
21232,2379876,984,16,0
20932,2379876,986,17,0
20934,2379876,987,18,0
20935,2379876,990,19,1
20935,2379880,445,1,0
20933,2379880,446,2,0
20931,2379880,447,3,0
21231,2379880,448,4,0
20910,2379880,448,5,0
20908,2379880,450,6,0
20466,2379880,451,7,0
20468,2379880,452,8,0
20470,2379880,453,9,0
20472,2379880,455,10,0
20474,2379880,457,11,0
20136,2379880,459,12,0
20099,2379880,463,13,0
20024,2379880,464,14,0
21229,2379880,466,15,0
20291,2379880,468,16,0
20196,2379880,469,17,0
21210,2379880,470,18,1
20935,2379881,510,1,0
20933,2379881,511,2,0
20931,2379881,512,3,0
21231,2379881,513,4,0
20910,2379881,513,5,0
20908,2379881,515,6,0
20466,2379881,516,7,0
20468,2379881,517,8,0
20470,2379881,518,9,0
20472,2379881,519,10,0
20474,2379881,520,11,0
20136,2379881,522,12,0
20099,2379881,525,13,0
20024,2379881,527,14,0
21229,2379881,530,15,0
20291,2379881,532,16,0
20196,2379881,533,17,0
21210,2379881,535,18,1
20935,2379882,810,1,0
20933,2379882,811,2,0
20931,2379882,812,3,0
21231,2379882,813,4,0
20910,2379882,813,5,0
20908,2379882,815,6,0
20466,2379882,816,7,0
20468,2379882,817,8,0
20470,2379882,818,9,0
20472,2379882,819,10,0
20474,2379882,820,11,0
20136,2379882,821,12,0
20099,2379882,824,13,0
20024,2379882,826,14,0
21229,2379882,829,15,0
20291,2379882,832,16,0
20196,2379882,833,17,0
21210,2379882,835,18,1
21211,2379884,480,1,0
20197,2379884,481,2,0
20111,2379884,484,3,0
21230,2379884,488,4,0
20165,2379884,489,5,0
20102,2379884,490,6,0
20100,2379884,492,7,0
20518,2379884,493,8,0
20475,2379884,493,9,0
20473,2379884,494,10,0
20471,2379884,495,11,0
20469,2379884,496,12,0
20467,2379884,496,13,0
20909,2379884,498,14,0
20911,2379884,499,15,0
21232,2379884,499,16,0
20932,2379884,501,17,0
20934,2379884,502,18,0
20935,2379884,505,19,1
20935,2379883,1055,1,0
20933,2379883,1056,2,0
20931,2379883,1057,3,0
21231,2379883,1058,4,0
20910,2379883,1058,5,0
20908,2379883,1060,6,0
20466,2379883,1061,7,0
20468,2379883,1062,8,0
20470,2379883,1062,9,0
20472,2379883,1064,10,0
20474,2379883,1064,11,0
20136,2379883,1065,12,0
20099,2379883,1068,13,0
20024,2379883,1070,14,0
21229,2379883,1073,15,0
20291,2379883,1076,16,0
20196,2379883,1078,17,0
21210,2379883,1080,18,1
21211,2379886,1025,1,0
20197,2379886,1026,2,0
20111,2379886,1029,3,0
21230,2379886,1033,4,0
20165,2379886,1034,5,0
20102,2379886,1035,6,0
20100,2379886,1037,7,0
20518,2379886,1038,8,0
20475,2379886,1038,9,0
20473,2379886,1039,10,0
20471,2379886,1040,11,0
20469,2379886,1041,12,0
20467,2379886,1041,13,0
20909,2379886,1043,14,0
20911,2379886,1044,15,0
21232,2379886,1044,16,0
20932,2379886,1046,17,0
20934,2379886,1047,18,0
20935,2379886,1050,19,1
21211,2379885,735,1,0
20197,2379885,736,2,0
20111,2379885,739,3,0
21230,2379885,743,4,0
20165,2379885,744,5,0
20102,2379885,745,6,0
20100,2379885,747,7,0
20518,2379885,748,8,0
20475,2379885,748,9,0
20473,2379885,749,10,0
20471,2379885,750,11,0
20469,2379885,751,12,0
20467,2379885,751,13,0
20909,2379885,753,14,0
20911,2379885,754,15,0
21232,2379885,754,16,0
20932,2379885,756,17,0
20934,2379885,757,18,0
20935,2379885,760,19,1
20935,2379888,310,1,0
20933,2379888,311,2,0
20931,2379888,312,3,0
21231,2379888,313,4,0
20910,2379888,313,5,0
20908,2379888,315,6,0
20466,2379888,316,7,0
20468,2379888,317,8,0
20470,2379888,317,9,0
20472,2379888,318,10,0
20474,2379888,319,11,0
20136,2379888,320,12,0
20099,2379888,322,13,0
20024,2379888,324,14,0
21229,2379888,328,15,0
20291,2379888,331,16,0
20196,2379888,333,17,0
21210,2379888,335,18,1
21211,2379887,1085,1,0
20197,2379887,1086,2,0
20111,2379887,1089,3,0
21230,2379887,1093,4,0
20165,2379887,1094,5,0
20102,2379887,1095,6,0
20100,2379887,1097,7,0
20518,2379887,1098,8,0
20475,2379887,1098,9,0
20473,2379887,1099,10,0
20471,2379887,1100,11,0
20469,2379887,1101,12,0
20467,2379887,1101,13,0
20909,2379887,1103,14,0
20911,2379887,1104,15,0
21232,2379887,1104,16,0
20932,2379887,1106,17,0
20934,2379887,1107,18,0
20935,2379887,1110,19,1
20935,2379889,390,1,0
20933,2379889,391,2,0
20931,2379889,392,3,0
21231,2379889,393,4,0
20910,2379889,393,5,0
20908,2379889,395,6,0
20466,2379889,396,7,0
20468,2379889,397,8,0
20470,2379889,397,9,0
20472,2379889,398,10,0
20474,2379889,399,11,0
20136,2379889,400,12,0
20099,2379889,402,13,0
20024,2379889,404,14,0
21229,2379889,408,15,0
20291,2379889,411,16,0
20196,2379889,413,17,0
21210,2379889,415,18,1
20935,2379893,690,1,0
20933,2379893,691,2,0
20931,2379893,692,3,0
21231,2379893,693,4,0
20910,2379893,693,5,0
20908,2379893,695,6,0
20466,2379893,696,7,0
20468,2379893,697,8,0
20470,2379893,697,9,0
20472,2379893,699,10,0
20474,2379893,699,11,0
20136,2379893,700,12,0
20099,2379893,703,13,0
20024,2379893,705,14,0
21229,2379893,708,15,0
20291,2379893,711,16,0
20196,2379893,713,17,0
21210,2379893,715,18,1
20935,2379892,630,1,0
20933,2379892,631,2,0
20931,2379892,632,3,0
21231,2379892,633,4,0
20910,2379892,633,5,0
20908,2379892,635,6,0
20466,2379892,636,7,0
20468,2379892,637,8,0
20470,2379892,637,9,0
20472,2379892,639,10,0
20474,2379892,639,11,0
20136,2379892,640,12,0
20099,2379892,643,13,0
20024,2379892,645,14,0
21229,2379892,648,15,0
20291,2379892,651,16,0
20196,2379892,653,17,0
21210,2379892,655,18,1
20935,2379891,570,1,0
20933,2379891,571,2,0
20931,2379891,572,3,0
21231,2379891,573,4,0
20910,2379891,573,5,0
20908,2379891,575,6,0
20466,2379891,576,7,0
20468,2379891,577,8,0
20470,2379891,577,9,0
20472,2379891,579,10,0
20474,2379891,579,11,0
20136,2379891,580,12,0
20099,2379891,583,13,0
20024,2379891,585,14,0
21229,2379891,589,15,0
20291,2379891,592,16,0
20196,2379891,593,17,0
21210,2379891,595,18,1
20935,2379890,477,1,0
20933,2379890,478,2,0
20931,2379890,479,3,0
21231,2379890,480,4,0
20910,2379890,480,5,0
20908,2379890,482,6,0
20466,2379890,483,7,0
20468,2379890,484,8,0
20470,2379890,485,9,0
20472,2379890,487,10,0
20474,2379890,489,11,0
20136,2379890,491,12,0
20099,2379890,495,13,0
20024,2379890,497,14,0
21229,2379890,500,15,0
20291,2379890,502,16,0
20196,2379890,503,17,0
21210,2379890,505,18,1
20935,2379898,1110,1,0
20933,2379898,1111,2,0
20931,2379898,1112,3,0
21231,2379898,1113,4,0
20910,2379898,1113,5,0
20908,2379898,1115,6,0
20466,2379898,1116,7,0
20468,2379898,1117,8,0
20470,2379898,1117,9,0
20472,2379898,1119,10,0
20474,2379898,1119,11,0
20136,2379898,1120,12,0
20099,2379898,1123,13,0
20024,2379898,1125,14,0
21229,2379898,1128,15,0
20291,2379898,1131,16,0
20196,2379898,1133,17,0
21210,2379898,1135,18,1
20935,2379899,1170,1,0
20933,2379899,1171,2,0
20931,2379899,1172,3,0
21231,2379899,1173,4,0
20910,2379899,1173,5,0
20908,2379899,1175,6,0
20466,2379899,1176,7,0
20468,2379899,1177,8,0
20470,2379899,1177,9,0
20472,2379899,1178,10,0
20474,2379899,1179,11,0
20136,2379899,1180,12,0
20099,2379899,1182,13,0
20024,2379899,1184,14,0
21229,2379899,1188,15,0
20291,2379899,1191,16,0
20196,2379899,1193,17,0
21210,2379899,1195,18,1
20935,2379896,930,1,0
20933,2379896,931,2,0
20931,2379896,932,3,0
21231,2379896,933,4,0
20910,2379896,933,5,0
20908,2379896,935,6,0
20466,2379896,936,7,0
20468,2379896,937,8,0
20470,2379896,937,9,0
20472,2379896,939,10,0
20474,2379896,939,11,0
20136,2379896,940,12,0
20099,2379896,943,13,0
20024,2379896,945,14,0
21229,2379896,948,15,0
20291,2379896,951,16,0
20196,2379896,953,17,0
21210,2379896,955,18,1
20935,2379897,990,1,0
20933,2379897,991,2,0
20931,2379897,992,3,0
21231,2379897,993,4,0
20910,2379897,993,5,0
20908,2379897,995,6,0
20466,2379897,996,7,0
20468,2379897,997,8,0
20470,2379897,997,9,0
20472,2379897,999,10,0
20474,2379897,999,11,0
20136,2379897,1000,12,0
20099,2379897,1003,13,0
20024,2379897,1005,14,0
21229,2379897,1008,15,0
20291,2379897,1011,16,0
20196,2379897,1013,17,0
21210,2379897,1015,18,1
20935,2379894,750,1,0
20933,2379894,751,2,0
20931,2379894,752,3,0
21231,2379894,753,4,0
20910,2379894,753,5,0
20908,2379894,755,6,0
20466,2379894,756,7,0
20468,2379894,757,8,0
20470,2379894,757,9,0
20472,2379894,759,10,0
20474,2379894,759,11,0
20136,2379894,760,12,0
20099,2379894,763,13,0
20024,2379894,765,14,0
21229,2379894,768,15,0
20291,2379894,771,16,0
20196,2379894,773,17,0
21210,2379894,775,18,1
20935,2379895,900,1,0
20933,2379895,901,2,0
20931,2379895,902,3,0
21231,2379895,903,4,0
20910,2379895,903,5,0
20908,2379895,905,6,0
20466,2379895,906,7,0
20468,2379895,907,8,0
20470,2379895,907,9,0
20472,2379895,909,10,0
20474,2379895,909,11,0
20136,2379895,910,12,0
20099,2379895,913,13,0
20024,2379895,915,14,0
21229,2379895,918,15,0
20291,2379895,921,16,0
20196,2379895,923,17,0
21210,2379895,925,18,1
20935,2379849,810,1,0
20933,2379849,811,2,0
20931,2379849,812,3,0
21231,2379849,813,4,0
20910,2379849,813,5,0
20908,2379849,815,6,0
20466,2379849,816,7,0
20468,2379849,817,8,0
20470,2379849,818,9,0
20472,2379849,819,10,0
20474,2379849,820,11,0
20136,2379849,821,12,0
20099,2379849,824,13,0
20024,2379849,826,14,0
21229,2379849,829,15,0
20291,2379849,832,16,0
20196,2379849,833,17,0
21210,2379849,835,18,1
20935,2379847,445,1,0
20933,2379847,446,2,0
20931,2379847,447,3,0
21231,2379847,448,4,0
20910,2379847,448,5,0
20908,2379847,450,6,0
20466,2379847,451,7,0
20468,2379847,452,8,0
20470,2379847,453,9,0
20472,2379847,455,10,0
20474,2379847,457,11,0
20136,2379847,459,12,0
20099,2379847,463,13,0
20024,2379847,464,14,0
21229,2379847,466,15,0
20291,2379847,468,16,0
20196,2379847,469,17,0
21210,2379847,470,18,1
20935,2379848,510,1,0
20933,2379848,511,2,0
20931,2379848,512,3,0
21231,2379848,513,4,0
20910,2379848,513,5,0
20908,2379848,515,6,0
20466,2379848,516,7,0
20468,2379848,517,8,0
20470,2379848,518,9,0
20472,2379848,519,10,0
20474,2379848,520,11,0
20136,2379848,522,12,0
20099,2379848,525,13,0
20024,2379848,527,14,0
21229,2379848,530,15,0
20291,2379848,532,16,0
20196,2379848,533,17,0
21210,2379848,535,18,1
21211,2379910,1145,1,0
20197,2379910,1146,2,0
20111,2379910,1149,3,0
21230,2379910,1153,4,0
20165,2379910,1154,5,0
20102,2379910,1155,6,0
20100,2379910,1157,7,0
20518,2379910,1158,8,0
20475,2379910,1158,9,0
20473,2379910,1159,10,0
20471,2379910,1160,11,0
20469,2379910,1161,12,0
20467,2379910,1161,13,0
20909,2379910,1163,14,0
20911,2379910,1164,15,0
21232,2379910,1164,16,0
20932,2379910,1166,17,0
20934,2379910,1167,18,0
20935,2379910,1170,19,1
21211,2379912,1235,1,0
20197,2379912,1236,2,0
20111,2379912,1239,3,0
21230,2379912,1243,4,0
20165,2379912,1244,5,0
20102,2379912,1245,6,0
20100,2379912,1247,7,0
20518,2379912,1248,8,0
20475,2379912,1248,9,0
20473,2379912,1249,10,0
20471,2379912,1250,11,0
20469,2379912,1251,12,0
20467,2379912,1251,13,0
20909,2379912,1253,14,0
20911,2379912,1254,15,0
21232,2379912,1254,16,0
20932,2379912,1256,17,0
20934,2379912,1257,18,0
20935,2379912,1260,19,1
21211,2379911,1175,1,0
20197,2379911,1176,2,0
20111,2379911,1179,3,0
21230,2379911,1183,4,0
20165,2379911,1184,5,0
20102,2379911,1185,6,0
20100,2379911,1187,7,0
20518,2379911,1188,8,0
20475,2379911,1188,9,0
20473,2379911,1189,10,0
20471,2379911,1190,11,0
20469,2379911,1191,12,0
20467,2379911,1191,13,0
20909,2379911,1193,14,0
20911,2379911,1194,15,0
21232,2379911,1194,16,0
20932,2379911,1196,17,0
20934,2379911,1197,18,0
20935,2379911,1200,19,1
21211,2379909,965,1,0
20197,2379909,966,2,0
20111,2379909,969,3,0
21230,2379909,973,4,0
20165,2379909,974,5,0
20102,2379909,975,6,0
20100,2379909,977,7,0
20518,2379909,978,8,0
20475,2379909,978,9,0
20473,2379909,979,10,0
20471,2379909,980,11,0
20469,2379909,981,12,0
20467,2379909,981,13,0
20909,2379909,983,14,0
20911,2379909,984,15,0
21232,2379909,984,16,0
20932,2379909,986,17,0
20934,2379909,987,18,0
20935,2379909,990,19,1
21211,2379908,905,1,0
20197,2379908,906,2,0
20111,2379908,909,3,0
21230,2379908,913,4,0
20165,2379908,914,5,0
20102,2379908,915,6,0
20100,2379908,917,7,0
20518,2379908,918,8,0
20475,2379908,918,9,0
20473,2379908,919,10,0
20471,2379908,920,11,0
20469,2379908,921,12,0
20467,2379908,921,13,0
20909,2379908,923,14,0
20911,2379908,924,15,0
21232,2379908,924,16,0
20932,2379908,926,17,0
20934,2379908,927,18,0
20935,2379908,930,19,1
21211,2379907,845,1,0
20197,2379907,846,2,0
20111,2379907,849,3,0
21230,2379907,853,4,0
20165,2379907,854,5,0
20102,2379907,855,6,0
20100,2379907,857,7,0
20518,2379907,858,8,0
20475,2379907,858,9,0
20473,2379907,859,10,0
20471,2379907,860,11,0
20469,2379907,861,12,0
20467,2379907,861,13,0
20909,2379907,863,14,0
20911,2379907,864,15,0
21232,2379907,864,16,0
20932,2379907,866,17,0
20934,2379907,867,18,0
20935,2379907,870,19,1
21211,2379906,785,1,0
20197,2379906,786,2,0
20111,2379906,789,3,0
21230,2379906,793,4,0
20165,2379906,794,5,0
20102,2379906,795,6,0
20100,2379906,797,7,0
20518,2379906,798,8,0
20475,2379906,798,9,0
20473,2379906,799,10,0
20471,2379906,800,11,0
20469,2379906,801,12,0
20467,2379906,801,13,0
20909,2379906,803,14,0
20911,2379906,804,15,0
21232,2379906,804,16,0
20932,2379906,806,17,0
20934,2379906,807,18,0
20935,2379906,810,19,1
21211,2379905,665,1,0
20197,2379905,666,2,0
20111,2379905,669,3,0
21230,2379905,673,4,0
20165,2379905,674,5,0
20102,2379905,675,6,0
20100,2379905,677,7,0
20518,2379905,678,8,0
20475,2379905,678,9,0
20473,2379905,679,10,0
20471,2379905,680,11,0
20469,2379905,681,12,0
20467,2379905,681,13,0
20909,2379905,683,14,0
20911,2379905,684,15,0
21232,2379905,684,16,0
20932,2379905,686,17,0
20934,2379905,687,18,0
20935,2379905,690,19,1
21211,2379904,605,1,0
20197,2379904,606,2,0
20111,2379904,609,3,0
21230,2379904,613,4,0
20165,2379904,614,5,0
20102,2379904,615,6,0
20100,2379904,617,7,0
20518,2379904,618,8,0
20475,2379904,618,9,0
20473,2379904,619,10,0
20471,2379904,620,11,0
20469,2379904,621,12,0
20467,2379904,621,13,0
20909,2379904,623,14,0
20911,2379904,624,15,0
21232,2379904,624,16,0
20932,2379904,626,17,0
20934,2379904,627,18,0
20935,2379904,630,19,1
21211,2379903,545,1,0
20197,2379903,546,2,0
20111,2379903,549,3,0
21230,2379903,553,4,0
20165,2379903,554,5,0
20102,2379903,555,6,0
20100,2379903,557,7,0
20518,2379903,558,8,0
20475,2379903,558,9,0
20473,2379903,559,10,0
20471,2379903,560,11,0
20469,2379903,561,12,0
20467,2379903,561,13,0
20909,2379903,563,14,0
20911,2379903,564,15,0
21232,2379903,564,16,0
20932,2379903,566,17,0
20934,2379903,567,18,0
20935,2379903,570,19,1
21211,2379902,425,1,0
20197,2379902,426,2,0
20111,2379902,429,3,0
21230,2379902,433,4,0
20165,2379902,434,5,0
20102,2379902,435,6,0
20100,2379902,437,7,0
20518,2379902,438,8,0
20475,2379902,438,9,0
20473,2379902,439,10,0
20471,2379902,440,11,0
20469,2379902,441,12,0
20467,2379902,441,13,0
20909,2379902,443,14,0
20911,2379902,444,15,0
21232,2379902,444,16,0
20932,2379902,446,17,0
20934,2379902,447,18,0
20935,2379902,450,19,1
21211,2379901,365,1,0
20197,2379901,366,2,0
20111,2379901,369,3,0
21230,2379901,373,4,0
20165,2379901,374,5,0
20102,2379901,375,6,0
20100,2379901,377,7,0
20518,2379901,378,8,0
20475,2379901,378,9,0
20473,2379901,379,10,0
20471,2379901,380,11,0
20469,2379901,381,12,0
20467,2379901,381,13,0
20909,2379901,383,14,0
20911,2379901,384,15,0
21232,2379901,384,16,0
20932,2379901,386,17,0
20934,2379901,387,18,0
20935,2379901,390,19,1
20935,2379900,1230,1,0
20933,2379900,1231,2,0
20931,2379900,1232,3,0
21231,2379900,1233,4,0
20910,2379900,1233,5,0
20908,2379900,1235,6,0
20466,2379900,1236,7,0
20468,2379900,1237,8,0
20470,2379900,1237,9,0
20472,2379900,1238,10,0
20474,2379900,1239,11,0
20136,2379900,1240,12,0
20099,2379900,1242,13,0
20024,2379900,1244,14,0
21229,2379900,1248,15,0
20291,2379900,1251,16,0
20196,2379900,1253,17,0
21210,2379900,1255,18,1
20935,439436,480,1,0
20933,439436,481,2,0
20931,439436,482,3,0
21231,439436,483,4,0
20910,439436,483,5,0
20908,439436,485,6,0
20466,439436,486,7,0
20468,439436,487,8,0
20470,439436,488,9,0
20472,439436,489,10,0
20474,439436,490,11,0
20136,439436,492,12,0
20099,439436,495,13,0
20024,439436,497,14,0
21229,439436,500,15,0
20291,439436,502,16,0
20196,439436,503,17,0
21210,439436,505,18,1
20935,439438,840,1,0
20933,439438,841,2,0
20931,439438,842,3,0
21231,439438,843,4,0
20910,439438,843,5,0
20908,439438,845,6,0
20466,439438,846,7,0
20468,439438,847,8,0
20470,439438,847,9,0
20472,439438,849,10,0
20474,439438,849,11,0
20136,439438,850,12,0
20099,439438,853,13,0
20024,439438,855,14,0
21229,439438,858,15,0
20291,439438,861,16,0
20196,439438,863,17,0
21210,439438,865,18,1
21211,439437,545,1,0
20197,439437,546,2,0
20111,439437,549,3,0
21230,439437,553,4,0
20165,439437,554,5,0
20102,439437,555,6,0
20100,439437,557,7,0
20518,439437,558,8,0
20475,439437,558,9,0
20473,439437,559,10,0
20471,439437,560,11,0
20469,439437,561,12,0
20467,439437,561,13,0
20909,439437,563,14,0
20911,439437,564,15,0
21232,439437,564,16,0
20932,439437,566,17,0
20934,439437,567,18,0
20935,439437,570,19,1
20935,439450,1110,1,0
20933,439450,1111,2,0
20931,439450,1112,3,0
21231,439450,1113,4,0
20910,439450,1113,5,0
20908,439450,1115,6,0
20466,439450,1116,7,0
20468,439450,1117,8,0
20470,439450,1117,9,0
20472,439450,1119,10,0
20474,439450,1119,11,0
20136,439450,1120,12,0
20099,439450,1123,13,0
20024,439450,1125,14,0
21229,439450,1128,15,0
20291,439450,1131,16,0
20196,439450,1133,17,0
21210,439450,1135,18,1
21211,439451,1145,1,0
20197,439451,1146,2,0
20111,439451,1149,3,0
21230,439451,1153,4,0
20165,439451,1154,5,0
20102,439451,1155,6,0
20100,439451,1157,7,0
20518,439451,1158,8,0
20475,439451,1158,9,0
20473,439451,1159,10,0
20471,439451,1160,11,0
20469,439451,1161,12,0
20467,439451,1161,13,0
20909,439451,1163,14,0
20911,439451,1164,15,0
21232,439451,1164,16,0
20932,439451,1166,17,0
20934,439451,1167,18,0
20935,439451,1170,19,1
20935,439441,570,1,0
20933,439441,571,2,0
20931,439441,572,3,0
21231,439441,573,4,0
20910,439441,573,5,0
20908,439441,575,6,0
20466,439441,576,7,0
20468,439441,577,8,0
20470,439441,577,9,0
20472,439441,579,10,0
20474,439441,579,11,0
20136,439441,580,12,0
20099,439441,583,13,0
20024,439441,585,14,0
21229,439441,589,15,0
20291,439441,592,16,0
20196,439441,593,17,0
21210,439441,595,18,1
21211,439440,725,1,0
20197,439440,726,2,0
20111,439440,729,3,0
21230,439440,733,4,0
20165,439440,734,5,0
20102,439440,735,6,0
20100,439440,737,7,0
20518,439440,738,8,0
20475,439440,738,9,0
20473,439440,739,10,0
20471,439440,740,11,0
20469,439440,741,12,0
20467,439440,741,13,0
20909,439440,743,14,0
20911,439440,744,15,0
21232,439440,744,16,0
20932,439440,746,17,0
20934,439440,747,18,0
20935,439440,750,19,1
20935,439445,660,1,0
20933,439445,661,2,0
20931,439445,662,3,0
21231,439445,663,4,0
20910,439445,663,5,0
20908,439445,665,6,0
20466,439445,666,7,0
20468,439445,667,8,0
20470,439445,667,9,0
20472,439445,669,10,0
20474,439445,669,11,0
20136,439445,670,12,0
20099,439445,673,13,0
20024,439445,675,14,0
21229,439445,678,15,0
20291,439445,681,16,0
20196,439445,683,17,0
21210,439445,685,18,1
21211,439444,905,1,0
20197,439444,906,2,0
20111,439444,909,3,0
21230,439444,913,4,0
20165,439444,914,5,0
20102,439444,915,6,0
20100,439444,917,7,0
20518,439444,918,8,0
20475,439444,918,9,0
20473,439444,919,10,0
20471,439444,920,11,0
20469,439444,921,12,0
20467,439444,921,13,0
20909,439444,923,14,0
20911,439444,924,15,0
21232,439444,924,16,0
20932,439444,926,17,0
20934,439444,927,18,0
20935,439444,930,19,1
21211,439443,815,1,0
20197,439443,816,2,0
20111,439443,819,3,0
21230,439443,823,4,0
20165,439443,824,5,0
20102,439443,825,6,0
20100,439443,827,7,0
20518,439443,828,8,0
20475,439443,828,9,0
20473,439443,829,10,0
20471,439443,830,11,0
20469,439443,831,12,0
20467,439443,831,13,0
20909,439443,833,14,0
20911,439443,834,15,0
21232,439443,834,16,0
20932,439443,836,17,0
20934,439443,837,18,0
20935,439443,840,19,1
20935,439442,930,1,0
20933,439442,931,2,0
20931,439442,932,3,0
21231,439442,933,4,0
20910,439442,933,5,0
20908,439442,935,6,0
20466,439442,936,7,0
20468,439442,937,8,0
20470,439442,937,9,0
20472,439442,939,10,0
20474,439442,939,11,0
20136,439442,940,12,0
20099,439442,943,13,0
20024,439442,945,14,0
21229,439442,948,15,0
20291,439442,951,16,0
20196,439442,953,17,0
21210,439442,955,18,1
20935,439449,750,1,0
20933,439449,751,2,0
20931,439449,752,3,0
21231,439449,753,4,0
20910,439449,753,5,0
20908,439449,755,6,0
20466,439449,756,7,0
20468,439449,757,8,0
20470,439449,757,9,0
20472,439449,759,10,0
20474,439449,759,11,0
20136,439449,760,12,0
20099,439449,763,13,0
20024,439449,765,14,0
21229,439449,768,15,0
20291,439449,771,16,0
20196,439449,773,17,0
21210,439449,775,18,1
21211,439448,1085,1,0
20197,439448,1086,2,0
20111,439448,1089,3,0
21230,439448,1093,4,0
20165,439448,1094,5,0
20102,439448,1095,6,0
20100,439448,1097,7,0
20518,439448,1098,8,0
20475,439448,1098,9,0
20473,439448,1099,10,0
20471,439448,1100,11,0
20469,439448,1101,12,0
20467,439448,1101,13,0
20909,439448,1103,14,0
20911,439448,1104,15,0
21232,439448,1104,16,0
20932,439448,1106,17,0
20934,439448,1107,18,0
20935,439448,1110,19,1
21211,439447,995,1,0
20197,439447,996,2,0
20111,439447,999,3,0
21230,439447,1003,4,0
20165,439447,1004,5,0
20102,439447,1005,6,0
20100,439447,1007,7,0
20518,439447,1008,8,0
20475,439447,1008,9,0
20473,439447,1009,10,0
20471,439447,1010,11,0
20469,439447,1011,12,0
20467,439447,1011,13,0
20909,439447,1013,14,0
20911,439447,1014,15,0
21232,439447,1014,16,0
20932,439447,1016,17,0
20934,439447,1017,18,0
20935,439447,1020,19,1
20935,439446,1020,1,0
20933,439446,1021,2,0
20931,439446,1022,3,0
21231,439446,1023,4,0
20910,439446,1023,5,0
20908,439446,1025,6,0
20466,439446,1026,7,0
20468,439446,1027,8,0
20470,439446,1027,9,0
20472,439446,1029,10,0
20474,439446,1029,11,0
20136,439446,1030,12,0
20099,439446,1033,13,0
20024,439446,1035,14,0
21229,439446,1038,15,0
20291,439446,1041,16,0
20196,439446,1043,17,0
21210,439446,1045,18,1
21211,439439,635,1,0
20197,439439,636,2,0
20111,439439,639,3,0
21230,439439,643,4,0
20165,439439,644,5,0
20102,439439,645,6,0
20100,439439,647,7,0
20518,439439,648,8,0
20475,439439,648,9,0
20473,439439,649,10,0
20471,439439,650,11,0
20469,439439,651,12,0
20467,439439,651,13,0
20909,439439,653,14,0
20911,439439,654,15,0
21232,439439,654,16,0
20932,439439,656,17,0
20934,439439,657,18,0
20935,439439,660,19,1
20935,393797,510,1,0
20933,393797,511,2,0
20931,393797,512,3,0
21231,393797,513,4,0
20910,393797,513,5,0
20908,393797,515,6,0
20466,393797,516,7,0
20468,393797,517,8,0
20470,393797,518,9,0
20472,393797,519,10,0
20474,393797,520,11,0
20136,393797,522,12,0
20099,393797,525,13,0
20024,393797,527,14,0
21229,393797,530,15,0
20291,393797,532,16,0
20196,393797,533,17,0
21210,393797,535,18,1
20935,393798,810,1,0
20933,393798,811,2,0
20931,393798,812,3,0
21231,393798,813,4,0
20910,393798,813,5,0
20908,393798,815,6,0
20466,393798,816,7,0
20468,393798,817,8,0
20470,393798,818,9,0
20472,393798,819,10,0
20474,393798,820,11,0
20136,393798,821,12,0
20099,393798,824,13,0
20024,393798,826,14,0
21229,393798,829,15,0
20291,393798,832,16,0
20196,393798,833,17,0
21210,393798,835,18,1
20935,393799,1055,1,0
20933,393799,1056,2,0
20931,393799,1057,3,0
21231,393799,1058,4,0
20910,393799,1058,5,0
20908,393799,1060,6,0
20466,393799,1061,7,0
20468,393799,1062,8,0
20470,393799,1062,9,0
20472,393799,1064,10,0
20474,393799,1064,11,0
20136,393799,1065,12,0
20099,393799,1068,13,0
20024,393799,1070,14,0
21229,393799,1073,15,0
20291,393799,1076,16,0
20196,393799,1078,17,0
21210,393799,1080,18,1
20935,393796,445,1,0
20933,393796,446,2,0
20931,393796,447,3,0
21231,393796,448,4,0
20910,393796,448,5,0
20908,393796,450,6,0
20466,393796,451,7,0
20468,393796,452,8,0
20470,393796,453,9,0
20472,393796,455,10,0
20474,393796,457,11,0
20136,393796,459,12,0
20099,393796,463,13,0
20024,393796,464,14,0
21229,393796,466,15,0
20291,393796,468,16,0
20196,393796,469,17,0
21210,393796,470,18,1
20935,393814,1110,1,0
20933,393814,1111,2,0
20931,393814,1112,3,0
21231,393814,1113,4,0
20910,393814,1113,5,0
20908,393814,1115,6,0
20466,393814,1116,7,0
20468,393814,1117,8,0
20470,393814,1117,9,0
20472,393814,1119,10,0
20474,393814,1119,11,0
20136,393814,1120,12,0
20099,393814,1123,13,0
20024,393814,1125,14,0
21229,393814,1128,15,0
20291,393814,1131,16,0
20196,393814,1133,17,0
21210,393814,1135,18,1
20935,393815,1170,1,0
20933,393815,1171,2,0
20931,393815,1172,3,0
21231,393815,1173,4,0
20910,393815,1173,5,0
20908,393815,1175,6,0
20466,393815,1176,7,0
20468,393815,1177,8,0
20470,393815,1177,9,0
20472,393815,1178,10,0
20474,393815,1179,11,0
20136,393815,1180,12,0
20099,393815,1182,13,0
20024,393815,1184,14,0
21229,393815,1188,15,0
20291,393815,1191,16,0
20196,393815,1193,17,0
21210,393815,1195,18,1
20935,393812,930,1,0
20933,393812,931,2,0
20931,393812,932,3,0
21231,393812,933,4,0
20910,393812,933,5,0
20908,393812,935,6,0
20466,393812,936,7,0
20468,393812,937,8,0
20470,393812,937,9,0
20472,393812,939,10,0
20474,393812,939,11,0
20136,393812,940,12,0
20099,393812,943,13,0
20024,393812,945,14,0
21229,393812,948,15,0
20291,393812,951,16,0
20196,393812,953,17,0
21210,393812,955,18,1
20935,393813,990,1,0
20933,393813,991,2,0
20931,393813,992,3,0
21231,393813,993,4,0
20910,393813,993,5,0
20908,393813,995,6,0
20466,393813,996,7,0
20468,393813,997,8,0
20470,393813,997,9,0
20472,393813,999,10,0
20474,393813,999,11,0
20136,393813,1000,12,0
20099,393813,1003,13,0
20024,393813,1005,14,0
21229,393813,1008,15,0
20291,393813,1011,16,0
20196,393813,1013,17,0
21210,393813,1015,18,1
20935,393810,750,1,0
20933,393810,751,2,0
20931,393810,752,3,0
21231,393810,753,4,0
20910,393810,753,5,0
20908,393810,755,6,0
20466,393810,756,7,0
20468,393810,757,8,0
20470,393810,757,9,0
20472,393810,759,10,0
20474,393810,759,11,0
20136,393810,760,12,0
20099,393810,763,13,0
20024,393810,765,14,0
21229,393810,768,15,0
20291,393810,771,16,0
20196,393810,773,17,0
21210,393810,775,18,1
20935,393811,900,1,0
20933,393811,901,2,0
20931,393811,902,3,0
21231,393811,903,4,0
20910,393811,903,5,0
20908,393811,905,6,0
20466,393811,906,7,0
20468,393811,907,8,0
20470,393811,907,9,0
20472,393811,909,10,0
20474,393811,909,11,0
20136,393811,910,12,0
20099,393811,913,13,0
20024,393811,915,14,0
21229,393811,918,15,0
20291,393811,921,16,0
20196,393811,923,17,0
21210,393811,925,18,1
21211,393819,545,1,0
20197,393819,546,2,0
20111,393819,549,3,0
21230,393819,553,4,0
20165,393819,554,5,0
20102,393819,555,6,0
20100,393819,557,7,0
20518,393819,558,8,0
20475,393819,558,9,0
20473,393819,559,10,0
20471,393819,560,11,0
20469,393819,561,12,0
20467,393819,561,13,0
20909,393819,563,14,0
20911,393819,564,15,0
21232,393819,564,16,0
20932,393819,566,17,0
20934,393819,567,18,0
20935,393819,570,19,1
21211,393818,425,1,0
20197,393818,426,2,0
20111,393818,429,3,0
21230,393818,433,4,0
20165,393818,434,5,0
20102,393818,435,6,0
20100,393818,437,7,0
20518,393818,438,8,0
20475,393818,438,9,0
20473,393818,439,10,0
20471,393818,440,11,0
20469,393818,441,12,0
20467,393818,441,13,0
20909,393818,443,14,0
20911,393818,444,15,0
21232,393818,444,16,0
20932,393818,446,17,0
20934,393818,447,18,0
20935,393818,450,19,1
21211,393817,365,1,0
20197,393817,366,2,0
20111,393817,369,3,0
21230,393817,373,4,0
20165,393817,374,5,0
20102,393817,375,6,0
20100,393817,377,7,0
20518,393817,378,8,0
20475,393817,378,9,0
20473,393817,379,10,0
20471,393817,380,11,0
20469,393817,381,12,0
20467,393817,381,13,0
20909,393817,383,14,0
20911,393817,384,15,0
21232,393817,384,16,0
20932,393817,386,17,0
20934,393817,387,18,0
20935,393817,390,19,1
20935,393816,1230,1,0
20933,393816,1231,2,0
20931,393816,1232,3,0
21231,393816,1233,4,0
20910,393816,1233,5,0
20908,393816,1235,6,0
20466,393816,1236,7,0
20468,393816,1237,8,0
20470,393816,1237,9,0
20472,393816,1238,10,0
20474,393816,1239,11,0
20136,393816,1240,12,0
20099,393816,1242,13,0
20024,393816,1244,14,0
21229,393816,1248,15,0
20291,393816,1251,16,0
20196,393816,1253,17,0
21210,393816,1255,18,1
21211,393801,735,1,0
20197,393801,736,2,0
20111,393801,739,3,0
21230,393801,743,4,0
20165,393801,744,5,0
20102,393801,745,6,0
20100,393801,747,7,0
20518,393801,748,8,0
20475,393801,748,9,0
20473,393801,749,10,0
20471,393801,750,11,0
20469,393801,751,12,0
20467,393801,751,13,0
20909,393801,753,14,0
20911,393801,754,15,0
21232,393801,754,16,0
20932,393801,756,17,0
20934,393801,757,18,0
20935,393801,760,19,1
21211,393802,1025,1,0
20197,393802,1026,2,0
20111,393802,1029,3,0
21230,393802,1033,4,0
20165,393802,1034,5,0
20102,393802,1035,6,0
20100,393802,1037,7,0
20518,393802,1038,8,0
20475,393802,1038,9,0
20473,393802,1039,10,0
20471,393802,1040,11,0
20469,393802,1041,12,0
20467,393802,1041,13,0
20909,393802,1043,14,0
20911,393802,1044,15,0
21232,393802,1044,16,0
20932,393802,1046,17,0
20934,393802,1047,18,0
20935,393802,1050,19,1
21211,393803,1085,1,0
20197,393803,1086,2,0
20111,393803,1089,3,0
21230,393803,1093,4,0
20165,393803,1094,5,0
20102,393803,1095,6,0
20100,393803,1097,7,0
20518,393803,1098,8,0
20475,393803,1098,9,0
20473,393803,1099,10,0
20471,393803,1100,11,0
20469,393803,1101,12,0
20467,393803,1101,13,0
20909,393803,1103,14,0
20911,393803,1104,15,0
21232,393803,1104,16,0
20932,393803,1106,17,0
20934,393803,1107,18,0
20935,393803,1110,19,1
20935,393804,310,1,0
20933,393804,311,2,0
20931,393804,312,3,0
21231,393804,313,4,0
20910,393804,313,5,0
20908,393804,315,6,0
20466,393804,316,7,0
20468,393804,317,8,0
20470,393804,317,9,0
20472,393804,318,10,0
20474,393804,319,11,0
20136,393804,320,12,0
20099,393804,322,13,0
20024,393804,324,14,0
21229,393804,328,15,0
20291,393804,331,16,0
20196,393804,333,17,0
21210,393804,335,18,1
21211,393800,480,1,0
20197,393800,481,2,0
20111,393800,484,3,0
21230,393800,488,4,0
20165,393800,489,5,0
20102,393800,490,6,0
20100,393800,492,7,0
20518,393800,493,8,0
20475,393800,493,9,0
20473,393800,494,10,0
20471,393800,495,11,0
20469,393800,496,12,0
20467,393800,496,13,0
20909,393800,498,14,0
20911,393800,499,15,0
21232,393800,499,16,0
20932,393800,501,17,0
20934,393800,502,18,0
20935,393800,505,19,1
20935,393809,690,1,0
20933,393809,691,2,0
20931,393809,692,3,0
21231,393809,693,4,0
20910,393809,693,5,0
20908,393809,695,6,0
20466,393809,696,7,0
20468,393809,697,8,0
20470,393809,697,9,0
20472,393809,699,10,0
20474,393809,699,11,0
20136,393809,700,12,0
20099,393809,703,13,0
20024,393809,705,14,0
21229,393809,708,15,0
20291,393809,711,16,0
20196,393809,713,17,0
21210,393809,715,18,1
20935,393806,477,1,0
20933,393806,478,2,0
20931,393806,479,3,0
21231,393806,480,4,0
20910,393806,480,5,0
20908,393806,482,6,0
20466,393806,483,7,0
20468,393806,484,8,0
20470,393806,485,9,0
20472,393806,487,10,0
20474,393806,489,11,0
20136,393806,491,12,0
20099,393806,495,13,0
20024,393806,497,14,0
21229,393806,500,15,0
20291,393806,502,16,0
20196,393806,503,17,0
21210,393806,505,18,1
20935,393805,390,1,0
20933,393805,391,2,0
20931,393805,392,3,0
21231,393805,393,4,0
20910,393805,393,5,0
20908,393805,395,6,0
20466,393805,396,7,0
20468,393805,397,8,0
20470,393805,397,9,0
20472,393805,398,10,0
20474,393805,399,11,0
20136,393805,400,12,0
20099,393805,402,13,0
20024,393805,404,14,0
21229,393805,408,15,0
20291,393805,411,16,0
20196,393805,413,17,0
21210,393805,415,18,1
20935,393808,630,1,0
20933,393808,631,2,0
20931,393808,632,3,0
21231,393808,633,4,0
20910,393808,633,5,0
20908,393808,635,6,0
20466,393808,636,7,0
20468,393808,637,8,0
20470,393808,637,9,0
20472,393808,639,10,0
20474,393808,639,11,0
20136,393808,640,12,0
20099,393808,643,13,0
20024,393808,645,14,0
21229,393808,648,15,0
20291,393808,651,16,0
20196,393808,653,17,0
21210,393808,655,18,1
20935,393807,570,1,0
20933,393807,571,2,0
20931,393807,572,3,0
21231,393807,573,4,0
20910,393807,573,5,0
20908,393807,575,6,0
20466,393807,576,7,0
20468,393807,577,8,0
20470,393807,577,9,0
20472,393807,579,10,0
20474,393807,579,11,0
20136,393807,580,12,0
20099,393807,583,13,0
20024,393807,585,14,0
21229,393807,589,15,0
20291,393807,592,16,0
20196,393807,593,17,0
21210,393807,595,18,1
20935,393832,1055,1,0
20933,393832,1056,2,0
20931,393832,1057,3,0
21231,393832,1058,4,0
20910,393832,1058,5,0
20908,393832,1060,6,0
20466,393832,1061,7,0
20468,393832,1062,8,0
20470,393832,1062,9,0
20472,393832,1064,10,0
20474,393832,1064,11,0
20136,393832,1065,12,0
20099,393832,1068,13,0
20024,393832,1070,14,0
21229,393832,1073,15,0
20291,393832,1076,16,0
20196,393832,1078,17,0
21210,393832,1080,18,1
21211,393833,480,1,0
20197,393833,481,2,0
20111,393833,484,3,0
21230,393833,488,4,0
20165,393833,489,5,0
20102,393833,490,6,0
20100,393833,492,7,0
20518,393833,493,8,0
20475,393833,493,9,0
20473,393833,494,10,0
20471,393833,495,11,0
20469,393833,496,12,0
20467,393833,496,13,0
20909,393833,498,14,0
20911,393833,499,15,0
21232,393833,499,16,0
20932,393833,501,17,0
20934,393833,502,18,0
20935,393833,505,19,1
20935,393830,510,1,0
20933,393830,511,2,0
20931,393830,512,3,0
21231,393830,513,4,0
20910,393830,513,5,0
20908,393830,515,6,0
20466,393830,516,7,0
20468,393830,517,8,0
20470,393830,518,9,0
20472,393830,519,10,0
20474,393830,520,11,0
20136,393830,522,12,0
20099,393830,525,13,0
20024,393830,527,14,0
21229,393830,530,15,0
20291,393830,532,16,0
20196,393830,533,17,0
21210,393830,535,18,1
20935,393831,810,1,0
20933,393831,811,2,0
20931,393831,812,3,0
21231,393831,813,4,0
20910,393831,813,5,0
20908,393831,815,6,0
20466,393831,816,7,0
20468,393831,817,8,0
20470,393831,818,9,0
20472,393831,819,10,0
20474,393831,820,11,0
20136,393831,821,12,0
20099,393831,824,13,0
20024,393831,826,14,0
21229,393831,829,15,0
20291,393831,832,16,0
20196,393831,833,17,0
21210,393831,835,18,1
21211,393836,1085,1,0
20197,393836,1086,2,0
20111,393836,1089,3,0
21230,393836,1093,4,0
20165,393836,1094,5,0
20102,393836,1095,6,0
20100,393836,1097,7,0
20518,393836,1098,8,0
20475,393836,1098,9,0
20473,393836,1099,10,0
20471,393836,1100,11,0
20469,393836,1101,12,0
20467,393836,1101,13,0
20909,393836,1103,14,0
20911,393836,1104,15,0
21232,393836,1104,16,0
20932,393836,1106,17,0
20934,393836,1107,18,0
20935,393836,1110,19,1
20935,393837,310,1,0
20933,393837,311,2,0
20931,393837,312,3,0
21231,393837,313,4,0
20910,393837,313,5,0
20908,393837,315,6,0
20466,393837,316,7,0
20468,393837,317,8,0
20470,393837,317,9,0
20472,393837,318,10,0
20474,393837,319,11,0
20136,393837,320,12,0
20099,393837,322,13,0
20024,393837,324,14,0
21229,393837,328,15,0
20291,393837,331,16,0
20196,393837,333,17,0
21210,393837,335,18,1
21211,393834,735,1,0
20197,393834,736,2,0
20111,393834,739,3,0
21230,393834,743,4,0
20165,393834,744,5,0
20102,393834,745,6,0
20100,393834,747,7,0
20518,393834,748,8,0
20475,393834,748,9,0
20473,393834,749,10,0
20471,393834,750,11,0
20469,393834,751,12,0
20467,393834,751,13,0
20909,393834,753,14,0
20911,393834,754,15,0
21232,393834,754,16,0
20932,393834,756,17,0
20934,393834,757,18,0
20935,393834,760,19,1
21211,393835,1025,1,0
20197,393835,1026,2,0
20111,393835,1029,3,0
21230,393835,1033,4,0
20165,393835,1034,5,0
20102,393835,1035,6,0
20100,393835,1037,7,0
20518,393835,1038,8,0
20475,393835,1038,9,0
20473,393835,1039,10,0
20471,393835,1040,11,0
20469,393835,1041,12,0
20467,393835,1041,13,0
20909,393835,1043,14,0
20911,393835,1044,15,0
21232,393835,1044,16,0
20932,393835,1046,17,0
20934,393835,1047,18,0
20935,393835,1050,19,1
20935,393839,477,1,0
20933,393839,478,2,0
20931,393839,479,3,0
21231,393839,480,4,0
20910,393839,480,5,0
20908,393839,482,6,0
20466,393839,483,7,0
20468,393839,484,8,0
20470,393839,485,9,0
20472,393839,487,10,0
20474,393839,489,11,0
20136,393839,491,12,0
20099,393839,495,13,0
20024,393839,497,14,0
21229,393839,500,15,0
20291,393839,502,16,0
20196,393839,503,17,0
21210,393839,505,18,1
20935,393838,390,1,0
20933,393838,391,2,0
20931,393838,392,3,0
21231,393838,393,4,0
20910,393838,393,5,0
20908,393838,395,6,0
20466,393838,396,7,0
20468,393838,397,8,0
20470,393838,397,9,0
20472,393838,398,10,0
20474,393838,399,11,0
20136,393838,400,12,0
20099,393838,402,13,0
20024,393838,404,14,0
21229,393838,408,15,0
20291,393838,411,16,0
20196,393838,413,17,0
21210,393838,415,18,1
21211,393820,605,1,0
20197,393820,606,2,0
20111,393820,609,3,0
21230,393820,613,4,0
20165,393820,614,5,0
20102,393820,615,6,0
20100,393820,617,7,0
20518,393820,618,8,0
20475,393820,618,9,0
20473,393820,619,10,0
20471,393820,620,11,0
20469,393820,621,12,0
20467,393820,621,13,0
20909,393820,623,14,0
20911,393820,624,15,0
21232,393820,624,16,0
20932,393820,626,17,0
20934,393820,627,18,0
20935,393820,630,19,1
21211,393821,665,1,0
20197,393821,666,2,0
20111,393821,669,3,0
21230,393821,673,4,0
20165,393821,674,5,0
20102,393821,675,6,0
20100,393821,677,7,0
20518,393821,678,8,0
20475,393821,678,9,0
20473,393821,679,10,0
20471,393821,680,11,0
20469,393821,681,12,0
20467,393821,681,13,0
20909,393821,683,14,0
20911,393821,684,15,0
21232,393821,684,16,0
20932,393821,686,17,0
20934,393821,687,18,0
20935,393821,690,19,1
21211,393822,785,1,0
20197,393822,786,2,0
20111,393822,789,3,0
21230,393822,793,4,0
20165,393822,794,5,0
20102,393822,795,6,0
20100,393822,797,7,0
20518,393822,798,8,0
20475,393822,798,9,0
20473,393822,799,10,0
20471,393822,800,11,0
20469,393822,801,12,0
20467,393822,801,13,0
20909,393822,803,14,0
20911,393822,804,15,0
21232,393822,804,16,0
20932,393822,806,17,0
20934,393822,807,18,0
20935,393822,810,19,1
21211,393823,845,1,0
20197,393823,846,2,0
20111,393823,849,3,0
21230,393823,853,4,0
20165,393823,854,5,0
20102,393823,855,6,0
20100,393823,857,7,0
20518,393823,858,8,0
20475,393823,858,9,0
20473,393823,859,10,0
20471,393823,860,11,0
20469,393823,861,12,0
20467,393823,861,13,0
20909,393823,863,14,0
20911,393823,864,15,0
21232,393823,864,16,0
20932,393823,866,17,0
20934,393823,867,18,0
20935,393823,870,19,1
21211,393824,905,1,0
20197,393824,906,2,0
20111,393824,909,3,0
21230,393824,913,4,0
20165,393824,914,5,0
20102,393824,915,6,0
20100,393824,917,7,0
20518,393824,918,8,0
20475,393824,918,9,0
20473,393824,919,10,0
20471,393824,920,11,0
20469,393824,921,12,0
20467,393824,921,13,0
20909,393824,923,14,0
20911,393824,924,15,0
21232,393824,924,16,0
20932,393824,926,17,0
20934,393824,927,18,0
20935,393824,930,19,1
21211,393825,965,1,0
20197,393825,966,2,0
20111,393825,969,3,0
21230,393825,973,4,0
20165,393825,974,5,0
20102,393825,975,6,0
20100,393825,977,7,0
20518,393825,978,8,0
20475,393825,978,9,0
20473,393825,979,10,0
20471,393825,980,11,0
20469,393825,981,12,0
20467,393825,981,13,0
20909,393825,983,14,0
20911,393825,984,15,0
21232,393825,984,16,0
20932,393825,986,17,0
20934,393825,987,18,0
20935,393825,990,19,1
21211,393826,1145,1,0
20197,393826,1146,2,0
20111,393826,1149,3,0
21230,393826,1153,4,0
20165,393826,1154,5,0
20102,393826,1155,6,0
20100,393826,1157,7,0
20518,393826,1158,8,0
20475,393826,1158,9,0
20473,393826,1159,10,0
20471,393826,1160,11,0
20469,393826,1161,12,0
20467,393826,1161,13,0
20909,393826,1163,14,0
20911,393826,1164,15,0
21232,393826,1164,16,0
20932,393826,1166,17,0
20934,393826,1167,18,0
20935,393826,1170,19,1
21211,393828,1235,1,0
20197,393828,1236,2,0
20111,393828,1239,3,0
21230,393828,1243,4,0
20165,393828,1244,5,0
20102,393828,1245,6,0
20100,393828,1247,7,0
20518,393828,1248,8,0
20475,393828,1248,9,0
20473,393828,1249,10,0
20471,393828,1250,11,0
20469,393828,1251,12,0
20467,393828,1251,13,0
20909,393828,1253,14,0
20911,393828,1254,15,0
21232,393828,1254,16,0
20932,393828,1256,17,0
20934,393828,1257,18,0
20935,393828,1260,19,1
21211,393827,1175,1,0
20197,393827,1176,2,0
20111,393827,1179,3,0
21230,393827,1183,4,0
20165,393827,1184,5,0
20102,393827,1185,6,0
20100,393827,1187,7,0
20518,393827,1188,8,0
20475,393827,1188,9,0
20473,393827,1189,10,0
20471,393827,1190,11,0
20469,393827,1191,12,0
20467,393827,1191,13,0
20909,393827,1193,14,0
20911,393827,1194,15,0
21232,393827,1194,16,0
20932,393827,1196,17,0
20934,393827,1197,18,0
20935,393827,1200,19,1
20935,393829,445,1,0
20933,393829,446,2,0
20931,393829,447,3,0
21231,393829,448,4,0
20910,393829,448,5,0
20908,393829,450,6,0
20466,393829,451,7,0
20468,393829,452,8,0
20470,393829,453,9,0
20472,393829,455,10,0
20474,393829,457,11,0
20136,393829,459,12,0
20099,393829,463,13,0
20024,393829,464,14,0
21229,393829,466,15,0
20291,393829,468,16,0
20196,393829,469,17,0
21210,393829,470,18,1
21211,393857,905,1,0
20197,393857,906,2,0
20111,393857,909,3,0
21230,393857,913,4,0
20165,393857,914,5,0
20102,393857,915,6,0
20100,393857,917,7,0
20518,393857,918,8,0
20475,393857,918,9,0
20473,393857,919,10,0
20471,393857,920,11,0
20469,393857,921,12,0
20467,393857,921,13,0
20909,393857,923,14,0
20911,393857,924,15,0
21232,393857,924,16,0
20932,393857,926,17,0
20934,393857,927,18,0
20935,393857,930,19,1
21211,393856,845,1,0
20197,393856,846,2,0
20111,393856,849,3,0
21230,393856,853,4,0
20165,393856,854,5,0
20102,393856,855,6,0
20100,393856,857,7,0
20518,393856,858,8,0
20475,393856,858,9,0
20473,393856,859,10,0
20471,393856,860,11,0
20469,393856,861,12,0
20467,393856,861,13,0
20909,393856,863,14,0
20911,393856,864,15,0
21232,393856,864,16,0
20932,393856,866,17,0
20934,393856,867,18,0
20935,393856,870,19,1
21211,393859,1145,1,0
20197,393859,1146,2,0
20111,393859,1149,3,0
21230,393859,1153,4,0
20165,393859,1154,5,0
20102,393859,1155,6,0
20100,393859,1157,7,0
20518,393859,1158,8,0
20475,393859,1158,9,0
20473,393859,1159,10,0
20471,393859,1160,11,0
20469,393859,1161,12,0
20467,393859,1161,13,0
20909,393859,1163,14,0
20911,393859,1164,15,0
21232,393859,1164,16,0
20932,393859,1166,17,0
20934,393859,1167,18,0
20935,393859,1170,19,1
21211,393858,965,1,0
20197,393858,966,2,0
20111,393858,969,3,0
21230,393858,973,4,0
20165,393858,974,5,0
20102,393858,975,6,0
20100,393858,977,7,0
20518,393858,978,8,0
20475,393858,978,9,0
20473,393858,979,10,0
20471,393858,980,11,0
20469,393858,981,12,0
20467,393858,981,13,0
20909,393858,983,14,0
20911,393858,984,15,0
21232,393858,984,16,0
20932,393858,986,17,0
20934,393858,987,18,0
20935,393858,990,19,1
21211,393853,605,1,0
20197,393853,606,2,0
20111,393853,609,3,0
21230,393853,613,4,0
20165,393853,614,5,0
20102,393853,615,6,0
20100,393853,617,7,0
20518,393853,618,8,0
20475,393853,618,9,0
20473,393853,619,10,0
20471,393853,620,11,0
20469,393853,621,12,0
20467,393853,621,13,0
20909,393853,623,14,0
20911,393853,624,15,0
21232,393853,624,16,0
20932,393853,626,17,0
20934,393853,627,18,0
20935,393853,630,19,1
21211,393852,545,1,0
20197,393852,546,2,0
20111,393852,549,3,0
21230,393852,553,4,0
20165,393852,554,5,0
20102,393852,555,6,0
20100,393852,557,7,0
20518,393852,558,8,0
20475,393852,558,9,0
20473,393852,559,10,0
20471,393852,560,11,0
20469,393852,561,12,0
20467,393852,561,13,0
20909,393852,563,14,0
20911,393852,564,15,0
21232,393852,564,16,0
20932,393852,566,17,0
20934,393852,567,18,0
20935,393852,570,19,1
21211,393855,785,1,0
20197,393855,786,2,0
20111,393855,789,3,0
21230,393855,793,4,0
20165,393855,794,5,0
20102,393855,795,6,0
20100,393855,797,7,0
20518,393855,798,8,0
20475,393855,798,9,0
20473,393855,799,10,0
20471,393855,800,11,0
20469,393855,801,12,0
20467,393855,801,13,0
20909,393855,803,14,0
20911,393855,804,15,0
21232,393855,804,16,0
20932,393855,806,17,0
20934,393855,807,18,0
20935,393855,810,19,1
21211,393854,665,1,0
20197,393854,666,2,0
20111,393854,669,3,0
21230,393854,673,4,0
20165,393854,674,5,0
20102,393854,675,6,0
20100,393854,677,7,0
20518,393854,678,8,0
20475,393854,678,9,0
20473,393854,679,10,0
20471,393854,680,11,0
20469,393854,681,12,0
20467,393854,681,13,0
20909,393854,683,14,0
20911,393854,684,15,0
21232,393854,684,16,0
20932,393854,686,17,0
20934,393854,687,18,0
20935,393854,690,19,1
21211,393851,425,1,0
20197,393851,426,2,0
20111,393851,429,3,0
21230,393851,433,4,0
20165,393851,434,5,0
20102,393851,435,6,0
20100,393851,437,7,0
20518,393851,438,8,0
20475,393851,438,9,0
20473,393851,439,10,0
20471,393851,440,11,0
20469,393851,441,12,0
20467,393851,441,13,0
20909,393851,443,14,0
20911,393851,444,15,0
21232,393851,444,16,0
20932,393851,446,17,0
20934,393851,447,18,0
20935,393851,450,19,1
21211,393850,365,1,0
20197,393850,366,2,0
20111,393850,369,3,0
21230,393850,373,4,0
20165,393850,374,5,0
20102,393850,375,6,0
20100,393850,377,7,0
20518,393850,378,8,0
20475,393850,378,9,0
20473,393850,379,10,0
20471,393850,380,11,0
20469,393850,381,12,0
20467,393850,381,13,0
20909,393850,383,14,0
20911,393850,384,15,0
21232,393850,384,16,0
20932,393850,386,17,0
20934,393850,387,18,0
20935,393850,390,19,1
20935,393849,1230,1,0
20933,393849,1231,2,0
20931,393849,1232,3,0
21231,393849,1233,4,0
20910,393849,1233,5,0
20908,393849,1235,6,0
20466,393849,1236,7,0
20468,393849,1237,8,0
20470,393849,1237,9,0
20472,393849,1238,10,0
20474,393849,1239,11,0
20136,393849,1240,12,0
20099,393849,1242,13,0
20024,393849,1244,14,0
21229,393849,1248,15,0
20291,393849,1251,16,0
20196,393849,1253,17,0
21210,393849,1255,18,1
20935,393848,1170,1,0
20933,393848,1171,2,0
20931,393848,1172,3,0
21231,393848,1173,4,0
20910,393848,1173,5,0
20908,393848,1175,6,0
20466,393848,1176,7,0
20468,393848,1177,8,0
20470,393848,1177,9,0
20472,393848,1178,10,0
20474,393848,1179,11,0
20136,393848,1180,12,0
20099,393848,1182,13,0
20024,393848,1184,14,0
21229,393848,1188,15,0
20291,393848,1191,16,0
20196,393848,1193,17,0
21210,393848,1195,18,1
20935,393847,1110,1,0
20933,393847,1111,2,0
20931,393847,1112,3,0
21231,393847,1113,4,0
20910,393847,1113,5,0
20908,393847,1115,6,0
20466,393847,1116,7,0
20468,393847,1117,8,0
20470,393847,1117,9,0
20472,393847,1119,10,0
20474,393847,1119,11,0
20136,393847,1120,12,0
20099,393847,1123,13,0
20024,393847,1125,14,0
21229,393847,1128,15,0
20291,393847,1131,16,0
20196,393847,1133,17,0
21210,393847,1135,18,1
20935,393846,990,1,0
20933,393846,991,2,0
20931,393846,992,3,0
21231,393846,993,4,0
20910,393846,993,5,0
20908,393846,995,6,0
20466,393846,996,7,0
20468,393846,997,8,0
20470,393846,997,9,0
20472,393846,999,10,0
20474,393846,999,11,0
20136,393846,1000,12,0
20099,393846,1003,13,0
20024,393846,1005,14,0
21229,393846,1008,15,0
20291,393846,1011,16,0
20196,393846,1013,17,0
21210,393846,1015,18,1
20935,393845,930,1,0
20933,393845,931,2,0
20931,393845,932,3,0
21231,393845,933,4,0
20910,393845,933,5,0
20908,393845,935,6,0
20466,393845,936,7,0
20468,393845,937,8,0
20470,393845,937,9,0
20472,393845,939,10,0
20474,393845,939,11,0
20136,393845,940,12,0
20099,393845,943,13,0
20024,393845,945,14,0
21229,393845,948,15,0
20291,393845,951,16,0
20196,393845,953,17,0
21210,393845,955,18,1
20935,393844,900,1,0
20933,393844,901,2,0
20931,393844,902,3,0
21231,393844,903,4,0
20910,393844,903,5,0
20908,393844,905,6,0
20466,393844,906,7,0
20468,393844,907,8,0
20470,393844,907,9,0
20472,393844,909,10,0
20474,393844,909,11,0
20136,393844,910,12,0
20099,393844,913,13,0
20024,393844,915,14,0
21229,393844,918,15,0
20291,393844,921,16,0
20196,393844,923,17,0
21210,393844,925,18,1
20935,393843,750,1,0
20933,393843,751,2,0
20931,393843,752,3,0
21231,393843,753,4,0
20910,393843,753,5,0
20908,393843,755,6,0
20466,393843,756,7,0
20468,393843,757,8,0
20470,393843,757,9,0
20472,393843,759,10,0
20474,393843,759,11,0
20136,393843,760,12,0
20099,393843,763,13,0
20024,393843,765,14,0
21229,393843,768,15,0
20291,393843,771,16,0
20196,393843,773,17,0
21210,393843,775,18,1
20935,393842,690,1,0
20933,393842,691,2,0
20931,393842,692,3,0
21231,393842,693,4,0
20910,393842,693,5,0
20908,393842,695,6,0
20466,393842,696,7,0
20468,393842,697,8,0
20470,393842,697,9,0
20472,393842,699,10,0
20474,393842,699,11,0
20136,393842,700,12,0
20099,393842,703,13,0
20024,393842,705,14,0
21229,393842,708,15,0
20291,393842,711,16,0
20196,393842,713,17,0
21210,393842,715,18,1
20935,393841,630,1,0
20933,393841,631,2,0
20931,393841,632,3,0
21231,393841,633,4,0
20910,393841,633,5,0
20908,393841,635,6,0
20466,393841,636,7,0
20468,393841,637,8,0
20470,393841,637,9,0
20472,393841,639,10,0
20474,393841,639,11,0
20136,393841,640,12,0
20099,393841,643,13,0
20024,393841,645,14,0
21229,393841,648,15,0
20291,393841,651,16,0
20196,393841,653,17,0
21210,393841,655,18,1
20935,393840,570,1,0
20933,393840,571,2,0
20931,393840,572,3,0
21231,393840,573,4,0
20910,393840,573,5,0
20908,393840,575,6,0
20466,393840,576,7,0
20468,393840,577,8,0
20470,393840,577,9,0
20472,393840,579,10,0
20474,393840,579,11,0
20136,393840,580,12,0
20099,393840,583,13,0
20024,393840,585,14,0
21229,393840,589,15,0
20291,393840,592,16,0
20196,393840,593,17,0
21210,393840,595,18,1
21211,393861,1235,1,0
20197,393861,1236,2,0
20111,393861,1239,3,0
21230,393861,1243,4,0
20165,393861,1244,5,0
20102,393861,1245,6,0
20100,393861,1247,7,0
20518,393861,1248,8,0
20475,393861,1248,9,0
20473,393861,1249,10,0
20471,393861,1250,11,0
20469,393861,1251,12,0
20467,393861,1251,13,0
20909,393861,1253,14,0
20911,393861,1254,15,0
21232,393861,1254,16,0
20932,393861,1256,17,0
20934,393861,1257,18,0
20935,393861,1260,19,1
21211,393860,1175,1,0
20197,393860,1176,2,0
20111,393860,1179,3,0
21230,393860,1183,4,0
20165,393860,1184,5,0
20102,393860,1185,6,0
20100,393860,1187,7,0
20518,393860,1188,8,0
20475,393860,1188,9,0
20473,393860,1189,10,0
20471,393860,1190,11,0
20469,393860,1191,12,0
20467,393860,1191,13,0
20909,393860,1193,14,0
20911,393860,1194,15,0
21232,393860,1194,16,0
20932,393860,1196,17,0
20934,393860,1197,18,0
20935,393860,1200,19,1
21211,635230,365,1,0
20197,635230,366,2,0
20111,635230,369,3,0
21230,635230,373,4,0
20165,635230,374,5,0
20102,635230,375,6,0
20100,635230,377,7,0
20518,635230,378,8,0
20475,635230,378,9,0
20473,635230,379,10,0
20471,635230,380,11,0
20469,635230,381,12,0
20467,635230,381,13,0
20909,635230,383,14,0
20911,635230,384,15,0
21232,635230,384,16,0
20932,635230,386,17,0
20934,635230,387,18,0
20935,635230,390,19,1
21211,635238,965,1,0
20197,635238,966,2,0
20111,635238,969,3,0
21230,635238,973,4,0
20165,635238,974,5,0
20102,635238,975,6,0
20100,635238,977,7,0
20518,635238,978,8,0
20475,635238,978,9,0
20473,635238,979,10,0
20471,635238,980,11,0
20469,635238,981,12,0
20467,635238,981,13,0
20909,635238,983,14,0
20911,635238,984,15,0
21232,635238,984,16,0
20932,635238,986,17,0
20934,635238,987,18,0
20935,635238,990,19,1
21211,635237,905,1,0
20197,635237,906,2,0
20111,635237,909,3,0
21230,635237,913,4,0
20165,635237,914,5,0
20102,635237,915,6,0
20100,635237,917,7,0
20518,635237,918,8,0
20475,635237,918,9,0
20473,635237,919,10,0
20471,635237,920,11,0
20469,635237,921,12,0
20467,635237,921,13,0
20909,635237,923,14,0
20911,635237,924,15,0
21232,635237,924,16,0
20932,635237,926,17,0
20934,635237,927,18,0
20935,635237,930,19,1
21211,635236,845,1,0
20197,635236,846,2,0
20111,635236,849,3,0
21230,635236,853,4,0
20165,635236,854,5,0
20102,635236,855,6,0
20100,635236,857,7,0
20518,635236,858,8,0
20475,635236,858,9,0
20473,635236,859,10,0
20471,635236,860,11,0
20469,635236,861,12,0
20467,635236,861,13,0
20909,635236,863,14,0
20911,635236,864,15,0
21232,635236,864,16,0
20932,635236,866,17,0
20934,635236,867,18,0
20935,635236,870,19,1
21211,635235,785,1,0
20197,635235,786,2,0
20111,635235,789,3,0
21230,635235,793,4,0
20165,635235,794,5,0
20102,635235,795,6,0
20100,635235,797,7,0
20518,635235,798,8,0
20475,635235,798,9,0
20473,635235,799,10,0
20471,635235,800,11,0
20469,635235,801,12,0
20467,635235,801,13,0
20909,635235,803,14,0
20911,635235,804,15,0
21232,635235,804,16,0
20932,635235,806,17,0
20934,635235,807,18,0
20935,635235,810,19,1
21211,635234,665,1,0
20197,635234,666,2,0
20111,635234,669,3,0
21230,635234,673,4,0
20165,635234,674,5,0
20102,635234,675,6,0
20100,635234,677,7,0
20518,635234,678,8,0
20475,635234,678,9,0
20473,635234,679,10,0
20471,635234,680,11,0
20469,635234,681,12,0
20467,635234,681,13,0
20909,635234,683,14,0
20911,635234,684,15,0
21232,635234,684,16,0
20932,635234,686,17,0
20934,635234,687,18,0
20935,635234,690,19,1
21211,635233,605,1,0
20197,635233,606,2,0
20111,635233,609,3,0
21230,635233,613,4,0
20165,635233,614,5,0
20102,635233,615,6,0
20100,635233,617,7,0
20518,635233,618,8,0
20475,635233,618,9,0
20473,635233,619,10,0
20471,635233,620,11,0
20469,635233,621,12,0
20467,635233,621,13,0
20909,635233,623,14,0
20911,635233,624,15,0
21232,635233,624,16,0
20932,635233,626,17,0
20934,635233,627,18,0
20935,635233,630,19,1
21211,635232,545,1,0
20197,635232,546,2,0
20111,635232,549,3,0
21230,635232,553,4,0
20165,635232,554,5,0
20102,635232,555,6,0
20100,635232,557,7,0
20518,635232,558,8,0
20475,635232,558,9,0
20473,635232,559,10,0
20471,635232,560,11,0
20469,635232,561,12,0
20467,635232,561,13,0
20909,635232,563,14,0
20911,635232,564,15,0
21232,635232,564,16,0
20932,635232,566,17,0
20934,635232,567,18,0
20935,635232,570,19,1
21211,635231,425,1,0
20197,635231,426,2,0
20111,635231,429,3,0
21230,635231,433,4,0
20165,635231,434,5,0
20102,635231,435,6,0
20100,635231,437,7,0
20518,635231,438,8,0
20475,635231,438,9,0
20473,635231,439,10,0
20471,635231,440,11,0
20469,635231,441,12,0
20467,635231,441,13,0
20909,635231,443,14,0
20911,635231,444,15,0
21232,635231,444,16,0
20932,635231,446,17,0
20934,635231,447,18,0
20935,635231,450,19,1
20935,635228,1170,1,0
20933,635228,1171,2,0
20931,635228,1172,3,0
21231,635228,1173,4,0
20910,635228,1173,5,0
20908,635228,1175,6,0
20466,635228,1176,7,0
20468,635228,1177,8,0
20470,635228,1177,9,0
20472,635228,1178,10,0
20474,635228,1179,11,0
20136,635228,1180,12,0
20099,635228,1182,13,0
20024,635228,1184,14,0
21229,635228,1188,15,0
20291,635228,1191,16,0
20196,635228,1193,17,0
21210,635228,1195,18,1
20935,635229,1230,1,0
20933,635229,1231,2,0
20931,635229,1232,3,0
21231,635229,1233,4,0
20910,635229,1233,5,0
20908,635229,1235,6,0
20466,635229,1236,7,0
20468,635229,1237,8,0
20470,635229,1237,9,0
20472,635229,1238,10,0
20474,635229,1239,11,0
20136,635229,1240,12,0
20099,635229,1242,13,0
20024,635229,1244,14,0
21229,635229,1248,15,0
20291,635229,1251,16,0
20196,635229,1253,17,0
21210,635229,1255,18,1
20935,635225,930,1,0
20933,635225,931,2,0
20931,635225,932,3,0
21231,635225,933,4,0
20910,635225,933,5,0
20908,635225,935,6,0
20466,635225,936,7,0
20468,635225,937,8,0
20470,635225,937,9,0
20472,635225,939,10,0
20474,635225,939,11,0
20136,635225,940,12,0
20099,635225,943,13,0
20024,635225,945,14,0
21229,635225,948,15,0
20291,635225,951,16,0
20196,635225,953,17,0
21210,635225,955,18,1
20935,635224,900,1,0
20933,635224,901,2,0
20931,635224,902,3,0
21231,635224,903,4,0
20910,635224,903,5,0
20908,635224,905,6,0
20466,635224,906,7,0
20468,635224,907,8,0
20470,635224,907,9,0
20472,635224,909,10,0
20474,635224,909,11,0
20136,635224,910,12,0
20099,635224,913,13,0
20024,635224,915,14,0
21229,635224,918,15,0
20291,635224,921,16,0
20196,635224,923,17,0
21210,635224,925,18,1
20935,635227,1110,1,0
20933,635227,1111,2,0
20931,635227,1112,3,0
21231,635227,1113,4,0
20910,635227,1113,5,0
20908,635227,1115,6,0
20466,635227,1116,7,0
20468,635227,1117,8,0
20470,635227,1117,9,0
20472,635227,1119,10,0
20474,635227,1119,11,0
20136,635227,1120,12,0
20099,635227,1123,13,0
20024,635227,1125,14,0
21229,635227,1128,15,0
20291,635227,1131,16,0
20196,635227,1133,17,0
21210,635227,1135,18,1
20935,635226,990,1,0
20933,635226,991,2,0
20931,635226,992,3,0
21231,635226,993,4,0
20910,635226,993,5,0
20908,635226,995,6,0
20466,635226,996,7,0
20468,635226,997,8,0
20470,635226,997,9,0
20472,635226,999,10,0
20474,635226,999,11,0
20136,635226,1000,12,0
20099,635226,1003,13,0
20024,635226,1005,14,0
21229,635226,1008,15,0
20291,635226,1011,16,0
20196,635226,1013,17,0
21210,635226,1015,18,1
20935,635221,630,1,0
20933,635221,631,2,0
20931,635221,632,3,0
21231,635221,633,4,0
20910,635221,633,5,0
20908,635221,635,6,0
20466,635221,636,7,0
20468,635221,637,8,0
20470,635221,637,9,0
20472,635221,639,10,0
20474,635221,639,11,0
20136,635221,640,12,0
20099,635221,643,13,0
20024,635221,645,14,0
21229,635221,648,15,0
20291,635221,651,16,0
20196,635221,653,17,0
21210,635221,655,18,1
20935,635220,570,1,0
20933,635220,571,2,0
20931,635220,572,3,0
21231,635220,573,4,0
20910,635220,573,5,0
20908,635220,575,6,0
20466,635220,576,7,0
20468,635220,577,8,0
20470,635220,577,9,0
20472,635220,579,10,0
20474,635220,579,11,0
20136,635220,580,12,0
20099,635220,583,13,0
20024,635220,585,14,0
21229,635220,589,15,0
20291,635220,592,16,0
20196,635220,593,17,0
21210,635220,595,18,1
20935,635223,750,1,0
20933,635223,751,2,0
20931,635223,752,3,0
21231,635223,753,4,0
20910,635223,753,5,0
20908,635223,755,6,0
20466,635223,756,7,0
20468,635223,757,8,0
20470,635223,757,9,0
20472,635223,759,10,0
20474,635223,759,11,0
20136,635223,760,12,0
20099,635223,763,13,0
20024,635223,765,14,0
21229,635223,768,15,0
20291,635223,771,16,0
20196,635223,773,17,0
21210,635223,775,18,1
20935,635222,690,1,0
20933,635222,691,2,0
20931,635222,692,3,0
21231,635222,693,4,0
20910,635222,693,5,0
20908,635222,695,6,0
20466,635222,696,7,0
20468,635222,697,8,0
20470,635222,697,9,0
20472,635222,699,10,0
20474,635222,699,11,0
20136,635222,700,12,0
20099,635222,703,13,0
20024,635222,705,14,0
21229,635222,708,15,0
20291,635222,711,16,0
20196,635222,713,17,0
21210,635222,715,18,1
20935,635217,310,1,0
20933,635217,311,2,0
20931,635217,312,3,0
21231,635217,313,4,0
20910,635217,313,5,0
20908,635217,315,6,0
20466,635217,316,7,0
20468,635217,317,8,0
20470,635217,317,9,0
20472,635217,318,10,0
20474,635217,319,11,0
20136,635217,320,12,0
20099,635217,322,13,0
20024,635217,324,14,0
21229,635217,328,15,0
20291,635217,331,16,0
20196,635217,333,17,0
21210,635217,335,18,1
20935,635218,390,1,0
20933,635218,391,2,0
20931,635218,392,3,0
21231,635218,393,4,0
20910,635218,393,5,0
20908,635218,395,6,0
20466,635218,396,7,0
20468,635218,397,8,0
20470,635218,397,9,0
20472,635218,398,10,0
20474,635218,399,11,0
20136,635218,400,12,0
20099,635218,402,13,0
20024,635218,404,14,0
21229,635218,408,15,0
20291,635218,411,16,0
20196,635218,413,17,0
21210,635218,415,18,1
20935,635219,477,1,0
20933,635219,478,2,0
20931,635219,479,3,0
21231,635219,480,4,0
20910,635219,480,5,0
20908,635219,482,6,0
20466,635219,483,7,0
20468,635219,484,8,0
20470,635219,485,9,0
20472,635219,487,10,0
20474,635219,489,11,0
20136,635219,491,12,0
20099,635219,495,13,0
20024,635219,497,14,0
21229,635219,500,15,0
20291,635219,502,16,0
20196,635219,503,17,0
21210,635219,505,18,1
20935,635212,1055,1,0
20933,635212,1056,2,0
20931,635212,1057,3,0
21231,635212,1058,4,0
20910,635212,1058,5,0
20908,635212,1060,6,0
20466,635212,1061,7,0
20468,635212,1062,8,0
20470,635212,1062,9,0
20472,635212,1064,10,0
20474,635212,1064,11,0
20136,635212,1065,12,0
20099,635212,1068,13,0
20024,635212,1070,14,0
21229,635212,1073,15,0
20291,635212,1076,16,0
20196,635212,1078,17,0
21210,635212,1080,18,1
20935,635211,810,1,0
20933,635211,811,2,0
20931,635211,812,3,0
21231,635211,813,4,0
20910,635211,813,5,0
20908,635211,815,6,0
20466,635211,816,7,0
20468,635211,817,8,0
20470,635211,818,9,0
20472,635211,819,10,0
20474,635211,820,11,0
20136,635211,821,12,0
20099,635211,824,13,0
20024,635211,826,14,0
21229,635211,829,15,0
20291,635211,832,16,0
20196,635211,833,17,0
21210,635211,835,18,1
20935,635210,510,1,0
20933,635210,511,2,0
20931,635210,512,3,0
21231,635210,513,4,0
20910,635210,513,5,0
20908,635210,515,6,0
20466,635210,516,7,0
20468,635210,517,8,0
20470,635210,518,9,0
20472,635210,519,10,0
20474,635210,520,11,0
20136,635210,522,12,0
20099,635210,525,13,0
20024,635210,527,14,0
21229,635210,530,15,0
20291,635210,532,16,0
20196,635210,533,17,0
21210,635210,535,18,1
21211,635216,1085,1,0
20197,635216,1086,2,0
20111,635216,1089,3,0
21230,635216,1093,4,0
20165,635216,1094,5,0
20102,635216,1095,6,0
20100,635216,1097,7,0
20518,635216,1098,8,0
20475,635216,1098,9,0
20473,635216,1099,10,0
20471,635216,1100,11,0
20469,635216,1101,12,0
20467,635216,1101,13,0
20909,635216,1103,14,0
20911,635216,1104,15,0
21232,635216,1104,16,0
20932,635216,1106,17,0
20934,635216,1107,18,0
20935,635216,1110,19,1
21211,635215,1025,1,0
20197,635215,1026,2,0
20111,635215,1029,3,0
21230,635215,1033,4,0
20165,635215,1034,5,0
20102,635215,1035,6,0
20100,635215,1037,7,0
20518,635215,1038,8,0
20475,635215,1038,9,0
20473,635215,1039,10,0
20471,635215,1040,11,0
20469,635215,1041,12,0
20467,635215,1041,13,0
20909,635215,1043,14,0
20911,635215,1044,15,0
21232,635215,1044,16,0
20932,635215,1046,17,0
20934,635215,1047,18,0
20935,635215,1050,19,1
21211,635214,735,1,0
20197,635214,736,2,0
20111,635214,739,3,0
21230,635214,743,4,0
20165,635214,744,5,0
20102,635214,745,6,0
20100,635214,747,7,0
20518,635214,748,8,0
20475,635214,748,9,0
20473,635214,749,10,0
20471,635214,750,11,0
20469,635214,751,12,0
20467,635214,751,13,0
20909,635214,753,14,0
20911,635214,754,15,0
21232,635214,754,16,0
20932,635214,756,17,0
20934,635214,757,18,0
20935,635214,760,19,1
21211,635213,480,1,0
20197,635213,481,2,0
20111,635213,484,3,0
21230,635213,488,4,0
20165,635213,489,5,0
20102,635213,490,6,0
20100,635213,492,7,0
20518,635213,493,8,0
20475,635213,493,9,0
20473,635213,494,10,0
20471,635213,495,11,0
20469,635213,496,12,0
20467,635213,496,13,0
20909,635213,498,14,0
20911,635213,499,15,0
21232,635213,499,16,0
20932,635213,501,17,0
20934,635213,502,18,0
20935,635213,505,19,1
20935,635209,445,1,0
20933,635209,446,2,0
20931,635209,447,3,0
21231,635209,448,4,0
20910,635209,448,5,0
20908,635209,450,6,0
20466,635209,451,7,0
20468,635209,452,8,0
20470,635209,453,9,0
20472,635209,455,10,0
20474,635209,457,11,0
20136,635209,459,12,0
20099,635209,463,13,0
20024,635209,464,14,0
21229,635209,466,15,0
20291,635209,468,16,0
20196,635209,469,17,0
21210,635209,470,18,1
21211,635239,1145,1,0
20197,635239,1146,2,0
20111,635239,1149,3,0
21230,635239,1153,4,0
20165,635239,1154,5,0
20102,635239,1155,6,0
20100,635239,1157,7,0
20518,635239,1158,8,0
20475,635239,1158,9,0
20473,635239,1159,10,0
20471,635239,1160,11,0
20469,635239,1161,12,0
20467,635239,1161,13,0
20909,635239,1163,14,0
20911,635239,1164,15,0
21232,635239,1164,16,0
20932,635239,1166,17,0
20934,635239,1167,18,0
20935,635239,1170,19,1
21211,635240,1175,1,0
20197,635240,1176,2,0
20111,635240,1179,3,0
21230,635240,1183,4,0
20165,635240,1184,5,0
20102,635240,1185,6,0
20100,635240,1187,7,0
20518,635240,1188,8,0
20475,635240,1188,9,0
20473,635240,1189,10,0
20471,635240,1190,11,0
20469,635240,1191,12,0
20467,635240,1191,13,0
20909,635240,1193,14,0
20911,635240,1194,15,0
21232,635240,1194,16,0
20932,635240,1196,17,0
20934,635240,1197,18,0
20935,635240,1200,19,1
21211,635241,1235,1,0
20197,635241,1236,2,0
20111,635241,1239,3,0
21230,635241,1243,4,0
20165,635241,1244,5,0
20102,635241,1245,6,0
20100,635241,1247,7,0
20518,635241,1248,8,0
20475,635241,1248,9,0
20473,635241,1249,10,0
20471,635241,1250,11,0
20469,635241,1251,12,0
20467,635241,1251,13,0
20909,635241,1253,14,0
20911,635241,1254,15,0
21232,635241,1254,16,0
20932,635241,1256,17,0
20934,635241,1257,18,0
20935,635241,1260,19,1
20935,2385197,1020,1,0
20933,2385197,1021,2,0
20931,2385197,1022,3,0
21231,2385197,1023,4,0
20910,2385197,1023,5,0
20908,2385197,1025,6,0
20466,2385197,1026,7,0
20468,2385197,1027,8,0
20470,2385197,1027,9,0
20472,2385197,1029,10,0
20474,2385197,1029,11,0
20136,2385197,1030,12,0
20099,2385197,1033,13,0
20024,2385197,1035,14,0
21229,2385197,1038,15,0
20291,2385197,1041,16,0
20196,2385197,1043,17,0
21210,2385197,1045,18,1
20935,2385196,660,1,0
20933,2385196,661,2,0
20931,2385196,662,3,0
21231,2385196,663,4,0
20910,2385196,663,5,0
20908,2385196,665,6,0
20466,2385196,666,7,0
20468,2385196,667,8,0
20470,2385196,667,9,0
20472,2385196,669,10,0
20474,2385196,669,11,0
20136,2385196,670,12,0
20099,2385196,673,13,0
20024,2385196,675,14,0
21229,2385196,678,15,0
20291,2385196,681,16,0
20196,2385196,683,17,0
21210,2385196,685,18,1
21211,2385199,1085,1,0
20197,2385199,1086,2,0
20111,2385199,1089,3,0
21230,2385199,1093,4,0
20165,2385199,1094,5,0
20102,2385199,1095,6,0
20100,2385199,1097,7,0
20518,2385199,1098,8,0
20475,2385199,1098,9,0
20473,2385199,1099,10,0
20471,2385199,1100,11,0
20469,2385199,1101,12,0
20467,2385199,1101,13,0
20909,2385199,1103,14,0
20911,2385199,1104,15,0
21232,2385199,1104,16,0
20932,2385199,1106,17,0
20934,2385199,1107,18,0
20935,2385199,1110,19,1
21211,2385198,995,1,0
20197,2385198,996,2,0
20111,2385198,999,3,0
21230,2385198,1003,4,0
20165,2385198,1004,5,0
20102,2385198,1005,6,0
20100,2385198,1007,7,0
20518,2385198,1008,8,0
20475,2385198,1008,9,0
20473,2385198,1009,10,0
20471,2385198,1010,11,0
20469,2385198,1011,12,0
20467,2385198,1011,13,0
20909,2385198,1013,14,0
20911,2385198,1014,15,0
21232,2385198,1014,16,0
20932,2385198,1016,17,0
20934,2385198,1017,18,0
20935,2385198,1020,19,1
21211,2385194,815,1,0
20197,2385194,816,2,0
20111,2385194,819,3,0
21230,2385194,823,4,0
20165,2385194,824,5,0
20102,2385194,825,6,0
20100,2385194,827,7,0
20518,2385194,828,8,0
20475,2385194,828,9,0
20473,2385194,829,10,0
20471,2385194,830,11,0
20469,2385194,831,12,0
20467,2385194,831,13,0
20909,2385194,833,14,0
20911,2385194,834,15,0
21232,2385194,834,16,0
20932,2385194,836,17,0
20934,2385194,837,18,0
20935,2385194,840,19,1
21211,2385195,905,1,0
20197,2385195,906,2,0
20111,2385195,909,3,0
21230,2385195,913,4,0
20165,2385195,914,5,0
20102,2385195,915,6,0
20100,2385195,917,7,0
20518,2385195,918,8,0
20475,2385195,918,9,0
20473,2385195,919,10,0
20471,2385195,920,11,0
20469,2385195,921,12,0
20467,2385195,921,13,0
20909,2385195,923,14,0
20911,2385195,924,15,0
21232,2385195,924,16,0
20932,2385195,926,17,0
20934,2385195,927,18,0
20935,2385195,930,19,1
20935,2385190,930,1,0
20933,2385190,931,2,0
20931,2385190,932,3,0
21231,2385190,933,4,0
20910,2385190,933,5,0
20908,2385190,935,6,0
20466,2385190,936,7,0
20468,2385190,937,8,0
20470,2385190,937,9,0
20472,2385190,939,10,0
20474,2385190,939,11,0
20136,2385190,940,12,0
20099,2385190,943,13,0
20024,2385190,945,14,0
21229,2385190,948,15,0
20291,2385190,951,16,0
20196,2385190,953,17,0
21210,2385190,955,18,1
21211,2385188,725,1,0
20197,2385188,726,2,0
20111,2385188,729,3,0
21230,2385188,733,4,0
20165,2385188,734,5,0
20102,2385188,735,6,0
20100,2385188,737,7,0
20518,2385188,738,8,0
20475,2385188,738,9,0
20473,2385188,739,10,0
20471,2385188,740,11,0
20469,2385188,741,12,0
20467,2385188,741,13,0
20909,2385188,743,14,0
20911,2385188,744,15,0
21232,2385188,744,16,0
20932,2385188,746,17,0
20934,2385188,747,18,0
20935,2385188,750,19,1
21211,2385187,635,1,0
20197,2385187,636,2,0
20111,2385187,639,3,0
21230,2385187,643,4,0
20165,2385187,644,5,0
20102,2385187,645,6,0
20100,2385187,647,7,0
20518,2385187,648,8,0
20475,2385187,648,9,0
20473,2385187,649,10,0
20471,2385187,650,11,0
20469,2385187,651,12,0
20467,2385187,651,13,0
20909,2385187,653,14,0
20911,2385187,654,15,0
21232,2385187,654,16,0
20932,2385187,656,17,0
20934,2385187,657,18,0
20935,2385187,660,19,1
20935,2385185,840,1,0
20933,2385185,841,2,0
20931,2385185,842,3,0
21231,2385185,843,4,0
20910,2385185,843,5,0
20908,2385185,845,6,0
20466,2385185,846,7,0
20468,2385185,847,8,0
20470,2385185,847,9,0
20472,2385185,849,10,0
20474,2385185,849,11,0
20136,2385185,850,12,0
20099,2385185,853,13,0
20024,2385185,855,14,0
21229,2385185,858,15,0
20291,2385185,861,16,0
20196,2385185,863,17,0
21210,2385185,865,18,1
20935,2385189,570,1,0
20933,2385189,571,2,0
20931,2385189,572,3,0
21231,2385189,573,4,0
20910,2385189,573,5,0
20908,2385189,575,6,0
20466,2385189,576,7,0
20468,2385189,577,8,0
20470,2385189,577,9,0
20472,2385189,579,10,0
20474,2385189,579,11,0
20136,2385189,580,12,0
20099,2385189,583,13,0
20024,2385189,585,14,0
21229,2385189,589,15,0
20291,2385189,592,16,0
20196,2385189,593,17,0
21210,2385189,595,18,1
21211,2385182,545,1,0
20197,2385182,546,2,0
20111,2385182,549,3,0
21230,2385182,553,4,0
20165,2385182,554,5,0
20102,2385182,555,6,0
20100,2385182,557,7,0
20518,2385182,558,8,0
20475,2385182,558,9,0
20473,2385182,559,10,0
20471,2385182,560,11,0
20469,2385182,561,12,0
20467,2385182,561,13,0
20909,2385182,563,14,0
20911,2385182,564,15,0
21232,2385182,564,16,0
20932,2385182,566,17,0
20934,2385182,567,18,0
20935,2385182,570,19,1
20935,2385179,480,1,0
20933,2385179,481,2,0
20931,2385179,482,3,0
21231,2385179,483,4,0
20910,2385179,483,5,0
20908,2385179,485,6,0
20466,2385179,486,7,0
20468,2385179,487,8,0
20470,2385179,488,9,0
20472,2385179,489,10,0
20474,2385179,490,11,0
20136,2385179,492,12,0
20099,2385179,495,13,0
20024,2385179,497,14,0
21229,2385179,500,15,0
20291,2385179,502,16,0
20196,2385179,503,17,0
21210,2385179,505,18,1
21211,2385202,1145,1,0
20197,2385202,1146,2,0
20111,2385202,1149,3,0
21230,2385202,1153,4,0
20165,2385202,1154,5,0
20102,2385202,1155,6,0
20100,2385202,1157,7,0
20518,2385202,1158,8,0
20475,2385202,1158,9,0
20473,2385202,1159,10,0
20471,2385202,1160,11,0
20469,2385202,1161,12,0
20467,2385202,1161,13,0
20909,2385202,1163,14,0
20911,2385202,1164,15,0
21232,2385202,1164,16,0
20932,2385202,1166,17,0
20934,2385202,1167,18,0
20935,2385202,1170,19,1
20935,2385200,750,1,0
20933,2385200,751,2,0
20931,2385200,752,3,0
21231,2385200,753,4,0
20910,2385200,753,5,0
20908,2385200,755,6,0
20466,2385200,756,7,0
20468,2385200,757,8,0
20470,2385200,757,9,0
20472,2385200,759,10,0
20474,2385200,759,11,0
20136,2385200,760,12,0
20099,2385200,763,13,0
20024,2385200,765,14,0
21229,2385200,768,15,0
20291,2385200,771,16,0
20196,2385200,773,17,0
21210,2385200,775,18,1
20935,2385201,1110,1,0
20933,2385201,1111,2,0
20931,2385201,1112,3,0
21231,2385201,1113,4,0
20910,2385201,1113,5,0
20908,2385201,1115,6,0
20466,2385201,1116,7,0
20468,2385201,1117,8,0
20470,2385201,1117,9,0
20472,2385201,1119,10,0
20474,2385201,1119,11,0
20136,2385201,1120,12,0
20099,2385201,1123,13,0
20024,2385201,1125,14,0
21229,2385201,1128,15,0
20291,2385201,1131,16,0
20196,2385201,1133,17,0
21210,2385201,1135,18,1
20935,2343581,1020,1,0
20933,2343581,1021,2,0
20931,2343581,1022,3,0
21231,2343581,1023,4,0
20910,2343581,1023,5,0
20908,2343581,1025,6,0
20466,2343581,1026,7,0
20468,2343581,1027,8,0
20470,2343581,1027,9,0
20472,2343581,1029,10,0
20474,2343581,1029,11,0
20136,2343581,1030,12,0
20099,2343581,1033,13,0
20024,2343581,1035,14,0
21229,2343581,1038,15,0
20291,2343581,1041,16,0
20196,2343581,1043,17,0
21210,2343581,1045,18,1
21211,2343582,995,1,0
20197,2343582,996,2,0
20111,2343582,999,3,0
21230,2343582,1003,4,0
20165,2343582,1004,5,0
20102,2343582,1005,6,0
20100,2343582,1007,7,0
20518,2343582,1008,8,0
20475,2343582,1008,9,0
20473,2343582,1009,10,0
20471,2343582,1010,11,0
20469,2343582,1011,12,0
20467,2343582,1011,13,0
20909,2343582,1013,14,0
20911,2343582,1014,15,0
21232,2343582,1014,16,0
20932,2343582,1016,17,0
20934,2343582,1017,18,0
20935,2343582,1020,19,1
20935,2343580,660,1,0
20933,2343580,661,2,0
20931,2343580,662,3,0
21231,2343580,663,4,0
20910,2343580,663,5,0
20908,2343580,665,6,0
20466,2343580,666,7,0
20468,2343580,667,8,0
20470,2343580,667,9,0
20472,2343580,669,10,0
20474,2343580,669,11,0
20136,2343580,670,12,0
20099,2343580,673,13,0
20024,2343580,675,14,0
21229,2343580,678,15,0
20291,2343580,681,16,0
20196,2343580,683,17,0
21210,2343580,685,18,1
21211,2343586,1145,1,0
20197,2343586,1146,2,0
20111,2343586,1149,3,0
21230,2343586,1153,4,0
20165,2343586,1154,5,0
20102,2343586,1155,6,0
20100,2343586,1157,7,0
20518,2343586,1158,8,0
20475,2343586,1158,9,0
20473,2343586,1159,10,0
20471,2343586,1160,11,0
20469,2343586,1161,12,0
20467,2343586,1161,13,0
20909,2343586,1163,14,0
20911,2343586,1164,15,0
21232,2343586,1164,16,0
20932,2343586,1166,17,0
20934,2343586,1167,18,0
20935,2343586,1170,19,1
20935,2343585,1110,1,0
20933,2343585,1111,2,0
20931,2343585,1112,3,0
21231,2343585,1113,4,0
20910,2343585,1113,5,0
20908,2343585,1115,6,0
20466,2343585,1116,7,0
20468,2343585,1117,8,0
20470,2343585,1117,9,0
20472,2343585,1119,10,0
20474,2343585,1119,11,0
20136,2343585,1120,12,0
20099,2343585,1123,13,0
20024,2343585,1125,14,0
21229,2343585,1128,15,0
20291,2343585,1131,16,0
20196,2343585,1133,17,0
21210,2343585,1135,18,1
20935,2343584,750,1,0
20933,2343584,751,2,0
20931,2343584,752,3,0
21231,2343584,753,4,0
20910,2343584,753,5,0
20908,2343584,755,6,0
20466,2343584,756,7,0
20468,2343584,757,8,0
20470,2343584,757,9,0
20472,2343584,759,10,0
20474,2343584,759,11,0
20136,2343584,760,12,0
20099,2343584,763,13,0
20024,2343584,765,14,0
21229,2343584,768,15,0
20291,2343584,771,16,0
20196,2343584,773,17,0
21210,2343584,775,18,1
21211,2343583,1085,1,0
20197,2343583,1086,2,0
20111,2343583,1089,3,0
21230,2343583,1093,4,0
20165,2343583,1094,5,0
20102,2343583,1095,6,0
20100,2343583,1097,7,0
20518,2343583,1098,8,0
20475,2343583,1098,9,0
20473,2343583,1099,10,0
20471,2343583,1100,11,0
20469,2343583,1101,12,0
20467,2343583,1101,13,0
20909,2343583,1103,14,0
20911,2343583,1104,15,0
21232,2343583,1104,16,0
20932,2343583,1106,17,0
20934,2343583,1107,18,0
20935,2343583,1110,19,1
21211,2343571,635,1,0
20197,2343571,636,2,0
20111,2343571,639,3,0
21230,2343571,643,4,0
20165,2343571,644,5,0
20102,2343571,645,6,0
20100,2343571,647,7,0
20518,2343571,648,8,0
20475,2343571,648,9,0
20473,2343571,649,10,0
20471,2343571,650,11,0
20469,2343571,651,12,0
20467,2343571,651,13,0
20909,2343571,653,14,0
20911,2343571,654,15,0
21232,2343571,654,16,0
20932,2343571,656,17,0
20934,2343571,657,18,0
20935,2343571,660,19,1
20935,2343573,570,1,0
20933,2343573,571,2,0
20931,2343573,572,3,0
21231,2343573,573,4,0
20910,2343573,573,5,0
20908,2343573,575,6,0
20466,2343573,576,7,0
20468,2343573,577,8,0
20470,2343573,577,9,0
20472,2343573,579,10,0
20474,2343573,579,11,0
20136,2343573,580,12,0
20099,2343573,583,13,0
20024,2343573,585,14,0
21229,2343573,589,15,0
20291,2343573,592,16,0
20196,2343573,593,17,0
21210,2343573,595,18,1
21211,2343572,725,1,0
20197,2343572,726,2,0
20111,2343572,729,3,0
21230,2343572,733,4,0
20165,2343572,734,5,0
20102,2343572,735,6,0
20100,2343572,737,7,0
20518,2343572,738,8,0
20475,2343572,738,9,0
20473,2343572,739,10,0
20471,2343572,740,11,0
20469,2343572,741,12,0
20467,2343572,741,13,0
20909,2343572,743,14,0
20911,2343572,744,15,0
21232,2343572,744,16,0
20932,2343572,746,17,0
20934,2343572,747,18,0
20935,2343572,750,19,1
20935,2343574,930,1,0
20933,2343574,931,2,0
20931,2343574,932,3,0
21231,2343574,933,4,0
20910,2343574,933,5,0
20908,2343574,935,6,0
20466,2343574,936,7,0
20468,2343574,937,8,0
20470,2343574,937,9,0
20472,2343574,939,10,0
20474,2343574,939,11,0
20136,2343574,940,12,0
20099,2343574,943,13,0
20024,2343574,945,14,0
21229,2343574,948,15,0
20291,2343574,951,16,0
20196,2343574,953,17,0
21210,2343574,955,18,1
21211,2343579,905,1,0
20197,2343579,906,2,0
20111,2343579,909,3,0
21230,2343579,913,4,0
20165,2343579,914,5,0
20102,2343579,915,6,0
20100,2343579,917,7,0
20518,2343579,918,8,0
20475,2343579,918,9,0
20473,2343579,919,10,0
20471,2343579,920,11,0
20469,2343579,921,12,0
20467,2343579,921,13,0
20909,2343579,923,14,0
20911,2343579,924,15,0
21232,2343579,924,16,0
20932,2343579,926,17,0
20934,2343579,927,18,0
20935,2343579,930,19,1
21211,2343578,815,1,0
20197,2343578,816,2,0
20111,2343578,819,3,0
21230,2343578,823,4,0
20165,2343578,824,5,0
20102,2343578,825,6,0
20100,2343578,827,7,0
20518,2343578,828,8,0
20475,2343578,828,9,0
20473,2343578,829,10,0
20471,2343578,830,11,0
20469,2343578,831,12,0
20467,2343578,831,13,0
20909,2343578,833,14,0
20911,2343578,834,15,0
21232,2343578,834,16,0
20932,2343578,836,17,0
20934,2343578,837,18,0
20935,2343578,840,19,1
20935,2343563,840,1,0
20933,2343563,841,2,0
20931,2343563,842,3,0
21231,2343563,843,4,0
20910,2343563,843,5,0
20908,2343563,845,6,0
20466,2343563,846,7,0
20468,2343563,847,8,0
20470,2343563,847,9,0
20472,2343563,849,10,0
20474,2343563,849,11,0
20136,2343563,850,12,0
20099,2343563,853,13,0
20024,2343563,855,14,0
21229,2343563,858,15,0
20291,2343563,861,16,0
20196,2343563,863,17,0
21210,2343563,865,18,1
20935,2343553,480,1,0
20933,2343553,481,2,0
20931,2343553,482,3,0
21231,2343553,483,4,0
20910,2343553,483,5,0
20908,2343553,485,6,0
20466,2343553,486,7,0
20468,2343553,487,8,0
20470,2343553,488,9,0
20472,2343553,489,10,0
20474,2343553,490,11,0
20136,2343553,492,12,0
20099,2343553,495,13,0
20024,2343553,497,14,0
21229,2343553,500,15,0
20291,2343553,502,16,0
20196,2343553,503,17,0
21210,2343553,505,18,1
21211,2343559,545,1,0
20197,2343559,546,2,0
20111,2343559,549,3,0
21230,2343559,553,4,0
20165,2343559,554,5,0
20102,2343559,555,6,0
20100,2343559,557,7,0
20518,2343559,558,8,0
20475,2343559,558,9,0
20473,2343559,559,10,0
20471,2343559,560,11,0
20469,2343559,561,12,0
20467,2343559,561,13,0
20909,2343559,563,14,0
20911,2343559,564,15,0
21232,2343559,564,16,0
20932,2343559,566,17,0
20934,2343559,567,18,0
20935,2343559,570,19,1
