arret_id,trajet_id,heure_depart,stop_sequence,terminus
21211,2385860,820,1,0
20197,2385860,821,2,0
20111,2385860,823,3,0
21230,2385860,825,4,0
20165,2385860,827,5,0
20102,2385860,828,6,0
20100,2385860,830,7,0
20518,2385860,833,8,0
20475,2385860,834,9,0
20473,2385860,835,10,0
20173,2385860,839,11,0
20171,2385860,839,12,0
20164,2385860,840,13,0
21226,2385860,842,14,0
21224,2385860,844,15,0
20845,2385860,846,16,0
21222,2385860,850,17,0
21218,2385860,853,18,1
21211,2385861,880,1,0
20197,2385861,881,2,0
20111,2385861,883,3,0
21230,2385861,885,4,0
20165,2385861,887,5,0
20102,2385861,888,6,0
20100,2385861,890,7,0
20518,2385861,893,8,0
20475,2385861,894,9,0
20473,2385861,895,10,0
20173,2385861,899,11,0
20171,2385861,899,12,0
20164,2385861,900,13,0
21226,2385861,902,14,0
21224,2385861,904,15,0
20845,2385861,906,16,0
21222,2385861,910,17,0
21218,2385861,913,18,1
21211,2385862,1000,1,0
20197,2385862,1001,2,0
20111,2385862,1003,3,0
21230,2385862,1005,4,0
20165,2385862,1007,5,0
20102,2385862,1008,6,0
20100,2385862,1010,7,0
20518,2385862,1013,8,0
20475,2385862,1014,9,0
20473,2385862,1015,10,0
20173,2385862,1019,11,0
20171,2385862,1019,12,0
20164,2385862,1020,13,0
21226,2385862,1022,14,0
21224,2385862,1024,15,0
20845,2385862,1026,16,0
21222,2385862,1030,17,0
21218,2385862,1033,18,1
21211,2385863,1180,1,0
20197,2385863,1181,2,0
20111,2385863,1183,3,0
21230,2385863,1185,4,0
20165,2385863,1187,5,0
20102,2385863,1188,6,0
20100,2385863,1190,7,0
20518,2385863,1193,8,0
20475,2385863,1194,9,0
20473,2385863,1195,10,0
20173,2385863,1199,11,0
20171,2385863,1199,12,0
20164,2385863,1200,13,0
21226,2385863,1202,14,0
21224,2385863,1204,15,0
20845,2385863,1206,16,0
21222,2385863,1210,17,0
21218,2385863,1213,18,1
21211,2385864,1210,1,0
20197,2385864,1211,2,0
20111,2385864,1213,3,0
21230,2385864,1215,4,0
20165,2385864,1217,5,0
20102,2385864,1218,6,0
20100,2385864,1220,7,0
20518,2385864,1223,8,0
20475,2385864,1224,9,0
20473,2385864,1225,10,0
20173,2385864,1229,11,0
20171,2385864,1229,12,0
20164,2385864,1230,13,0
21226,2385864,1232,14,0
21224,2385864,1234,15,0
20845,2385864,1236,16,0
21222,2385864,1240,17,0
21218,2385864,1243,18,1
21211,2385865,1240,1,0
20197,2385865,1241,2,0
20111,2385865,1243,3,0
21230,2385865,1245,4,0
20165,2385865,1247,5,0
20102,2385865,1248,6,0
20100,2385865,1250,7,0
20518,2385865,1253,8,0
20475,2385865,1254,9,0
20473,2385865,1255,10,0
20173,2385865,1259,11,0
20171,2385865,1259,12,0
20164,2385865,1260,13,0
21226,2385865,1262,14,0
21224,2385865,1264,15,0
20845,2385865,1266,16,0
21222,2385865,1270,17,0
21218,2385865,1273,18,1
21218,2385866,314,1,0
21221,2385866,315,2,0
20844,2385866,319,3,0
21223,2385866,320,4,0
21225,2385866,322,5,0
20163,2385866,324,6,0
20075,2385866,325,7,0
20172,2385866,326,8,0
20472,2385866,327,9,0
20474,2385866,328,10,0
20136,2385866,328,11,0
20099,2385866,330,12,0
20024,2385866,332,13,0
21229,2385866,333,14,0
20291,2385866,337,15,0
20196,2385866,338,16,0
21210,2385866,340,17,1
21218,2385867,364,1,0
21221,2385867,365,2,0
20844,2385867,369,3,0
21223,2385867,370,4,0
21225,2385867,372,5,0
20163,2385867,374,6,0
20075,2385867,375,7,0
20172,2385867,376,8,0
20472,2385867,377,9,0
20474,2385867,378,10,0
20136,2385867,378,11,0
20099,2385867,380,12,0
20024,2385867,382,13,0
21229,2385867,383,14,0
20291,2385867,387,15,0
20196,2385867,388,16,0
21210,2385867,390,17,1
21218,2385868,394,1,0
21221,2385868,395,2,0
20844,2385868,399,3,0
21223,2385868,400,4,0
21225,2385868,402,5,0
20163,2385868,404,6,0
20075,2385868,405,7,0
20172,2385868,406,8,0
20472,2385868,407,9,0
20474,2385868,408,10,0
20136,2385868,408,11,0
20099,2385868,410,12,0
20024,2385868,412,13,0
21229,2385868,413,14,0
20291,2385868,417,15,0
20196,2385868,418,16,0
21210,2385868,420,17,1
21218,2385869,454,1,0
21221,2385869,455,2,0
20844,2385869,459,3,0
21223,2385869,460,4,0
21225,2385869,462,5,0
20163,2385869,464,6,0
20075,2385869,465,7,0
20172,2385869,466,8,0
20472,2385869,467,9,0
20474,2385869,468,10,0
20136,2385869,468,11,0
20099,2385869,470,12,0
20024,2385869,472,13,0
21229,2385869,473,14,0
20291,2385869,477,15,0
20196,2385869,478,16,0
21210,2385869,480,17,1
21218,2385851,514,1,0
21221,2385851,515,2,0
20844,2385851,519,3,0
21223,2385851,520,4,0
21225,2385851,522,5,0
20163,2385851,524,6,0
20075,2385851,525,7,0
20172,2385851,526,8,0
20472,2385851,527,9,0
20474,2385851,528,10,0
20136,2385851,528,11,0
20099,2385851,530,12,0
20024,2385851,532,13,0
21229,2385851,533,14,0
20291,2385851,537,15,0
20196,2385851,538,16,0
21210,2385851,540,17,1
21218,2385852,664,1,0
21221,2385852,665,2,0
20844,2385852,669,3,0
21223,2385852,670,4,0
21225,2385852,672,5,0
20163,2385852,674,6,0
20075,2385852,675,7,0
20172,2385852,676,8,0
20472,2385852,677,9,0
20474,2385852,678,10,0
20136,2385852,678,11,0
20099,2385852,680,12,0
20024,2385852,682,13,0
21229,2385852,683,14,0
20291,2385852,687,15,0
20196,2385852,688,16,0
21210,2385852,690,17,1
21218,2385850,454,1,0
21221,2385850,455,2,0
20844,2385850,459,3,0
21223,2385850,460,4,0
21225,2385850,462,5,0
20163,2385850,464,6,0
20075,2385850,465,7,0
20172,2385850,466,8,0
20472,2385850,467,9,0
20474,2385850,468,10,0
20136,2385850,468,11,0
20099,2385850,470,12,0
20024,2385850,472,13,0
21229,2385850,473,14,0
20291,2385850,477,15,0
20196,2385850,478,16,0
21210,2385850,480,17,1
21218,2385855,1174,1,0
21221,2385855,1175,2,0
20844,2385855,1179,3,0
21223,2385855,1180,4,0
21225,2385855,1182,5,0
20163,2385855,1184,6,0
20075,2385855,1185,7,0
20172,2385855,1186,8,0
20472,2385855,1187,9,0
20474,2385855,1188,10,0
20136,2385855,1188,11,0
20099,2385855,1190,12,0
20024,2385855,1192,13,0
21229,2385855,1193,14,0
20291,2385855,1197,15,0
20196,2385855,1198,16,0
21210,2385855,1200,17,1
21211,2385856,430,1,0
20197,2385856,431,2,0
20111,2385856,433,3,0
21230,2385856,435,4,0
20165,2385856,437,5,0
20102,2385856,438,6,0
20100,2385856,440,7,0
20518,2385856,443,8,0
20475,2385856,444,9,0
20473,2385856,445,10,0
20173,2385856,449,11,0
20171,2385856,449,12,0
20164,2385856,450,13,0
21226,2385856,452,14,0
21224,2385856,454,15,0
20845,2385856,456,16,0
21222,2385856,460,17,0
21218,2385856,463,18,1
21218,2385853,964,1,0
21221,2385853,965,2,0
20844,2385853,969,3,0
21223,2385853,970,4,0
21225,2385853,972,5,0
20163,2385853,974,6,0
20075,2385853,975,7,0
20172,2385853,976,8,0
20472,2385853,977,9,0
20474,2385853,978,10,0
20136,2385853,978,11,0
20099,2385853,980,12,0
20024,2385853,982,13,0
21229,2385853,983,14,0
20291,2385853,987,15,0
20196,2385853,988,16,0
21210,2385853,990,17,1
21218,2385854,994,1,0
21221,2385854,995,2,0
20844,2385854,999,3,0
21223,2385854,1000,4,0
21225,2385854,1002,5,0
20163,2385854,1004,6,0
20075,2385854,1005,7,0
20172,2385854,1006,8,0
20472,2385854,1007,9,0
20474,2385854,1008,10,0
20136,2385854,1008,11,0
20099,2385854,1010,12,0
20024,2385854,1012,13,0
21229,2385854,1013,14,0
20291,2385854,1017,15,0
20196,2385854,1018,16,0
21210,2385854,1020,17,1
21211,2385859,700,1,0
20197,2385859,701,2,0
20111,2385859,703,3,0
21230,2385859,705,4,0
20165,2385859,707,5,0
20102,2385859,708,6,0
20100,2385859,710,7,0
20518,2385859,713,8,0
20475,2385859,714,9,0
20473,2385859,715,10,0
20173,2385859,719,11,0
20171,2385859,719,12,0
20164,2385859,720,13,0
21226,2385859,722,14,0
21224,2385859,724,15,0
20845,2385859,726,16,0
21222,2385859,730,17,0
21218,2385859,733,18,1
21211,2385857,610,1,0
20197,2385857,611,2,0
20111,2385857,613,3,0
21230,2385857,615,4,0
20165,2385857,617,5,0
20102,2385857,618,6,0
20100,2385857,620,7,0
20518,2385857,623,8,0
20475,2385857,624,9,0
20473,2385857,625,10,0
20173,2385857,629,11,0
20171,2385857,629,12,0
20164,2385857,630,13,0
21226,2385857,632,14,0
21224,2385857,634,15,0
20845,2385857,636,16,0
21222,2385857,640,17,0
21218,2385857,643,18,1
21211,2385858,640,1,0
20197,2385858,641,2,0
20111,2385858,643,3,0
21230,2385858,645,4,0
20165,2385858,647,5,0
20102,2385858,648,6,0
20100,2385858,650,7,0
20518,2385858,653,8,0
20475,2385858,654,9,0
20473,2385858,655,10,0
20173,2385858,659,11,0
20171,2385858,659,12,0
20164,2385858,660,13,0
21226,2385858,662,14,0
21224,2385858,664,15,0
20845,2385858,666,16,0
21222,2385858,670,17,0
21218,2385858,673,18,1
21211,2385882,1180,1,0
20197,2385882,1181,2,0
20111,2385882,1183,3,0
21230,2385882,1185,4,0
20165,2385882,1187,5,0
20102,2385882,1188,6,0
20100,2385882,1190,7,0
20518,2385882,1193,8,0
20475,2385882,1194,9,0
20473,2385882,1195,10,0
20173,2385882,1199,11,0
20171,2385882,1199,12,0
20164,2385882,1200,13,0
21226,2385882,1202,14,0
21224,2385882,1204,15,0
20845,2385882,1206,16,0
21222,2385882,1210,17,0
21218,2385882,1213,18,1
21211,2385883,1210,1,0
20197,2385883,1211,2,0
20111,2385883,1213,3,0
21230,2385883,1215,4,0
20165,2385883,1217,5,0
20102,2385883,1218,6,0
20100,2385883,1220,7,0
20518,2385883,1223,8,0
20475,2385883,1224,9,0
20473,2385883,1225,10,0
20173,2385883,1229,11,0
20171,2385883,1229,12,0
20164,2385883,1230,13,0
21226,2385883,1232,14,0
21224,2385883,1234,15,0
20845,2385883,1236,16,0
21222,2385883,1240,17,0
21218,2385883,1243,18,1
21211,2385884,1240,1,0
20197,2385884,1241,2,0
20111,2385884,1243,3,0
21230,2385884,1245,4,0
20165,2385884,1247,5,0
20102,2385884,1248,6,0
20100,2385884,1250,7,0
20518,2385884,1253,8,0
20475,2385884,1254,9,0
20473,2385884,1255,10,0
20173,2385884,1259,11,0
20171,2385884,1259,12,0
20164,2385884,1260,13,0
21226,2385884,1262,14,0
21224,2385884,1264,15,0
20845,2385884,1266,16,0
21222,2385884,1270,17,0
21218,2385884,1273,18,1
21211,2385880,880,1,0
20197,2385880,881,2,0
20111,2385880,883,3,0
21230,2385880,885,4,0
20165,2385880,887,5,0
20102,2385880,888,6,0
20100,2385880,890,7,0
20518,2385880,893,8,0
20475,2385880,894,9,0
20473,2385880,895,10,0
20173,2385880,899,11,0
20171,2385880,899,12,0
20164,2385880,900,13,0
21226,2385880,902,14,0
21224,2385880,904,15,0
20845,2385880,906,16,0
21222,2385880,910,17,0
21218,2385880,913,18,1
21211,2385881,1000,1,0
20197,2385881,1001,2,0
20111,2385881,1003,3,0
21230,2385881,1005,4,0
20165,2385881,1007,5,0
20102,2385881,1008,6,0
20100,2385881,1010,7,0
20518,2385881,1013,8,0
20475,2385881,1014,9,0
20473,2385881,1015,10,0
20173,2385881,1019,11,0
20171,2385881,1019,12,0
20164,2385881,1020,13,0
21226,2385881,1022,14,0
21224,2385881,1024,15,0
20845,2385881,1026,16,0
21222,2385881,1030,17,0
21218,2385881,1033,18,1
21218,2385873,994,1,0
21221,2385873,995,2,0
20844,2385873,999,3,0
21223,2385873,1000,4,0
21225,2385873,1002,5,0
20163,2385873,1004,6,0
20075,2385873,1005,7,0
20172,2385873,1006,8,0
20472,2385873,1007,9,0
20474,2385873,1008,10,0
20136,2385873,1008,11,0
20099,2385873,1010,12,0
20024,2385873,1012,13,0
21229,2385873,1013,14,0
20291,2385873,1017,15,0
20196,2385873,1018,16,0
21210,2385873,1020,17,1
21218,2385874,1174,1,0
21221,2385874,1175,2,0
20844,2385874,1179,3,0
21223,2385874,1180,4,0
21225,2385874,1182,5,0
20163,2385874,1184,6,0
20075,2385874,1185,7,0
20172,2385874,1186,8,0
20472,2385874,1187,9,0
20474,2385874,1188,10,0
20136,2385874,1188,11,0
20099,2385874,1190,12,0
20024,2385874,1192,13,0
21229,2385874,1193,14,0
20291,2385874,1197,15,0
20196,2385874,1198,16,0
21210,2385874,1200,17,1
21218,2385871,664,1,0
21221,2385871,665,2,0
20844,2385871,669,3,0
21223,2385871,670,4,0
21225,2385871,672,5,0
20163,2385871,674,6,0
20075,2385871,675,7,0
20172,2385871,676,8,0
20472,2385871,677,9,0
20474,2385871,678,10,0
20136,2385871,678,11,0
20099,2385871,680,12,0
20024,2385871,682,13,0
21229,2385871,683,14,0
20291,2385871,687,15,0
20196,2385871,688,16,0
21210,2385871,690,17,1
21218,2385872,964,1,0
21221,2385872,965,2,0
20844,2385872,969,3,0
21223,2385872,970,4,0
21225,2385872,972,5,0
20163,2385872,974,6,0
20075,2385872,975,7,0
20172,2385872,976,8,0
20472,2385872,977,9,0
20474,2385872,978,10,0
20136,2385872,978,11,0
20099,2385872,980,12,0
20024,2385872,982,13,0
21229,2385872,983,14,0
20291,2385872,987,15,0
20196,2385872,988,16,0
21210,2385872,990,17,1
21218,2385870,514,1,0
21221,2385870,515,2,0
20844,2385870,519,3,0
21223,2385870,520,4,0
21225,2385870,522,5,0
20163,2385870,524,6,0
20075,2385870,525,7,0
20172,2385870,526,8,0
20472,2385870,527,9,0
20474,2385870,528,10,0
20136,2385870,528,11,0
20099,2385870,530,12,0
20024,2385870,532,13,0
21229,2385870,533,14,0
20291,2385870,537,15,0
20196,2385870,538,16,0
21210,2385870,540,17,1
21211,2385879,820,1,0
20197,2385879,821,2,0
20111,2385879,823,3,0
21230,2385879,825,4,0
20165,2385879,827,5,0
20102,2385879,828,6,0
20100,2385879,830,7,0
20518,2385879,833,8,0
20475,2385879,834,9,0
20473,2385879,835,10,0
20173,2385879,839,11,0
20171,2385879,839,12,0
20164,2385879,840,13,0
21226,2385879,842,14,0
21224,2385879,844,15,0
20845,2385879,846,16,0
21222,2385879,850,17,0
21218,2385879,853,18,1
21211,2385877,640,1,0
20197,2385877,641,2,0
20111,2385877,643,3,0
21230,2385877,645,4,0
20165,2385877,647,5,0
20102,2385877,648,6,0
20100,2385877,650,7,0
20518,2385877,653,8,0
20475,2385877,654,9,0
20473,2385877,655,10,0
20173,2385877,659,11,0
20171,2385877,659,12,0
20164,2385877,660,13,0
21226,2385877,662,14,0
21224,2385877,664,15,0
20845,2385877,666,16,0
21222,2385877,670,17,0
21218,2385877,673,18,1
21211,2385878,700,1,0
20197,2385878,701,2,0
20111,2385878,703,3,0
21230,2385878,705,4,0
20165,2385878,707,5,0
20102,2385878,708,6,0
20100,2385878,710,7,0
20518,2385878,713,8,0
20475,2385878,714,9,0
20473,2385878,715,10,0
20173,2385878,719,11,0
20171,2385878,719,12,0
20164,2385878,720,13,0
21226,2385878,722,14,0
21224,2385878,724,15,0
20845,2385878,726,16,0
21222,2385878,730,17,0
21218,2385878,733,18,1
21211,2385875,430,1,0
20197,2385875,431,2,0
20111,2385875,433,3,0
21230,2385875,435,4,0
20165,2385875,437,5,0
20102,2385875,438,6,0
20100,2385875,440,7,0
20518,2385875,443,8,0
20475,2385875,444,9,0
20473,2385875,445,10,0
20173,2385875,449,11,0
20171,2385875,449,12,0
20164,2385875,450,13,0
21226,2385875,452,14,0
21224,2385875,454,15,0
20845,2385875,456,16,0
21222,2385875,460,17,0
21218,2385875,463,18,1
21211,2385876,610,1,0
20197,2385876,611,2,0
20111,2385876,613,3,0
21230,2385876,615,4,0
20165,2385876,617,5,0
20102,2385876,618,6,0
20100,2385876,620,7,0
20518,2385876,623,8,0
20475,2385876,624,9,0
20473,2385876,625,10,0
20173,2385876,629,11,0
20171,2385876,629,12,0
20164,2385876,630,13,0
21226,2385876,632,14,0
21224,2385876,634,15,0
20845,2385876,636,16,0
21222,2385876,640,17,0
21218,2385876,643,18,1
21218,2385849,394,1,0
21221,2385849,395,2,0
20844,2385849,399,3,0
21223,2385849,400,4,0
21225,2385849,402,5,0
20163,2385849,404,6,0
20075,2385849,405,7,0
20172,2385849,406,8,0
20472,2385849,407,9,0
20474,2385849,408,10,0
20136,2385849,408,11,0
20099,2385849,410,12,0
20024,2385849,412,13,0
21229,2385849,413,14,0
20291,2385849,417,15,0
20196,2385849,418,16,0
21210,2385849,420,17,1
21218,2385848,364,1,0
21221,2385848,365,2,0
20844,2385848,369,3,0
21223,2385848,370,4,0
21225,2385848,372,5,0
20163,2385848,374,6,0
20075,2385848,375,7,0
20172,2385848,376,8,0
20472,2385848,377,9,0
20474,2385848,378,10,0
20136,2385848,378,11,0
20099,2385848,380,12,0
20024,2385848,382,13,0
21229,2385848,383,14,0
20291,2385848,387,15,0
20196,2385848,388,16,0
21210,2385848,390,17,1
21218,2385847,314,1,0
21221,2385847,315,2,0
20844,2385847,319,3,0
21223,2385847,320,4,0
21225,2385847,322,5,0
20163,2385847,324,6,0
20075,2385847,325,7,0
20172,2385847,326,8,0
20472,2385847,327,9,0
20474,2385847,328,10,0
20136,2385847,328,11,0
20099,2385847,330,12,0
20024,2385847,332,13,0
21229,2385847,333,14,0
20291,2385847,337,15,0
20196,2385847,338,16,0
21210,2385847,340,17,1
21218,2345178,694,1,0
21221,2345178,695,2,0
20844,2345178,699,3,0
21223,2345178,700,4,0
21225,2345178,702,5,0
20163,2345178,704,6,0
20075,2345178,705,7,0
20172,2345178,706,8,0
20472,2345178,707,9,0
20474,2345178,708,10,0
20136,2345178,708,11,0
20099,2345178,710,12,0
20024,2345178,712,13,0
21229,2345178,713,14,0
20291,2345178,717,15,0
20196,2345178,718,16,0
21210,2345178,720,17,1
21218,2345179,784,1,0
21221,2345179,785,2,0
20844,2345179,789,3,0
21223,2345179,790,4,0
21225,2345179,792,5,0
20163,2345179,794,6,0
20075,2345179,795,7,0
20172,2345179,796,8,0
20472,2345179,797,9,0
20474,2345179,798,10,0
20136,2345179,798,11,0
20099,2345179,800,12,0
20024,2345179,802,13,0
21229,2345179,803,14,0
20291,2345179,807,15,0
20196,2345179,808,16,0
21210,2345179,810,17,1
21218,439111,694,1,0
21221,439111,695,2,0
20844,439111,699,3,0
21223,439111,700,4,0
21225,439111,702,5,0
20163,439111,704,6,0
20075,439111,705,7,0
20172,439111,706,8,0
20472,439111,707,9,0
20474,439111,708,10,0
20136,439111,708,11,0
20099,439111,710,12,0
20024,439111,712,13,0
21229,439111,713,14,0
20291,439111,717,15,0
20196,439111,718,16,0
21210,439111,720,17,1
21218,439110,514,1,0
21221,439110,515,2,0
20844,439110,519,3,0
21223,439110,520,4,0
21225,439110,522,5,0
20163,439110,524,6,0
20075,439110,525,7,0
20172,439110,526,8,0
20472,439110,527,9,0
20474,439110,528,10,0
20136,439110,528,11,0
20099,439110,530,12,0
20024,439110,532,13,0
21229,439110,533,14,0
20291,439110,537,15,0
20196,439110,538,16,0
21210,439110,540,17,1
21218,439113,934,1,0
21221,439113,935,2,0
20844,439113,939,3,0
21223,439113,940,4,0
21225,439113,942,5,0
20163,439113,944,6,0
20075,439113,945,7,0
20172,439113,946,8,0
20472,439113,947,9,0
20474,439113,948,10,0
20136,439113,948,11,0
20099,439113,950,12,0
20024,439113,952,13,0
21229,439113,953,14,0
20291,439113,957,15,0
20196,439113,958,16,0
21210,439113,960,17,1
21218,439112,784,1,0
21221,439112,785,2,0
20844,439112,789,3,0
21223,439112,790,4,0
21225,439112,792,5,0
20163,439112,794,6,0
20075,439112,795,7,0
20172,439112,796,8,0
20472,439112,797,9,0
20474,439112,798,10,0
20136,439112,798,11,0
20099,439112,800,12,0
20024,439112,802,13,0
21229,439112,803,14,0
20291,439112,807,15,0
20196,439112,808,16,0
21210,439112,810,17,1
21211,439115,670,1,0
20197,439115,671,2,0
20111,439115,673,3,0
21230,439115,675,4,0
20165,439115,677,5,0
20102,439115,678,6,0
20100,439115,680,7,0
20518,439115,683,8,0
20475,439115,684,9,0
20473,439115,685,10,0
20173,439115,689,11,0
20171,439115,689,12,0
20164,439115,690,13,0
21226,439115,692,14,0
21224,439115,694,15,0
20845,439115,696,16,0
21222,439115,700,17,0
21218,439115,703,18,1
21218,439114,1024,1,0
21221,439114,1025,2,0
20844,439114,1029,3,0
21223,439114,1030,4,0
21225,439114,1032,5,0
20163,439114,1034,6,0
20075,439114,1035,7,0
20172,439114,1036,8,0
20472,439114,1037,9,0
20474,439114,1038,10,0
20136,439114,1038,11,0
20099,439114,1040,12,0
20024,439114,1042,13,0
21229,439114,1043,14,0
20291,439114,1047,15,0
20196,439114,1048,16,0
21210,439114,1050,17,1
21211,439117,970,1,0
20197,439117,971,2,0
20111,439117,973,3,0
21230,439117,975,4,0
20165,439117,977,5,0
20102,439117,978,6,0
20100,439117,980,7,0
20518,439117,983,8,0
20475,439117,984,9,0
20473,439117,985,10,0
20173,439117,989,11,0
20171,439117,989,12,0
20164,439117,990,13,0
21226,439117,992,14,0
21224,439117,994,15,0
20845,439117,996,16,0
21222,439117,1000,17,0
21218,439117,1003,18,1
21211,439116,880,1,0
20197,439116,881,2,0
20111,439116,883,3,0
21230,439116,885,4,0
20165,439116,887,5,0
20102,439116,888,6,0
20100,439116,890,7,0
20518,439116,893,8,0
20475,439116,894,9,0
20473,439116,895,10,0
20173,439116,899,11,0
20171,439116,899,12,0
20164,439116,900,13,0
21226,439116,902,14,0
21224,439116,904,15,0
20845,439116,906,16,0
21222,439116,910,17,0
21218,439116,913,18,1
21211,439119,1150,1,0
20197,439119,1151,2,0
20111,439119,1153,3,0
21230,439119,1155,4,0
20165,439119,1157,5,0
20102,439119,1158,6,0
20100,439119,1160,7,0
20518,439119,1163,8,0
20475,439119,1164,9,0
20473,439119,1165,10,0
20173,439119,1169,11,0
20171,439119,1169,12,0
20164,439119,1170,13,0
21226,439119,1172,14,0
21224,439119,1174,15,0
20845,439119,1176,16,0
21222,439119,1180,17,0
21218,439119,1183,18,1
21211,439118,1060,1,0
20197,439118,1061,2,0
20111,439118,1063,3,0
21230,439118,1065,4,0
20165,439118,1067,5,0
20102,439118,1068,6,0
20100,439118,1070,7,0
20518,439118,1073,8,0
20475,439118,1074,9,0
20473,439118,1075,10,0
20173,439118,1079,11,0
20171,439118,1079,12,0
20164,439118,1080,13,0
21226,439118,1082,14,0
21224,439118,1084,15,0
20845,439118,1086,16,0
21222,439118,1090,17,0
21218,439118,1093,18,1
21218,2345227,1024,1,0
21221,2345227,1025,2,0
20844,2345227,1029,3,0
21223,2345227,1030,4,0
21225,2345227,1032,5,0
20163,2345227,1034,6,0
20075,2345227,1035,7,0
20172,2345227,1036,8,0
20472,2345227,1037,9,0
20474,2345227,1038,10,0
20136,2345227,1038,11,0
20099,2345227,1040,12,0
20024,2345227,1042,13,0
21229,2345227,1043,14,0
20291,2345227,1047,15,0
20196,2345227,1048,16,0
21210,2345227,1050,17,1
21211,2345232,670,1,0
20197,2345232,671,2,0
20111,2345232,673,3,0
21230,2345232,675,4,0
20165,2345232,677,5,0
20102,2345232,678,6,0
20100,2345232,680,7,0
20518,2345232,683,8,0
20475,2345232,684,9,0
20473,2345232,685,10,0
20173,2345232,689,11,0
20171,2345232,689,12,0
20164,2345232,690,13,0
21226,2345232,692,14,0
21224,2345232,694,15,0
20845,2345232,696,16,0
21222,2345232,700,17,0
21218,2345232,703,18,1
21211,2345235,970,1,0
20197,2345235,971,2,0
20111,2345235,973,3,0
21230,2345235,975,4,0
20165,2345235,977,5,0
20102,2345235,978,6,0
20100,2345235,980,7,0
20518,2345235,983,8,0
20475,2345235,984,9,0
20473,2345235,985,10,0
20173,2345235,989,11,0
20171,2345235,989,12,0
20164,2345235,990,13,0
21226,2345235,992,14,0
21224,2345235,994,15,0
20845,2345235,996,16,0
21222,2345235,1000,17,0
21218,2345235,1003,18,1
21211,2345236,1060,1,0
20197,2345236,1061,2,0
20111,2345236,1063,3,0
21230,2345236,1065,4,0
20165,2345236,1067,5,0
20102,2345236,1068,6,0
20100,2345236,1070,7,0
20518,2345236,1073,8,0
20475,2345236,1074,9,0
20473,2345236,1075,10,0
20173,2345236,1079,11,0
20171,2345236,1079,12,0
20164,2345236,1080,13,0
21226,2345236,1082,14,0
21224,2345236,1084,15,0
20845,2345236,1086,16,0
21222,2345236,1090,17,0
21218,2345236,1093,18,1
21211,2345234,880,1,0
20197,2345234,881,2,0
20111,2345234,883,3,0
21230,2345234,885,4,0
20165,2345234,887,5,0
20102,2345234,888,6,0
20100,2345234,890,7,0
20518,2345234,893,8,0
20475,2345234,894,9,0
20473,2345234,895,10,0
20173,2345234,899,11,0
20171,2345234,899,12,0
20164,2345234,900,13,0
21226,2345234,902,14,0
21224,2345234,904,15,0
20845,2345234,906,16,0
21222,2345234,910,17,0
21218,2345234,913,18,1
21211,2345237,1150,1,0
20197,2345237,1151,2,0
20111,2345237,1153,3,0
21230,2345237,1155,4,0
20165,2345237,1157,5,0
20102,2345237,1158,6,0
20100,2345237,1160,7,0
20518,2345237,1163,8,0
20475,2345237,1164,9,0
20473,2345237,1165,10,0
20173,2345237,1169,11,0
20171,2345237,1169,12,0
20164,2345237,1170,13,0
21226,2345237,1172,14,0
21224,2345237,1174,15,0
20845,2345237,1176,16,0
21222,2345237,1180,17,0
21218,2345237,1183,18,1
21218,2345202,934,1,0
21221,2345202,935,2,0
20844,2345202,939,3,0
21223,2345202,940,4,0
21225,2345202,942,5,0
20163,2345202,944,6,0
20075,2345202,945,7,0
20172,2345202,946,8,0
20472,2345202,947,9,0
20474,2345202,948,10,0
20136,2345202,948,11,0
20099,2345202,950,12,0
20024,2345202,952,13,0
21229,2345202,953,14,0
20291,2345202,957,15,0
20196,2345202,958,16,0
21210,2345202,960,17,1
21211,635164,1240,1,0
20197,635164,1241,2,0
20111,635164,1243,3,0
21230,635164,1245,4,0
20165,635164,1247,5,0
20102,635164,1248,6,0
20100,635164,1250,7,0
20518,635164,1253,8,0
20475,635164,1254,9,0
20473,635164,1255,10,0
20173,635164,1259,11,0
20171,635164,1259,12,0
20164,635164,1260,13,0
21226,635164,1262,14,0
21224,635164,1264,15,0
20845,635164,1266,16,0
21222,635164,1270,17,0
21218,635164,1273,18,1
21211,635163,1210,1,0
20197,635163,1211,2,0
20111,635163,1213,3,0
21230,635163,1215,4,0
20165,635163,1217,5,0
20102,635163,1218,6,0
20100,635163,1220,7,0
20518,635163,1223,8,0
20475,635163,1224,9,0
20473,635163,1225,10,0
20173,635163,1229,11,0
20171,635163,1229,12,0
20164,635163,1230,13,0
21226,635163,1232,14,0
21224,635163,1234,15,0
20845,635163,1236,16,0
21222,635163,1240,17,0
21218,635163,1243,18,1
21211,635162,1180,1,0
20197,635162,1181,2,0
20111,635162,1183,3,0
21230,635162,1185,4,0
20165,635162,1187,5,0
20102,635162,1188,6,0
20100,635162,1190,7,0
20518,635162,1193,8,0
20475,635162,1194,9,0
20473,635162,1195,10,0
20173,635162,1199,11,0
20171,635162,1199,12,0
20164,635162,1200,13,0
21226,635162,1202,14,0
21224,635162,1204,15,0
20845,635162,1206,16,0
21222,635162,1210,17,0
21218,635162,1213,18,1
21211,635161,1000,1,0
20197,635161,1001,2,0
20111,635161,1003,3,0
21230,635161,1005,4,0
20165,635161,1007,5,0
20102,635161,1008,6,0
20100,635161,1010,7,0
20518,635161,1013,8,0
20475,635161,1014,9,0
20473,635161,1015,10,0
20173,635161,1019,11,0
20171,635161,1019,12,0
20164,635161,1020,13,0
21226,635161,1022,14,0
21224,635161,1024,15,0
20845,635161,1026,16,0
21222,635161,1030,17,0
21218,635161,1033,18,1
21211,635160,880,1,0
20197,635160,881,2,0
20111,635160,883,3,0
21230,635160,885,4,0
20165,635160,887,5,0
20102,635160,888,6,0
20100,635160,890,7,0
20518,635160,893,8,0
20475,635160,894,9,0
20473,635160,895,10,0
20173,635160,899,11,0
20171,635160,899,12,0
20164,635160,900,13,0
21226,635160,902,14,0
21224,635160,904,15,0
20845,635160,906,16,0
21222,635160,910,17,0
21218,635160,913,18,1
21218,635146,314,1,0
21221,635146,315,2,0
20844,635146,319,3,0
21223,635146,320,4,0
21225,635146,322,5,0
20163,635146,324,6,0
20075,635146,325,7,0
20172,635146,326,8,0
20472,635146,327,9,0
20474,635146,328,10,0
20136,635146,328,11,0
20099,635146,330,12,0
20024,635146,332,13,0
21229,635146,333,14,0
20291,635146,337,15,0
20196,635146,338,16,0
21210,635146,340,17,1
21218,635149,454,1,0
21221,635149,455,2,0
20844,635149,459,3,0
21223,635149,460,4,0
21225,635149,462,5,0
20163,635149,464,6,0
20075,635149,465,7,0
20172,635149,466,8,0
20472,635149,467,9,0
20474,635149,468,10,0
20136,635149,468,11,0
20099,635149,470,12,0
20024,635149,472,13,0
21229,635149,473,14,0
20291,635149,477,15,0
20196,635149,478,16,0
21210,635149,480,17,1
21218,635147,364,1,0
21221,635147,365,2,0
20844,635147,369,3,0
21223,635147,370,4,0
21225,635147,372,5,0
20163,635147,374,6,0
20075,635147,375,7,0
20172,635147,376,8,0
20472,635147,377,9,0
20474,635147,378,10,0
20136,635147,378,11,0
20099,635147,380,12,0
20024,635147,382,13,0
21229,635147,383,14,0
20291,635147,387,15,0
20196,635147,388,16,0
21210,635147,390,17,1
21218,635148,394,1,0
21221,635148,395,2,0
20844,635148,399,3,0
21223,635148,400,4,0
21225,635148,402,5,0
20163,635148,404,6,0
20075,635148,405,7,0
20172,635148,406,8,0
20472,635148,407,9,0
20474,635148,408,10,0
20136,635148,408,11,0
20099,635148,410,12,0
20024,635148,412,13,0
21229,635148,413,14,0
20291,635148,417,15,0
20196,635148,418,16,0
21210,635148,420,17,1
21218,635150,514,1,0
21221,635150,515,2,0
20844,635150,519,3,0
21223,635150,520,4,0
21225,635150,522,5,0
20163,635150,524,6,0
20075,635150,525,7,0
20172,635150,526,8,0
20472,635150,527,9,0
20474,635150,528,10,0
20136,635150,528,11,0
20099,635150,530,12,0
20024,635150,532,13,0
21229,635150,533,14,0
20291,635150,537,15,0
20196,635150,538,16,0
21210,635150,540,17,1
21218,635151,664,1,0
21221,635151,665,2,0
20844,635151,669,3,0
21223,635151,670,4,0
21225,635151,672,5,0
20163,635151,674,6,0
20075,635151,675,7,0
20172,635151,676,8,0
20472,635151,677,9,0
20474,635151,678,10,0
20136,635151,678,11,0
20099,635151,680,12,0
20024,635151,682,13,0
21229,635151,683,14,0
20291,635151,687,15,0
20196,635151,688,16,0
21210,635151,690,17,1
21218,635152,964,1,0
21221,635152,965,2,0
20844,635152,969,3,0
21223,635152,970,4,0
21225,635152,972,5,0
20163,635152,974,6,0
20075,635152,975,7,0
20172,635152,976,8,0
20472,635152,977,9,0
20474,635152,978,10,0
20136,635152,978,11,0
20099,635152,980,12,0
20024,635152,982,13,0
21229,635152,983,14,0
20291,635152,987,15,0
20196,635152,988,16,0
21210,635152,990,17,1
21218,635153,994,1,0
21221,635153,995,2,0
20844,635153,999,3,0
21223,635153,1000,4,0
21225,635153,1002,5,0
20163,635153,1004,6,0
20075,635153,1005,7,0
20172,635153,1006,8,0
20472,635153,1007,9,0
20474,635153,1008,10,0
20136,635153,1008,11,0
20099,635153,1010,12,0
20024,635153,1012,13,0
21229,635153,1013,14,0
20291,635153,1017,15,0
20196,635153,1018,16,0
21210,635153,1020,17,1
21218,635154,1174,1,0
21221,635154,1175,2,0
20844,635154,1179,3,0
21223,635154,1180,4,0
21225,635154,1182,5,0
20163,635154,1184,6,0
20075,635154,1185,7,0
20172,635154,1186,8,0
20472,635154,1187,9,0
20474,635154,1188,10,0
20136,635154,1188,11,0
20099,635154,1190,12,0
20024,635154,1192,13,0
21229,635154,1193,14,0
20291,635154,1197,15,0
20196,635154,1198,16,0
21210,635154,1200,17,1
21211,635155,430,1,0
20197,635155,431,2,0
20111,635155,433,3,0
21230,635155,435,4,0
20165,635155,437,5,0
20102,635155,438,6,0
20100,635155,440,7,0
20518,635155,443,8,0
20475,635155,444,9,0
20473,635155,445,10,0
20173,635155,449,11,0
20171,635155,449,12,0
20164,635155,450,13,0
21226,635155,452,14,0
21224,635155,454,15,0
20845,635155,456,16,0
21222,635155,460,17,0
21218,635155,463,18,1
21211,635156,610,1,0
20197,635156,611,2,0
20111,635156,613,3,0
21230,635156,615,4,0
20165,635156,617,5,0
20102,635156,618,6,0
20100,635156,620,7,0
20518,635156,623,8,0
20475,635156,624,9,0
20473,635156,625,10,0
20173,635156,629,11,0
20171,635156,629,12,0
20164,635156,630,13,0
21226,635156,632,14,0
21224,635156,634,15,0
20845,635156,636,16,0
21222,635156,640,17,0
21218,635156,643,18,1
21211,635157,640,1,0
20197,635157,641,2,0
20111,635157,643,3,0
21230,635157,645,4,0
20165,635157,647,5,0
20102,635157,648,6,0
20100,635157,650,7,0
20518,635157,653,8,0
20475,635157,654,9,0
20473,635157,655,10,0
20173,635157,659,11,0
20171,635157,659,12,0
20164,635157,660,13,0
21226,635157,662,14,0
21224,635157,664,15,0
20845,635157,666,16,0
21222,635157,670,17,0
21218,635157,673,18,1
21211,635158,700,1,0
20197,635158,701,2,0
20111,635158,703,3,0
21230,635158,705,4,0
20165,635158,707,5,0
20102,635158,708,6,0
20100,635158,710,7,0
20518,635158,713,8,0
20475,635158,714,9,0
20473,635158,715,10,0
20173,635158,719,11,0
20171,635158,719,12,0
20164,635158,720,13,0
21226,635158,722,14,0
21224,635158,724,15,0
20845,635158,726,16,0
21222,635158,730,17,0
21218,635158,733,18,1
21211,635159,820,1,0
20197,635159,821,2,0
20111,635159,823,3,0
21230,635159,825,4,0
20165,635159,827,5,0
20102,635159,828,6,0
20100,635159,830,7,0
20518,635159,833,8,0
20475,635159,834,9,0
20473,635159,835,10,0
20173,635159,839,11,0
20171,635159,839,12,0
20164,635159,840,13,0
21226,635159,842,14,0
21224,635159,844,15,0
20845,635159,846,16,0
21222,635159,850,17,0
21218,635159,853,18,1
21218,2385155,514,1,0
21221,2385155,515,2,0
20844,2385155,519,3,0
21223,2385155,520,4,0
21225,2385155,522,5,0
20163,2385155,524,6,0
20075,2385155,525,7,0
20172,2385155,526,8,0
20472,2385155,527,9,0
20474,2385155,528,10,0
20136,2385155,528,11,0
20099,2385155,530,12,0
20024,2385155,532,13,0
21229,2385155,533,14,0
20291,2385155,537,15,0
20196,2385155,538,16,0
21210,2385155,540,17,1
21211,2344375,1000,1,0
20197,2344375,1001,2,0
20111,2344375,1003,3,0
21230,2344375,1005,4,0
20165,2344375,1007,5,0
20102,2344375,1008,6,0
20100,2344375,1010,7,0
20518,2344375,1013,8,0
20475,2344375,1014,9,0
20473,2344375,1015,10,0
20173,2344375,1019,11,0
20171,2344375,1019,12,0
20164,2344375,1020,13,0
21226,2344375,1022,14,0
21224,2344375,1024,15,0
20845,2344375,1026,16,0
21222,2344375,1030,17,0
21218,2344375,1033,18,1
21211,2344376,1180,1,0
20197,2344376,1181,2,0
20111,2344376,1183,3,0
21230,2344376,1185,4,0
20165,2344376,1187,5,0
20102,2344376,1188,6,0
20100,2344376,1190,7,0
20518,2344376,1193,8,0
20475,2344376,1194,9,0
20473,2344376,1195,10,0
20173,2344376,1199,11,0
20171,2344376,1199,12,0
20164,2344376,1200,13,0
21226,2344376,1202,14,0
21224,2344376,1204,15,0
20845,2344376,1206,16,0
21222,2344376,1210,17,0
21218,2344376,1213,18,1
21211,2344377,1210,1,0
20197,2344377,1211,2,0
20111,2344377,1213,3,0
21230,2344377,1215,4,0
20165,2344377,1217,5,0
20102,2344377,1218,6,0
20100,2344377,1220,7,0
20518,2344377,1223,8,0
20475,2344377,1224,9,0
20473,2344377,1225,10,0
20173,2344377,1229,11,0
20171,2344377,1229,12,0
20164,2344377,1230,13,0
21226,2344377,1232,14,0
21224,2344377,1234,15,0
20845,2344377,1236,16,0
21222,2344377,1240,17,0
21218,2344377,1243,18,1
21211,2344378,1240,1,0
20197,2344378,1241,2,0
20111,2344378,1243,3,0
21230,2344378,1245,4,0
20165,2344378,1247,5,0
20102,2344378,1248,6,0
20100,2344378,1250,7,0
20518,2344378,1253,8,0
20475,2344378,1254,9,0
20473,2344378,1255,10,0
20173,2344378,1259,11,0
20171,2344378,1259,12,0
20164,2344378,1260,13,0
21226,2344378,1262,14,0
21224,2344378,1264,15,0
20845,2344378,1266,16,0
21222,2344378,1270,17,0
21218,2344378,1273,18,1
21218,2344379,314,1,0
21221,2344379,315,2,0
20844,2344379,319,3,0
21223,2344379,320,4,0
21225,2344379,322,5,0
20163,2344379,324,6,0
20075,2344379,325,7,0
20172,2344379,326,8,0
20472,2344379,327,9,0
20474,2344379,328,10,0
20136,2344379,328,11,0
20099,2344379,330,12,0
20024,2344379,332,13,0
21229,2344379,333,14,0
20291,2344379,337,15,0
20196,2344379,338,16,0
21210,2344379,340,17,1
21211,2344370,610,1,0
20197,2344370,611,2,0
20111,2344370,613,3,0
21230,2344370,615,4,0
20165,2344370,617,5,0
20102,2344370,618,6,0
20100,2344370,620,7,0
20518,2344370,623,8,0
20475,2344370,624,9,0
20473,2344370,625,10,0
20173,2344370,629,11,0
20171,2344370,629,12,0
20164,2344370,630,13,0
21226,2344370,632,14,0
21224,2344370,634,15,0
20845,2344370,636,16,0
21222,2344370,640,17,0
21218,2344370,643,18,1
21211,2344372,700,1,0
20197,2344372,701,2,0
20111,2344372,703,3,0
21230,2344372,705,4,0
20165,2344372,707,5,0
20102,2344372,708,6,0
20100,2344372,710,7,0
20518,2344372,713,8,0
20475,2344372,714,9,0
20473,2344372,715,10,0
20173,2344372,719,11,0
20171,2344372,719,12,0
20164,2344372,720,13,0
21226,2344372,722,14,0
21224,2344372,724,15,0
20845,2344372,726,16,0
21222,2344372,730,17,0
21218,2344372,733,18,1
21211,2344371,640,1,0
20197,2344371,641,2,0
20111,2344371,643,3,0
21230,2344371,645,4,0
20165,2344371,647,5,0
20102,2344371,648,6,0
20100,2344371,650,7,0
20518,2344371,653,8,0
20475,2344371,654,9,0
20473,2344371,655,10,0
20173,2344371,659,11,0
20171,2344371,659,12,0
20164,2344371,660,13,0
21226,2344371,662,14,0
21224,2344371,664,15,0
20845,2344371,666,16,0
21222,2344371,670,17,0
21218,2344371,673,18,1
21211,2344374,880,1,0
20197,2344374,881,2,0
20111,2344374,883,3,0
21230,2344374,885,4,0
20165,2344374,887,5,0
20102,2344374,888,6,0
20100,2344374,890,7,0
20518,2344374,893,8,0
20475,2344374,894,9,0
20473,2344374,895,10,0
20173,2344374,899,11,0
20171,2344374,899,12,0
20164,2344374,900,13,0
21226,2344374,902,14,0
21224,2344374,904,15,0
20845,2344374,906,16,0
21222,2344374,910,17,0
21218,2344374,913,18,1
21211,2344373,820,1,0
20197,2344373,821,2,0
20111,2344373,823,3,0
21230,2344373,825,4,0
20165,2344373,827,5,0
20102,2344373,828,6,0
20100,2344373,830,7,0
20518,2344373,833,8,0
20475,2344373,834,9,0
20473,2344373,835,10,0
20173,2344373,839,11,0
20171,2344373,839,12,0
20164,2344373,840,13,0
21226,2344373,842,14,0
21224,2344373,844,15,0
20845,2344373,846,16,0
21222,2344373,850,17,0
21218,2344373,853,18,1
21218,2344366,964,1,0
21221,2344366,965,2,0
20844,2344366,969,3,0
21223,2344366,970,4,0
21225,2344366,972,5,0
20163,2344366,974,6,0
20075,2344366,975,7,0
20172,2344366,976,8,0
20472,2344366,977,9,0
20474,2344366,978,10,0
20136,2344366,978,11,0
20099,2344366,980,12,0
20024,2344366,982,13,0
21229,2344366,983,14,0
20291,2344366,987,15,0
20196,2344366,988,16,0
21210,2344366,990,17,1
21218,2344367,994,1,0
21221,2344367,995,2,0
20844,2344367,999,3,0
21223,2344367,1000,4,0
21225,2344367,1002,5,0
20163,2344367,1004,6,0
20075,2344367,1005,7,0
20172,2344367,1006,8,0
20472,2344367,1007,9,0
20474,2344367,1008,10,0
20136,2344367,1008,11,0
20099,2344367,1010,12,0
20024,2344367,1012,13,0
21229,2344367,1013,14,0
20291,2344367,1017,15,0
20196,2344367,1018,16,0
21210,2344367,1020,17,1
21218,2344364,514,1,0
21221,2344364,515,2,0
20844,2344364,519,3,0
21223,2344364,520,4,0
21225,2344364,522,5,0
20163,2344364,524,6,0
20075,2344364,525,7,0
20172,2344364,526,8,0
20472,2344364,527,9,0
20474,2344364,528,10,0
20136,2344364,528,11,0
20099,2344364,530,12,0
20024,2344364,532,13,0
21229,2344364,533,14,0
20291,2344364,537,15,0
20196,2344364,538,16,0
21210,2344364,540,17,1
21218,2344365,664,1,0
21221,2344365,665,2,0
20844,2344365,669,3,0
21223,2344365,670,4,0
21225,2344365,672,5,0
20163,2344365,674,6,0
20075,2344365,675,7,0
20172,2344365,676,8,0
20472,2344365,677,9,0
20474,2344365,678,10,0
20136,2344365,678,11,0
20099,2344365,680,12,0
20024,2344365,682,13,0
21229,2344365,683,14,0
20291,2344365,687,15,0
20196,2344365,688,16,0
21210,2344365,690,17,1
21218,2344368,1174,1,0
21221,2344368,1175,2,0
20844,2344368,1179,3,0
21223,2344368,1180,4,0
21225,2344368,1182,5,0
20163,2344368,1184,6,0
20075,2344368,1185,7,0
20172,2344368,1186,8,0
20472,2344368,1187,9,0
20474,2344368,1188,10,0
20136,2344368,1188,11,0
20099,2344368,1190,12,0
20024,2344368,1192,13,0
21229,2344368,1193,14,0
20291,2344368,1197,15,0
20196,2344368,1198,16,0
21210,2344368,1200,17,1
21211,2344369,430,1,0
20197,2344369,431,2,0
20111,2344369,433,3,0
21230,2344369,435,4,0
20165,2344369,437,5,0
20102,2344369,438,6,0
20100,2344369,440,7,0
20518,2344369,443,8,0
20475,2344369,444,9,0
20473,2344369,445,10,0
20173,2344369,449,11,0
20171,2344369,449,12,0
20164,2344369,450,13,0
21226,2344369,452,14,0
21224,2344369,454,15,0
20845,2344369,456,16,0
21222,2344369,460,17,0
21218,2344369,463,18,1
21218,2344363,454,1,0
21221,2344363,455,2,0
20844,2344363,459,3,0
21223,2344363,460,4,0
21225,2344363,462,5,0
20163,2344363,464,6,0
20075,2344363,465,7,0
20172,2344363,466,8,0
20472,2344363,467,9,0
20474,2344363,468,10,0
20136,2344363,468,11,0
20099,2344363,470,12,0
20024,2344363,472,13,0
21229,2344363,473,14,0
20291,2344363,477,15,0
20196,2344363,478,16,0
21210,2344363,480,17,1
21218,2344362,394,1,0
21221,2344362,395,2,0
20844,2344362,399,3,0
21223,2344362,400,4,0
21225,2344362,402,5,0
20163,2344362,404,6,0
20075,2344362,405,7,0
20172,2344362,406,8,0
20472,2344362,407,9,0
20474,2344362,408,10,0
20136,2344362,408,11,0
20099,2344362,410,12,0
20024,2344362,412,13,0
21229,2344362,413,14,0
20291,2344362,417,15,0
20196,2344362,418,16,0
21210,2344362,420,17,1
21218,2344361,364,1,0
21221,2344361,365,2,0
20844,2344361,369,3,0
21223,2344361,370,4,0
21225,2344361,372,5,0
20163,2344361,374,6,0
20075,2344361,375,7,0
20172,2344361,376,8,0
20472,2344361,377,9,0
20474,2344361,378,10,0
20136,2344361,378,11,0
20099,2344361,380,12,0
20024,2344361,382,13,0
21229,2344361,383,14,0
20291,2344361,387,15,0
20196,2344361,388,16,0
21210,2344361,390,17,1
21218,2344360,314,1,0
21221,2344360,315,2,0
20844,2344360,319,3,0
21223,2344360,320,4,0
21225,2344360,322,5,0
20163,2344360,324,6,0
20075,2344360,325,7,0
20172,2344360,326,8,0
20472,2344360,327,9,0
20474,2344360,328,10,0
20136,2344360,328,11,0
20099,2344360,330,12,0
20024,2344360,332,13,0
21229,2344360,333,14,0
20291,2344360,337,15,0
20196,2344360,338,16,0
21210,2344360,340,17,1
21211,2344397,1240,1,0
20197,2344397,1241,2,0
20111,2344397,1243,3,0
21230,2344397,1245,4,0
20165,2344397,1247,5,0
20102,2344397,1248,6,0
20100,2344397,1250,7,0
20518,2344397,1253,8,0
20475,2344397,1254,9,0
20473,2344397,1255,10,0
20173,2344397,1259,11,0
20171,2344397,1259,12,0
20164,2344397,1260,13,0
21226,2344397,1262,14,0
21224,2344397,1264,15,0
20845,2344397,1266,16,0
21222,2344397,1270,17,0
21218,2344397,1273,18,1
21211,2344394,1000,1,0
20197,2344394,1001,2,0
20111,2344394,1003,3,0
21230,2344394,1005,4,0
20165,2344394,1007,5,0
20102,2344394,1008,6,0
20100,2344394,1010,7,0
20518,2344394,1013,8,0
20475,2344394,1014,9,0
20473,2344394,1015,10,0
20173,2344394,1019,11,0
20171,2344394,1019,12,0
20164,2344394,1020,13,0
21226,2344394,1022,14,0
21224,2344394,1024,15,0
20845,2344394,1026,16,0
21222,2344394,1030,17,0
21218,2344394,1033,18,1
21211,2344393,880,1,0
20197,2344393,881,2,0
20111,2344393,883,3,0
21230,2344393,885,4,0
20165,2344393,887,5,0
20102,2344393,888,6,0
20100,2344393,890,7,0
20518,2344393,893,8,0
20475,2344393,894,9,0
20473,2344393,895,10,0
20173,2344393,899,11,0
20171,2344393,899,12,0
20164,2344393,900,13,0
21226,2344393,902,14,0
21224,2344393,904,15,0
20845,2344393,906,16,0
21222,2344393,910,17,0
21218,2344393,913,18,1
21211,2344396,1210,1,0
20197,2344396,1211,2,0
20111,2344396,1213,3,0
21230,2344396,1215,4,0
20165,2344396,1217,5,0
20102,2344396,1218,6,0
20100,2344396,1220,7,0
20518,2344396,1223,8,0
20475,2344396,1224,9,0
20473,2344396,1225,10,0
20173,2344396,1229,11,0
20171,2344396,1229,12,0
20164,2344396,1230,13,0
21226,2344396,1232,14,0
21224,2344396,1234,15,0
20845,2344396,1236,16,0
21222,2344396,1240,17,0
21218,2344396,1243,18,1
21211,2344395,1180,1,0
20197,2344395,1181,2,0
20111,2344395,1183,3,0
21230,2344395,1185,4,0
20165,2344395,1187,5,0
20102,2344395,1188,6,0
20100,2344395,1190,7,0
20518,2344395,1193,8,0
20475,2344395,1194,9,0
20473,2344395,1195,10,0
20173,2344395,1199,11,0
20171,2344395,1199,12,0
20164,2344395,1200,13,0
21226,2344395,1202,14,0
21224,2344395,1204,15,0
20845,2344395,1206,16,0
21222,2344395,1210,17,0
21218,2344395,1213,18,1
21211,2344390,640,1,0
20197,2344390,641,2,0
20111,2344390,643,3,0
21230,2344390,645,4,0
20165,2344390,647,5,0
20102,2344390,648,6,0
20100,2344390,650,7,0
20518,2344390,653,8,0
20475,2344390,654,9,0
20473,2344390,655,10,0
20173,2344390,659,11,0
20171,2344390,659,12,0
20164,2344390,660,13,0
21226,2344390,662,14,0
21224,2344390,664,15,0
20845,2344390,666,16,0
21222,2344390,670,17,0
21218,2344390,673,18,1
21211,2344392,820,1,0
20197,2344392,821,2,0
20111,2344392,823,3,0
21230,2344392,825,4,0
20165,2344392,827,5,0
20102,2344392,828,6,0
20100,2344392,830,7,0
20518,2344392,833,8,0
20475,2344392,834,9,0
20473,2344392,835,10,0
20173,2344392,839,11,0
20171,2344392,839,12,0
20164,2344392,840,13,0
21226,2344392,842,14,0
21224,2344392,844,15,0
20845,2344392,846,16,0
21222,2344392,850,17,0
21218,2344392,853,18,1
21211,2344391,700,1,0
20197,2344391,701,2,0
20111,2344391,703,3,0
21230,2344391,705,4,0
20165,2344391,707,5,0
20102,2344391,708,6,0
20100,2344391,710,7,0
20518,2344391,713,8,0
20475,2344391,714,9,0
20473,2344391,715,10,0
20173,2344391,719,11,0
20171,2344391,719,12,0
20164,2344391,720,13,0
21226,2344391,722,14,0
21224,2344391,724,15,0
20845,2344391,726,16,0
21222,2344391,730,17,0
21218,2344391,733,18,1
21211,2344388,430,1,0
20197,2344388,431,2,0
20111,2344388,433,3,0
21230,2344388,435,4,0
20165,2344388,437,5,0
20102,2344388,438,6,0
20100,2344388,440,7,0
20518,2344388,443,8,0
20475,2344388,444,9,0
20473,2344388,445,10,0
20173,2344388,449,11,0
20171,2344388,449,12,0
20164,2344388,450,13,0
21226,2344388,452,14,0
21224,2344388,454,15,0
20845,2344388,456,16,0
21222,2344388,460,17,0
21218,2344388,463,18,1
21211,2344389,610,1,0
20197,2344389,611,2,0
20111,2344389,613,3,0
21230,2344389,615,4,0
20165,2344389,617,5,0
20102,2344389,618,6,0
20100,2344389,620,7,0
20518,2344389,623,8,0
20475,2344389,624,9,0
20473,2344389,625,10,0
20173,2344389,629,11,0
20171,2344389,629,12,0
20164,2344389,630,13,0
21226,2344389,632,14,0
21224,2344389,634,15,0
20845,2344389,636,16,0
21222,2344389,640,17,0
21218,2344389,643,18,1
21218,2344386,994,1,0
21221,2344386,995,2,0
20844,2344386,999,3,0
21223,2344386,1000,4,0
21225,2344386,1002,5,0
20163,2344386,1004,6,0
20075,2344386,1005,7,0
20172,2344386,1006,8,0
20472,2344386,1007,9,0
20474,2344386,1008,10,0
20136,2344386,1008,11,0
20099,2344386,1010,12,0
20024,2344386,1012,13,0
21229,2344386,1013,14,0
20291,2344386,1017,15,0
20196,2344386,1018,16,0
21210,2344386,1020,17,1
21218,2344387,1174,1,0
21221,2344387,1175,2,0
20844,2344387,1179,3,0
21223,2344387,1180,4,0
21225,2344387,1182,5,0
20163,2344387,1184,6,0
20075,2344387,1185,7,0
20172,2344387,1186,8,0
20472,2344387,1187,9,0
20474,2344387,1188,10,0
20136,2344387,1188,11,0
20099,2344387,1190,12,0
20024,2344387,1192,13,0
21229,2344387,1193,14,0
20291,2344387,1197,15,0
20196,2344387,1198,16,0
21210,2344387,1200,17,1
21218,2344385,964,1,0
21221,2344385,965,2,0
20844,2344385,969,3,0
21223,2344385,970,4,0
21225,2344385,972,5,0
20163,2344385,974,6,0
20075,2344385,975,7,0
20172,2344385,976,8,0
20472,2344385,977,9,0
20474,2344385,978,10,0
20136,2344385,978,11,0
20099,2344385,980,12,0
20024,2344385,982,13,0
21229,2344385,983,14,0
20291,2344385,987,15,0
20196,2344385,988,16,0
21210,2344385,990,17,1
21218,2344384,664,1,0
21221,2344384,665,2,0
20844,2344384,669,3,0
21223,2344384,670,4,0
21225,2344384,672,5,0
20163,2344384,674,6,0
20075,2344384,675,7,0
20172,2344384,676,8,0
20472,2344384,677,9,0
20474,2344384,678,10,0
20136,2344384,678,11,0
20099,2344384,680,12,0
20024,2344384,682,13,0
21229,2344384,683,14,0
20291,2344384,687,15,0
20196,2344384,688,16,0
21210,2344384,690,17,1
21218,2344383,514,1,0
21221,2344383,515,2,0
20844,2344383,519,3,0
21223,2344383,520,4,0
21225,2344383,522,5,0
20163,2344383,524,6,0
20075,2344383,525,7,0
20172,2344383,526,8,0
20472,2344383,527,9,0
20474,2344383,528,10,0
20136,2344383,528,11,0
20099,2344383,530,12,0
20024,2344383,532,13,0
21229,2344383,533,14,0
20291,2344383,537,15,0
20196,2344383,538,16,0
21210,2344383,540,17,1
21218,2344382,454,1,0
21221,2344382,455,2,0
20844,2344382,459,3,0
21223,2344382,460,4,0
21225,2344382,462,5,0
20163,2344382,464,6,0
20075,2344382,465,7,0
20172,2344382,466,8,0
20472,2344382,467,9,0
20474,2344382,468,10,0
20136,2344382,468,11,0
20099,2344382,470,12,0
20024,2344382,472,13,0
21229,2344382,473,14,0
20291,2344382,477,15,0
20196,2344382,478,16,0
21210,2344382,480,17,1
21218,2344381,394,1,0
21221,2344381,395,2,0
20844,2344381,399,3,0
21223,2344381,400,4,0
21225,2344381,402,5,0
20163,2344381,404,6,0
20075,2344381,405,7,0
20172,2344381,406,8,0
20472,2344381,407,9,0
20474,2344381,408,10,0
20136,2344381,408,11,0
20099,2344381,410,12,0
20024,2344381,412,13,0
21229,2344381,413,14,0
20291,2344381,417,15,0
20196,2344381,418,16,0
21210,2344381,420,17,1
21218,2344380,364,1,0
21221,2344380,365,2,0
20844,2344380,369,3,0
21223,2344380,370,4,0
21225,2344380,372,5,0
20163,2344380,374,6,0
20075,2344380,375,7,0
20172,2344380,376,8,0
20472,2344380,377,9,0
20474,2344380,378,10,0
20136,2344380,378,11,0
20099,2344380,380,12,0
20024,2344380,382,13,0
21229,2344380,383,14,0
20291,2344380,387,15,0
20196,2344380,388,16,0
21210,2344380,390,17,1
21218,2343529,514,1,0
21221,2343529,515,2,0
20844,2343529,519,3,0
21223,2343529,520,4,0
21225,2343529,522,5,0
20163,2343529,524,6,0
20075,2343529,525,7,0
20172,2343529,526,8,0
20472,2343529,527,9,0
20474,2343529,528,10,0
20136,2343529,528,11,0
20099,2343529,530,12,0
20024,2343529,532,13,0
21229,2343529,533,14,0
20291,2343529,537,15,0
20196,2343529,538,16,0
21210,2343529,540,17,1
21211,2386722,970,1,0
20197,2386722,971,2,0
20111,2386722,973,3,0
21230,2386722,975,4,0
20165,2386722,977,5,0
20102,2386722,978,6,0
20100,2386722,980,7,0
20518,2386722,983,8,0
20475,2386722,984,9,0
20473,2386722,985,10,0
20173,2386722,989,11,0
20171,2386722,989,12,0
20164,2386722,990,13,0
21226,2386722,992,14,0
21224,2386722,994,15,0
20845,2386722,996,16,0
21222,2386722,1000,17,0
21218,2386722,1003,18,1
21211,2386723,1060,1,0
20197,2386723,1061,2,0
20111,2386723,1063,3,0
21230,2386723,1065,4,0
20165,2386723,1067,5,0
20102,2386723,1068,6,0
20100,2386723,1070,7,0
20518,2386723,1073,8,0
20475,2386723,1074,9,0
20473,2386723,1075,10,0
20173,2386723,1079,11,0
20171,2386723,1079,12,0
20164,2386723,1080,13,0
21226,2386723,1082,14,0
21224,2386723,1084,15,0
20845,2386723,1086,16,0
21222,2386723,1090,17,0
21218,2386723,1093,18,1
21211,2386724,1150,1,0
20197,2386724,1151,2,0
20111,2386724,1153,3,0
21230,2386724,1155,4,0
20165,2386724,1157,5,0
20102,2386724,1158,6,0
20100,2386724,1160,7,0
20518,2386724,1163,8,0
20475,2386724,1164,9,0
20473,2386724,1165,10,0
20173,2386724,1169,11,0
20171,2386724,1169,12,0
20164,2386724,1170,13,0
21226,2386724,1172,14,0
21224,2386724,1174,15,0
20845,2386724,1176,16,0
21222,2386724,1180,17,0
21218,2386724,1183,18,1
21211,2386721,880,1,0
20197,2386721,881,2,0
20111,2386721,883,3,0
21230,2386721,885,4,0
20165,2386721,887,5,0
20102,2386721,888,6,0
20100,2386721,890,7,0
20518,2386721,893,8,0
20475,2386721,894,9,0
20473,2386721,895,10,0
20173,2386721,899,11,0
20171,2386721,899,12,0
20164,2386721,900,13,0
21226,2386721,902,14,0
21224,2386721,904,15,0
20845,2386721,906,16,0
21222,2386721,910,17,0
21218,2386721,913,18,1
21211,2386719,670,1,0
20197,2386719,671,2,0
20111,2386719,673,3,0
21230,2386719,675,4,0
20165,2386719,677,5,0
20102,2386719,678,6,0
20100,2386719,680,7,0
20518,2386719,683,8,0
20475,2386719,684,9,0
20473,2386719,685,10,0
20173,2386719,689,11,0
20171,2386719,689,12,0
20164,2386719,690,13,0
21226,2386719,692,14,0
21224,2386719,694,15,0
20845,2386719,696,16,0
21222,2386719,700,17,0
21218,2386719,703,18,1
21218,2386714,1024,1,0
21221,2386714,1025,2,0
20844,2386714,1029,3,0
21223,2386714,1030,4,0
21225,2386714,1032,5,0
20163,2386714,1034,6,0
20075,2386714,1035,7,0
20172,2386714,1036,8,0
20472,2386714,1037,9,0
20474,2386714,1038,10,0
20136,2386714,1038,11,0
20099,2386714,1040,12,0
20024,2386714,1042,13,0
21229,2386714,1043,14,0
20291,2386714,1047,15,0
20196,2386714,1048,16,0
21210,2386714,1050,17,1
21218,2386689,934,1,0
21221,2386689,935,2,0
20844,2386689,939,3,0
21223,2386689,940,4,0
21225,2386689,942,5,0
20163,2386689,944,6,0
20075,2386689,945,7,0
20172,2386689,946,8,0
20472,2386689,947,9,0
20474,2386689,948,10,0
20136,2386689,948,11,0
20099,2386689,950,12,0
20024,2386689,952,13,0
21229,2386689,953,14,0
20291,2386689,957,15,0
20196,2386689,958,16,0
21210,2386689,960,17,1
21218,2386665,694,1,0
21221,2386665,695,2,0
20844,2386665,699,3,0
21223,2386665,700,4,0
21225,2386665,702,5,0
20163,2386665,704,6,0
20075,2386665,705,7,0
20172,2386665,706,8,0
20472,2386665,707,9,0
20474,2386665,708,10,0
20136,2386665,708,11,0
20099,2386665,710,12,0
20024,2386665,712,13,0
21229,2386665,713,14,0
20291,2386665,717,15,0
20196,2386665,718,16,0
21210,2386665,720,17,1
21218,2386666,784,1,0
21221,2386666,785,2,0
20844,2386666,789,3,0
21223,2386666,790,4,0
21225,2386666,792,5,0
20163,2386666,794,6,0
20075,2386666,795,7,0
20172,2386666,796,8,0
20472,2386666,797,9,0
20474,2386666,798,10,0
20136,2386666,798,11,0
20099,2386666,800,12,0
20024,2386666,802,13,0
21229,2386666,803,14,0
20291,2386666,807,15,0
20196,2386666,808,16,0
21210,2386666,810,17,1
