arret_id,trajet_id,heure_depart,stop_sequence,terminus
21089,2379991,799,1,0
21430,2379991,804,2,0
20664,2379991,805,3,0
20849,2379991,807,4,0
21102,2379991,812,5,0
20425,2379991,814,6,0
20647,2379991,817,7,0
20306,2379991,819,8,0
20343,2379991,825,9,0
20296,2379991,828,10,0
21205,2379991,831,11,1
21089,2379992,985,1,0
21430,2379992,990,2,0
20664,2379992,991,3,0
20849,2379992,993,4,0
21102,2379992,998,5,0
20425,2379992,1000,6,0
20647,2379992,1003,7,0
20306,2379992,1005,8,0
20343,2379992,1011,9,0
20296,2379992,1014,10,0
21205,2379992,1017,11,1
21089,2379990,494,1,0
21430,2379990,499,2,0
20664,2379990,500,3,0
20849,2379990,502,4,0
21102,2379990,507,5,0
20425,2379990,509,6,0
20647,2379990,512,7,0
20306,2379990,514,8,0
20343,2379990,520,9,0
20296,2379990,523,10,0
21205,2379990,526,11,1
21208,2379996,765,1,0
20295,2379996,768,2,0
20342,2379996,770,3,0
20307,2379996,776,4,0
20646,2379996,778,5,0
20424,2379996,781,6,0
21101,2379996,784,7,0
20848,2379996,789,8,0
20664,2379996,790,9,0
21429,2379996,790,10,0
21089,2379996,796,11,1
21208,2379995,530,1,0
20295,2379995,533,2,0
20342,2379995,535,3,0
20307,2379995,541,4,0
20646,2379995,543,5,0
20424,2379995,546,6,0
21101,2379995,549,7,0
20848,2379995,554,8,0
20664,2379995,555,9,0
21429,2379995,555,10,0
21089,2379995,561,11,1
21208,2379994,455,1,0
20295,2379994,458,2,0
20342,2379994,460,3,0
20307,2379994,466,4,0
20646,2379994,468,5,0
20424,2379994,471,6,0
21101,2379994,474,7,0
20848,2379994,479,8,0
20664,2379994,480,9,0
21429,2379994,480,10,0
21089,2379994,486,11,1
21089,2379993,1090,1,0
21430,2379993,1095,2,0
20664,2379993,1096,3,0
20849,2379993,1098,4,0
21102,2379993,1103,5,0
20425,2379993,1105,6,0
20647,2379993,1108,7,0
20306,2379993,1110,8,0
20343,2379993,1116,9,0
20296,2379993,1119,10,0
21205,2379993,1122,11,1
21208,2379999,1050,1,0
20295,2379999,1053,2,0
20342,2379999,1055,3,0
20307,2379999,1061,4,0
20646,2379999,1063,5,0
20424,2379999,1066,6,0
21101,2379999,1069,7,0
20848,2379999,1074,8,0
20664,2379999,1075,9,0
21429,2379999,1075,10,0
21089,2379999,1081,11,1
21208,2379998,1020,1,0
20295,2379998,1023,2,0
20342,2379998,1025,3,0
20307,2379998,1031,4,0
20646,2379998,1033,5,0
20424,2379998,1036,6,0
21101,2379998,1039,7,0
20848,2379998,1044,8,0
20664,2379998,1045,9,0
21429,2379998,1045,10,0
21089,2379998,1051,11,1
21208,2379997,950,1,0
20295,2379997,953,2,0
20342,2379997,955,3,0
20307,2379997,961,4,0
20646,2379997,963,5,0
20424,2379997,966,6,0
21101,2379997,969,7,0
20848,2379997,974,8,0
20664,2379997,975,9,0
21429,2379997,975,10,0
21089,2379997,981,11,1
21089,2379987,414,1,0
21430,2379987,419,2,0
20664,2379987,420,3,0
20849,2379987,422,4,0
21102,2379987,427,5,0
20425,2379987,429,6,0
20647,2379987,432,7,0
20306,2379987,434,8,0
20343,2379987,440,9,0
20296,2379987,443,10,0
21205,2379987,446,11,1
21089,2379989,459,1,0
21430,2379989,464,2,0
20664,2379989,465,3,0
20849,2379989,467,4,0
21102,2379989,472,5,0
20425,2379989,474,6,0
20647,2379989,477,7,0
20306,2379989,479,8,0
20343,2379989,485,9,0
20296,2379989,488,10,0
21205,2379989,491,11,1
21089,2379988,434,1,0
21430,2379988,439,2,0
20664,2379988,440,3,0
20849,2379988,442,4,0
21102,2379988,447,5,0
20425,2379988,449,6,0
20647,2379988,452,7,0
20306,2379988,454,8,0
20343,2379988,460,9,0
20296,2379988,463,10,0
21205,2379988,466,11,1
21089,439590,494,1,0
20664,439590,500,2,0
20849,439590,502,3,0
21102,439590,507,4,0
20425,439590,509,5,0
20647,439590,512,6,0
20306,439590,514,7,0
20343,439590,520,8,0
20296,439590,523,9,0
21205,439590,526,10,1
21208,439591,530,1,0
20295,439591,533,2,0
20342,439591,535,3,0
20307,439591,541,4,0
20646,439591,543,5,0
20424,439591,546,6,0
21101,439591,549,7,0
20848,439591,554,8,0
20664,439591,555,9,0
21089,439591,561,10,1
21208,439594,705,1,0
20295,439594,708,2,0
20342,439594,710,3,0
20307,439594,716,4,0
20646,439594,718,5,0
20424,439594,721,6,0
21101,439594,724,7,0
20848,439594,729,8,0
20664,439594,730,9,0
21089,439594,736,10,1
21089,439595,754,1,0
20664,439595,760,2,0
20849,439595,762,3,0
21102,439595,767,4,0
20425,439595,769,5,0
20647,439595,772,6,0
20306,439595,774,7,0
20343,439595,780,8,0
20296,439595,783,9,0
21205,439595,786,10,1
21089,439592,574,1,0
20664,439592,580,2,0
20849,439592,582,3,0
21102,439592,587,4,0
20425,439592,589,5,0
20647,439592,592,6,0
20306,439592,594,7,0
20343,439592,600,8,0
20296,439592,603,9,0
21205,439592,606,10,1
21089,439593,664,1,0
20664,439593,670,2,0
20849,439593,672,3,0
21102,439593,677,4,0
20425,439593,679,5,0
20647,439593,682,6,0
20306,439593,684,7,0
20343,439593,690,8,0
20296,439593,693,9,0
21205,439593,696,10,1
21208,439598,885,1,0
20295,439598,888,2,0
20342,439598,890,3,0
20307,439598,896,4,0
20646,439598,898,5,0
20424,439598,901,6,0
21101,439598,904,7,0
20848,439598,909,8,0
20664,439598,910,9,0
21089,439598,916,10,1
21208,439599,975,1,0
20295,439599,978,2,0
20342,439599,980,3,0
20307,439599,986,4,0
20646,439599,988,5,0
20424,439599,991,6,0
21101,439599,994,7,0
20435,439599,996,8,0
20848,439599,998,9,0
20664,439599,999,10,0
21089,439599,1005,11,1
21208,439596,795,1,0
20295,439596,798,2,0
20342,439596,800,3,0
20307,439596,806,4,0
20646,439596,808,5,0
20424,439596,811,6,0
21101,439596,814,7,0
20848,439596,819,8,0
20664,439596,820,9,0
21089,439596,826,10,1
21089,439597,844,1,0
20664,439597,850,2,0
20849,439597,852,3,0
21102,439597,857,4,0
20425,439597,859,5,0
20647,439597,862,6,0
20306,439597,864,7,0
20343,439597,870,8,0
20296,439597,873,9,0
21205,439597,876,10,1
21208,394010,675,1,0
20295,394010,678,2,0
20342,394010,680,3,0
20307,394010,686,4,0
20646,394010,688,5,0
20424,394010,691,6,0
21101,394010,694,7,0
20848,394010,699,8,0
20664,394010,700,9,0
21429,394010,700,10,0
21089,394010,706,11,1
21208,394012,825,1,0
20295,394012,828,2,0
20342,394012,830,3,0
20307,394012,836,4,0
20646,394012,838,5,0
20424,394012,841,6,0
21101,394012,844,7,0
20848,394012,849,8,0
20664,394012,850,9,0
21429,394012,850,10,0
21089,394012,856,11,1
21208,394011,735,1,0
20295,394011,738,2,0
20342,394011,740,3,0
20307,394011,746,4,0
20646,394011,748,5,0
20424,394011,751,6,0
21101,394011,754,7,0
20848,394011,759,8,0
20664,394011,760,9,0
21429,394011,760,10,0
21089,394011,766,11,1
21208,394014,1180,1,0
20295,394014,1183,2,0
20342,394014,1185,3,0
20307,394014,1191,4,0
20646,394014,1193,5,0
20424,394014,1196,6,0
21101,394014,1199,7,0
20848,394014,1204,8,0
20664,394014,1205,9,0
21429,394014,1205,10,0
21089,394014,1211,11,1
21208,394013,885,1,0
20295,394013,888,2,0
20342,394013,890,3,0
20307,394013,896,4,0
20646,394013,898,5,0
20424,394013,901,6,0
21101,394013,904,7,0
20848,394013,909,8,0
20664,394013,910,9,0
21429,394013,910,10,0
21089,394013,916,11,1
21208,394015,1218,1,0
20295,394015,1221,2,0
20342,394015,1223,3,0
20307,394015,1229,4,0
20646,394015,1231,5,0
20424,394015,1234,6,0
21101,394015,1237,7,0
20848,394015,1242,8,0
20664,394015,1243,9,0
21429,394015,1243,10,0
21089,394015,1249,11,1
21208,394006,375,1,0
20295,394006,378,2,0
20342,394006,380,3,0
20307,394006,386,4,0
20646,394006,388,5,0
20424,394006,391,6,0
21101,394006,394,7,0
20848,394006,399,8,0
20664,394006,400,9,0
21429,394006,400,10,0
21089,394006,406,11,1
21208,394007,425,1,0
20295,394007,428,2,0
20342,394007,430,3,0
20307,394007,436,4,0
20646,394007,438,5,0
20424,394007,441,6,0
21101,394007,444,7,0
20848,394007,449,8,0
20664,394007,450,9,0
21429,394007,450,10,0
21089,394007,456,11,1
21208,394008,500,1,0
20295,394008,503,2,0
20342,394008,505,3,0
20307,394008,511,4,0
20646,394008,513,5,0
20424,394008,516,6,0
21101,394008,519,7,0
20848,394008,524,8,0
20664,394008,525,9,0
21429,394008,525,10,0
21089,394008,531,11,1
21208,394009,555,1,0
20295,394009,558,2,0
20342,394009,560,3,0
20307,394009,566,4,0
20646,394009,568,5,0
20424,394009,571,6,0
21101,394009,574,7,0
20848,394009,579,8,0
20664,394009,580,9,0
21429,394009,580,10,0
21089,394009,586,11,1
21089,394002,544,1,0
21430,394002,549,2,0
20664,394002,550,3,0
20849,394002,552,4,0
20434,394002,554,5,0
21102,394002,556,6,0
20425,394002,558,7,0
20647,394002,561,8,0
20306,394002,563,9,0
20343,394002,569,10,0
20296,394002,572,11,0
21205,394002,575,12,1
21089,394003,874,1,0
21430,394003,879,2,0
20664,394003,880,3,0
20849,394003,882,4,0
20434,394003,884,5,0
21102,394003,886,6,0
20425,394003,888,7,0
20647,394003,891,8,0
20306,394003,893,9,0
20343,394003,899,10,0
20296,394003,902,11,0
21205,394003,905,12,1
21208,394004,615,1,0
20295,394004,618,2,0
20342,394004,620,3,0
20307,394004,626,4,0
20646,394004,628,5,0
20424,394004,631,6,0
21101,394004,634,7,0
20435,394004,636,8,0
20848,394004,638,9,0
20664,394004,639,10,0
21429,394004,639,11,0
21089,394004,645,12,1
21208,394005,980,1,0
20295,394005,983,2,0
20342,394005,985,3,0
20307,394005,991,4,0
20646,394005,993,5,0
20424,394005,996,6,0
21101,394005,999,7,0
20435,394005,1001,8,0
20848,394005,1003,9,0
20664,394005,1004,10,0
21429,394005,1004,11,0
21089,394005,1010,12,1
21089,394000,1174,1,0
21430,394000,1179,2,0
20664,394000,1180,3,0
20849,394000,1182,4,0
21102,394000,1187,5,0
20425,394000,1189,6,0
20647,394000,1192,7,0
20306,394000,1194,8,0
20343,394000,1200,9,0
20296,394000,1203,10,0
21205,394000,1206,11,1
21089,394001,1234,1,0
21430,394001,1239,2,0
20664,394001,1240,3,0
20849,394001,1242,4,0
21102,394001,1247,5,0
20425,394001,1249,6,0
20647,394001,1252,7,0
20306,394001,1254,8,0
20343,394001,1260,9,0
20296,394001,1263,10,0
21205,394001,1266,11,1
21089,439604,1095,1,0
20664,439604,1101,2,0
20849,439604,1103,3,0
21102,439604,1108,4,0
20425,439604,1110,5,0
20647,439604,1113,6,0
20306,439604,1115,7,0
20343,439604,1121,8,0
20296,439604,1124,9,0
21205,439604,1127,10,1
21208,439605,1144,1,0
20295,439605,1147,2,0
20342,439605,1149,3,0
20307,439605,1155,4,0
20646,439605,1157,5,0
20424,439605,1160,6,0
21101,439605,1163,7,0
20848,439605,1168,8,0
20664,439605,1169,9,0
21089,439605,1175,10,1
21089,439601,934,1,0
20664,439601,940,2,0
20849,439601,942,3,0
21102,439601,947,4,0
20425,439601,949,5,0
20647,439601,952,6,0
20306,439601,954,7,0
20343,439601,960,8,0
20296,439601,963,9,0
21205,439601,966,10,1
21208,439600,615,1,0
20295,439600,618,2,0
20342,439600,620,3,0
20307,439600,626,4,0
20646,439600,628,5,0
20424,439600,631,6,0
21101,439600,634,7,0
20435,439600,636,8,0
20848,439600,638,9,0
20664,439600,639,10,0
21089,439600,645,11,1
21208,439603,1060,1,0
20295,439603,1063,2,0
20342,439603,1065,3,0
20307,439603,1071,4,0
20646,439603,1073,5,0
20424,439603,1076,6,0
21101,439603,1079,7,0
20848,439603,1084,8,0
20664,439603,1085,9,0
21089,439603,1091,10,1
21089,439602,1024,1,0
20664,439602,1030,2,0
20849,439602,1032,3,0
21102,439602,1037,4,0
20425,439602,1039,5,0
20647,439602,1042,6,0
20306,439602,1044,7,0
20343,439602,1050,8,0
20296,439602,1053,9,0
21205,439602,1056,10,1
21089,2339168,574,1,0
21430,2339168,579,2,0
20664,2339168,580,3,0
20849,2339168,582,4,0
21102,2339168,587,5,0
20425,2339168,589,6,0
20647,2339168,592,7,0
20306,2339168,594,8,0
20343,2339168,600,9,0
20296,2339168,603,10,0
21205,2339168,606,11,1
21089,2339166,494,1,0
21430,2339166,499,2,0
20664,2339166,500,3,0
20849,2339166,502,4,0
21102,2339166,507,5,0
20425,2339166,509,6,0
20647,2339166,512,7,0
20306,2339166,514,8,0
20343,2339166,520,9,0
20296,2339166,523,10,0
21205,2339166,526,11,1
21208,2339167,530,1,0
20295,2339167,533,2,0
20342,2339167,535,3,0
20307,2339167,541,4,0
20646,2339167,543,5,0
20424,2339167,546,6,0
21101,2339167,549,7,0
20848,2339167,554,8,0
20664,2339167,555,9,0
21429,2339167,555,10,0
21089,2339167,561,11,1
21089,2339170,664,1,0
21430,2339170,669,2,0
20664,2339170,670,3,0
20849,2339170,672,4,0
21102,2339170,677,5,0
20425,2339170,679,6,0
20647,2339170,682,7,0
20306,2339170,684,8,0
20343,2339170,690,9,0
20296,2339170,693,10,0
21205,2339170,696,11,1
21089,2339174,844,1,0
21430,2339174,849,2,0
20664,2339174,850,3,0
20849,2339174,852,4,0
21102,2339174,857,5,0
20425,2339174,859,6,0
20647,2339174,862,7,0
20306,2339174,864,8,0
20343,2339174,870,9,0
20296,2339174,873,10,0
21205,2339174,876,11,1
21208,2339173,795,1,0
20295,2339173,798,2,0
20342,2339173,800,3,0
20307,2339173,806,4,0
20646,2339173,808,5,0
20424,2339173,811,6,0
21101,2339173,814,7,0
20848,2339173,819,8,0
20664,2339173,820,9,0
21429,2339173,820,10,0
21089,2339173,826,11,1
21089,2339172,754,1,0
21430,2339172,759,2,0
20664,2339172,760,3,0
20849,2339172,762,4,0
21102,2339172,767,5,0
20425,2339172,769,6,0
20647,2339172,772,7,0
20306,2339172,774,8,0
20343,2339172,780,9,0
20296,2339172,783,10,0
21205,2339172,786,11,1
21208,2339171,705,1,0
20295,2339171,708,2,0
20342,2339171,710,3,0
20307,2339171,716,4,0
20646,2339171,718,5,0
20424,2339171,721,6,0
21101,2339171,724,7,0
20848,2339171,729,8,0
20664,2339171,730,9,0
21429,2339171,730,10,0
21089,2339171,736,11,1
21089,2339178,934,1,0
21430,2339178,939,2,0
20664,2339178,940,3,0
20849,2339178,942,4,0
21102,2339178,947,5,0
20425,2339178,949,6,0
20647,2339178,952,7,0
20306,2339178,954,8,0
20343,2339178,960,9,0
20296,2339178,963,10,0
21205,2339178,966,11,1
21208,2339177,615,1,0
20295,2339177,618,2,0
20342,2339177,620,3,0
20307,2339177,626,4,0
20646,2339177,628,5,0
20424,2339177,631,6,0
21101,2339177,634,7,0
20435,2339177,636,8,0
20848,2339177,638,9,0
20664,2339177,639,10,0
21429,2339177,639,11,0
21089,2339177,645,12,1
21208,2339176,975,1,0
20295,2339176,978,2,0
20342,2339176,980,3,0
20307,2339176,986,4,0
20646,2339176,988,5,0
20424,2339176,991,6,0
21101,2339176,994,7,0
20435,2339176,996,8,0
20848,2339176,998,9,0
20664,2339176,999,10,0
21429,2339176,999,11,0
21089,2339176,1005,12,1
21208,2339175,885,1,0
20295,2339175,888,2,0
20342,2339175,890,3,0
20307,2339175,896,4,0
20646,2339175,898,5,0
20424,2339175,901,6,0
21101,2339175,904,7,0
20848,2339175,909,8,0
20664,2339175,910,9,0
21429,2339175,910,10,0
21089,2339175,916,11,1
21208,2339181,1060,1,0
20295,2339181,1063,2,0
20342,2339181,1065,3,0
20307,2339181,1071,4,0
20646,2339181,1073,5,0
20424,2339181,1076,6,0
21101,2339181,1079,7,0
20848,2339181,1084,8,0
20664,2339181,1085,9,0
21429,2339181,1085,10,0
21089,2339181,1091,11,1
21089,2339180,1024,1,0
21430,2339180,1029,2,0
20664,2339180,1030,3,0
20849,2339180,1032,4,0
21102,2339180,1037,5,0
20425,2339180,1039,6,0
20647,2339180,1042,7,0
20306,2339180,1044,8,0
20343,2339180,1050,9,0
20296,2339180,1053,10,0
21205,2339180,1056,11,1
21208,2339183,1144,1,0
20295,2339183,1147,2,0
20342,2339183,1149,3,0
20307,2339183,1155,4,0
20646,2339183,1157,5,0
20424,2339183,1160,6,0
21101,2339183,1163,7,0
20848,2339183,1168,8,0
20664,2339183,1169,9,0
21429,2339183,1169,10,0
21089,2339183,1175,11,1
21089,2339182,1095,1,0
21430,2339182,1100,2,0
20664,2339182,1101,3,0
20849,2339182,1103,4,0
21102,2339182,1108,5,0
20425,2339182,1110,6,0
20647,2339182,1113,7,0
20306,2339182,1115,8,0
20343,2339182,1121,9,0
20296,2339182,1124,10,0
21205,2339182,1127,11,1
21089,2380854,574,1,0
21430,2380854,579,2,0
20664,2380854,580,3,0
20849,2380854,582,4,0
21102,2380854,587,5,0
20425,2380854,589,6,0
20647,2380854,592,7,0
20306,2380854,594,8,0
20343,2380854,600,9,0
20296,2380854,603,10,0
21205,2380854,606,11,1
21089,2380852,494,1,0
21430,2380852,499,2,0
20664,2380852,500,3,0
20849,2380852,502,4,0
21102,2380852,507,5,0
20425,2380852,509,6,0
20647,2380852,512,7,0
20306,2380852,514,8,0
20343,2380852,520,9,0
20296,2380852,523,10,0
21205,2380852,526,11,1
21208,2380853,530,1,0
20295,2380853,533,2,0
20342,2380853,535,3,0
20307,2380853,541,4,0
20646,2380853,543,5,0
20424,2380853,546,6,0
21101,2380853,549,7,0
20848,2380853,554,8,0
20664,2380853,555,9,0
21429,2380853,555,10,0
21089,2380853,561,11,1
21208,2380869,1144,1,0
20295,2380869,1147,2,0
20342,2380869,1149,3,0
20307,2380869,1155,4,0
20646,2380869,1157,5,0
20424,2380869,1160,6,0
21101,2380869,1163,7,0
20848,2380869,1168,8,0
20664,2380869,1169,9,0
21429,2380869,1169,10,0
21089,2380869,1175,11,1
21089,2380868,1095,1,0
21430,2380868,1100,2,0
20664,2380868,1101,3,0
20849,2380868,1103,4,0
21102,2380868,1108,5,0
20425,2380868,1110,6,0
20647,2380868,1113,7,0
20306,2380868,1115,8,0
20343,2380868,1121,9,0
20296,2380868,1124,10,0
21205,2380868,1127,11,1
21208,2380867,1060,1,0
20295,2380867,1063,2,0
20342,2380867,1065,3,0
20307,2380867,1071,4,0
20646,2380867,1073,5,0
20424,2380867,1076,6,0
21101,2380867,1079,7,0
20848,2380867,1084,8,0
20664,2380867,1085,9,0
21429,2380867,1085,10,0
21089,2380867,1091,11,1
21208,2380857,705,1,0
20295,2380857,708,2,0
20342,2380857,710,3,0
20307,2380857,716,4,0
20646,2380857,718,5,0
20424,2380857,721,6,0
21101,2380857,724,7,0
20848,2380857,729,8,0
20664,2380857,730,9,0
21429,2380857,730,10,0
21089,2380857,736,11,1
21089,2380856,664,1,0
21430,2380856,669,2,0
20664,2380856,670,3,0
20849,2380856,672,4,0
21102,2380856,677,5,0
20425,2380856,679,6,0
20647,2380856,682,7,0
20306,2380856,684,8,0
20343,2380856,690,9,0
20296,2380856,693,10,0
21205,2380856,696,11,1
21208,2380859,795,1,0
20295,2380859,798,2,0
20342,2380859,800,3,0
20307,2380859,806,4,0
20646,2380859,808,5,0
20424,2380859,811,6,0
21101,2380859,814,7,0
20848,2380859,819,8,0
20664,2380859,820,9,0
21429,2380859,820,10,0
21089,2380859,826,11,1
21089,2380858,754,1,0
21430,2380858,759,2,0
20664,2380858,760,3,0
20849,2380858,762,4,0
21102,2380858,767,5,0
20425,2380858,769,6,0
20647,2380858,772,7,0
20306,2380858,774,8,0
20343,2380858,780,9,0
20296,2380858,783,10,0
21205,2380858,786,11,1
21089,2380860,844,1,0
21430,2380860,849,2,0
20664,2380860,850,3,0
20849,2380860,852,4,0
21102,2380860,857,5,0
20425,2380860,859,6,0
20647,2380860,862,7,0
20306,2380860,864,8,0
20343,2380860,870,9,0
20296,2380860,873,10,0
21205,2380860,876,11,1
21208,2380861,885,1,0
20295,2380861,888,2,0
20342,2380861,890,3,0
20307,2380861,896,4,0
20646,2380861,898,5,0
20424,2380861,901,6,0
21101,2380861,904,7,0
20848,2380861,909,8,0
20664,2380861,910,9,0
21429,2380861,910,10,0
21089,2380861,916,11,1
21208,2380862,975,1,0
20295,2380862,978,2,0
20342,2380862,980,3,0
20307,2380862,986,4,0
20646,2380862,988,5,0
20424,2380862,991,6,0
21101,2380862,994,7,0
20435,2380862,996,8,0
20848,2380862,998,9,0
20664,2380862,999,10,0
21429,2380862,999,11,0
21089,2380862,1005,12,1
21208,2380863,615,1,0
20295,2380863,618,2,0
20342,2380863,620,3,0
20307,2380863,626,4,0
20646,2380863,628,5,0
20424,2380863,631,6,0
21101,2380863,634,7,0
20435,2380863,636,8,0
20848,2380863,638,9,0
20664,2380863,639,10,0
21429,2380863,639,11,0
21089,2380863,645,12,1
21089,2380864,934,1,0
21430,2380864,939,2,0
20664,2380864,940,3,0
20849,2380864,942,4,0
21102,2380864,947,5,0
20425,2380864,949,6,0
20647,2380864,952,7,0
20306,2380864,954,8,0
20343,2380864,960,9,0
20296,2380864,963,10,0
21205,2380864,966,11,1
21089,2380866,1024,1,0
21430,2380866,1029,2,0
20664,2380866,1030,3,0
20849,2380866,1032,4,0
21102,2380866,1037,5,0
20425,2380866,1039,6,0
20647,2380866,1042,7,0
20306,2380866,1044,8,0
20343,2380866,1050,9,0
20296,2380866,1053,10,0
21205,2380866,1056,11,1
21089,393953,519,1,0
21430,393953,524,2,0
20664,393953,525,3,0
20849,393953,527,4,0
21102,393953,532,5,0
20425,393953,534,6,0
20647,393953,537,7,0
20306,393953,539,8,0
20343,393953,545,9,0
20296,393953,548,10,0
21205,393953,551,11,1
21089,393954,664,1,0
21430,393954,669,2,0
20664,393954,670,3,0
20849,393954,672,4,0
21102,393954,677,5,0
20425,393954,679,6,0
20647,393954,682,7,0
20306,393954,684,8,0
20343,393954,690,9,0
20296,393954,693,10,0
21205,393954,696,11,1
21089,393951,374,1,0
21430,393951,379,2,0
20664,393951,380,3,0
20849,393951,382,4,0
21102,393951,387,5,0
20425,393951,389,6,0
20647,393951,392,7,0
20306,393951,394,8,0
20343,393951,400,9,0
20296,393951,403,10,0
21205,393951,406,11,1
21089,393952,310,1,0
21430,393952,315,2,0
20664,393952,316,3,0
20849,393952,318,4,0
21102,393952,323,5,0
20425,393952,325,6,0
20647,393952,328,7,0
20306,393952,330,8,0
20343,393952,336,9,0
20296,393952,339,10,0
21205,393952,342,11,1
21089,393957,934,1,0
21430,393957,939,2,0
20664,393957,940,3,0
20849,393957,942,4,0
21102,393957,947,5,0
20425,393957,949,6,0
20647,393957,952,7,0
20306,393957,954,8,0
20343,393957,960,9,0
20296,393957,963,10,0
21205,393957,966,11,1
21089,393958,1024,1,0
21430,393958,1029,2,0
20664,393958,1030,3,0
20849,393958,1032,4,0
21102,393958,1037,5,0
20425,393958,1039,6,0
20647,393958,1042,7,0
20306,393958,1044,8,0
20343,393958,1050,9,0
20296,393958,1053,10,0
21205,393958,1056,11,1
21089,393955,604,1,0
21430,393955,609,2,0
20664,393955,610,3,0
20849,393955,612,4,0
21102,393955,617,5,0
20425,393955,619,6,0
20647,393955,622,7,0
20306,393955,624,8,0
20343,393955,630,9,0
20296,393955,633,10,0
21205,393955,636,11,1
21089,393956,724,1,0
21430,393956,729,2,0
20664,393956,730,3,0
20849,393956,732,4,0
21102,393956,737,5,0
20425,393956,739,6,0
20647,393956,742,7,0
20306,393956,744,8,0
20343,393956,750,9,0
20296,393956,753,10,0
21205,393956,756,11,1
21208,393950,1130,1,0
20295,393950,1133,2,0
20342,393950,1135,3,0
20307,393950,1141,4,0
20646,393950,1143,5,0
20424,393950,1146,6,0
21101,393950,1149,7,0
20848,393950,1154,8,0
20664,393950,1155,9,0
21429,393950,1155,10,0
21089,393950,1161,11,1
21089,393959,1114,1,0
21430,393959,1119,2,0
20664,393959,1120,3,0
20849,393959,1122,4,0
21102,393959,1127,5,0
20425,393959,1129,6,0
20647,393959,1132,7,0
20306,393959,1134,8,0
20343,393959,1140,9,0
20296,393959,1143,10,0
21205,393959,1146,11,1
21089,393940,799,1,0
21430,393940,804,2,0
20664,393940,805,3,0
20849,393940,807,4,0
21102,393940,812,5,0
20425,393940,814,6,0
20647,393940,817,7,0
20306,393940,819,8,0
20343,393940,825,9,0
20296,393940,828,10,0
21205,393940,831,11,1
21089,393941,985,1,0
21430,393941,990,2,0
20664,393941,991,3,0
20849,393941,993,4,0
21102,393941,998,5,0
20425,393941,1000,6,0
20647,393941,1003,7,0
20306,393941,1005,8,0
20343,393941,1011,9,0
20296,393941,1014,10,0
21205,393941,1017,11,1
21089,393942,1090,1,0
21430,393942,1095,2,0
20664,393942,1096,3,0
20849,393942,1098,4,0
21102,393942,1103,5,0
20425,393942,1105,6,0
20647,393942,1108,7,0
20306,393942,1110,8,0
20343,393942,1116,9,0
20296,393942,1119,10,0
21205,393942,1122,11,1
21208,393943,455,1,0
20295,393943,458,2,0
20342,393943,460,3,0
20307,393943,466,4,0
20646,393943,468,5,0
20424,393943,471,6,0
21101,393943,474,7,0
20848,393943,479,8,0
20664,393943,480,9,0
21429,393943,480,10,0
21089,393943,486,11,1
21208,393944,530,1,0
20295,393944,533,2,0
20342,393944,535,3,0
20307,393944,541,4,0
20646,393944,543,5,0
20424,393944,546,6,0
21101,393944,549,7,0
20848,393944,554,8,0
20664,393944,555,9,0
21429,393944,555,10,0
21089,393944,561,11,1
21208,393945,765,1,0
20295,393945,768,2,0
20342,393945,770,3,0
20307,393945,776,4,0
20646,393945,778,5,0
20424,393945,781,6,0
21101,393945,784,7,0
20848,393945,789,8,0
20664,393945,790,9,0
21429,393945,790,10,0
21089,393945,796,11,1
21208,393946,950,1,0
20295,393946,953,2,0
20342,393946,955,3,0
20307,393946,961,4,0
20646,393946,963,5,0
20424,393946,966,6,0
21101,393946,969,7,0
20848,393946,974,8,0
20664,393946,975,9,0
21429,393946,975,10,0
21089,393946,981,11,1
21208,393947,1020,1,0
20295,393947,1023,2,0
20342,393947,1025,3,0
20307,393947,1031,4,0
20646,393947,1033,5,0
20424,393947,1036,6,0
21101,393947,1039,7,0
20848,393947,1044,8,0
20664,393947,1045,9,0
21429,393947,1045,10,0
21089,393947,1051,11,1
21208,393949,1095,1,0
20295,393949,1098,2,0
20342,393949,1100,3,0
20307,393949,1106,4,0
20646,393949,1108,5,0
20424,393949,1111,6,0
21101,393949,1114,7,0
20848,393949,1119,8,0
20664,393949,1120,9,0
21429,393949,1120,10,0
21089,393949,1126,11,1
21208,393948,1050,1,0
20295,393948,1053,2,0
20342,393948,1055,3,0
20307,393948,1061,4,0
20646,393948,1063,5,0
20424,393948,1066,6,0
21101,393948,1069,7,0
20848,393948,1074,8,0
20664,393948,1075,9,0
21429,393948,1075,10,0
21089,393948,1081,11,1
21089,393936,414,1,0
21430,393936,419,2,0
20664,393936,420,3,0
20849,393936,422,4,0
21102,393936,427,5,0
20425,393936,429,6,0
20647,393936,432,7,0
20306,393936,434,8,0
20343,393936,440,9,0
20296,393936,443,10,0
21205,393936,446,11,1
21089,393939,494,1,0
21430,393939,499,2,0
20664,393939,500,3,0
20849,393939,502,4,0
21102,393939,507,5,0
20425,393939,509,6,0
20647,393939,512,7,0
20306,393939,514,8,0
20343,393939,520,9,0
20296,393939,523,10,0
21205,393939,526,11,1
21089,393938,459,1,0
21430,393938,464,2,0
20664,393938,465,3,0
20849,393938,467,4,0
21102,393938,472,5,0
20425,393938,474,6,0
20647,393938,477,7,0
20306,393938,479,8,0
20343,393938,485,9,0
20296,393938,488,10,0
21205,393938,491,11,1
21089,393937,434,1,0
21430,393937,439,2,0
20664,393937,440,3,0
20849,393937,442,4,0
21102,393937,447,5,0
20425,393937,449,6,0
20647,393937,452,7,0
20306,393937,454,8,0
20343,393937,460,9,0
20296,393937,463,10,0
21205,393937,466,11,1
21208,393990,1130,1,0
20295,393990,1133,2,0
20342,393990,1135,3,0
20307,393990,1141,4,0
20646,393990,1143,5,0
20424,393990,1146,6,0
21101,393990,1149,7,0
20848,393990,1154,8,0
20664,393990,1155,9,0
21429,393990,1155,10,0
21089,393990,1161,11,1
21089,393992,310,1,0
21430,393992,315,2,0
20664,393992,316,3,0
20849,393992,318,4,0
21102,393992,323,5,0
20425,393992,325,6,0
20647,393992,328,7,0
20306,393992,330,8,0
20343,393992,336,9,0
20296,393992,339,10,0
21205,393992,342,11,1
21089,393991,374,1,0
21430,393991,379,2,0
20664,393991,380,3,0
20849,393991,382,4,0
21102,393991,387,5,0
20425,393991,389,6,0
20647,393991,392,7,0
20306,393991,394,8,0
20343,393991,400,9,0
20296,393991,403,10,0
21205,393991,406,11,1
21089,393994,664,1,0
21430,393994,669,2,0
20664,393994,670,3,0
20849,393994,672,4,0
21102,393994,677,5,0
20425,393994,679,6,0
20647,393994,682,7,0
20306,393994,684,8,0
20343,393994,690,9,0
20296,393994,693,10,0
21205,393994,696,11,1
21089,393993,519,1,0
21430,393993,524,2,0
20664,393993,525,3,0
20849,393993,527,4,0
21102,393993,532,5,0
20425,393993,534,6,0
20647,393993,537,7,0
20306,393993,539,8,0
20343,393993,545,9,0
20296,393993,548,10,0
21205,393993,551,11,1
21089,393996,724,1,0
21430,393996,729,2,0
20664,393996,730,3,0
20849,393996,732,4,0
21102,393996,737,5,0
20425,393996,739,6,0
20647,393996,742,7,0
20306,393996,744,8,0
20343,393996,750,9,0
20296,393996,753,10,0
21205,393996,756,11,1
21089,393995,604,1,0
21430,393995,609,2,0
20664,393995,610,3,0
20849,393995,612,4,0
21102,393995,617,5,0
20425,393995,619,6,0
20647,393995,622,7,0
20306,393995,624,8,0
20343,393995,630,9,0
20296,393995,633,10,0
21205,393995,636,11,1
21089,393998,1024,1,0
21430,393998,1029,2,0
20664,393998,1030,3,0
20849,393998,1032,4,0
21102,393998,1037,5,0
20425,393998,1039,6,0
20647,393998,1042,7,0
20306,393998,1044,8,0
20343,393998,1050,9,0
20296,393998,1053,10,0
21205,393998,1056,11,1
21089,393997,934,1,0
21430,393997,939,2,0
20664,393997,940,3,0
20849,393997,942,4,0
21102,393997,947,5,0
20425,393997,949,6,0
20647,393997,952,7,0
20306,393997,954,8,0
20343,393997,960,9,0
20296,393997,963,10,0
21205,393997,966,11,1
21089,393999,1114,1,0
21430,393999,1119,2,0
20664,393999,1120,3,0
20849,393999,1122,4,0
21102,393999,1127,5,0
20425,393999,1129,6,0
20647,393999,1132,7,0
20306,393999,1134,8,0
20343,393999,1140,9,0
20296,393999,1143,10,0
21205,393999,1146,11,1
21208,393983,455,1,0
20295,393983,458,2,0
20342,393983,460,3,0
20307,393983,466,4,0
20646,393983,468,5,0
20424,393983,471,6,0
21101,393983,474,7,0
20848,393983,479,8,0
20664,393983,480,9,0
21429,393983,480,10,0
21089,393983,486,11,1
21089,393982,1090,1,0
21430,393982,1095,2,0
20664,393982,1096,3,0
20849,393982,1098,4,0
21102,393982,1103,5,0
20425,393982,1105,6,0
20647,393982,1108,7,0
20306,393982,1110,8,0
20343,393982,1116,9,0
20296,393982,1119,10,0
21205,393982,1122,11,1
21089,393981,985,1,0
21430,393981,990,2,0
20664,393981,991,3,0
20849,393981,993,4,0
21102,393981,998,5,0
20425,393981,1000,6,0
20647,393981,1003,7,0
20306,393981,1005,8,0
20343,393981,1011,9,0
20296,393981,1014,10,0
21205,393981,1017,11,1
21089,393980,799,1,0
21430,393980,804,2,0
20664,393980,805,3,0
20849,393980,807,4,0
21102,393980,812,5,0
20425,393980,814,6,0
20647,393980,817,7,0
20306,393980,819,8,0
20343,393980,825,9,0
20296,393980,828,10,0
21205,393980,831,11,1
21208,393987,1020,1,0
20295,393987,1023,2,0
20342,393987,1025,3,0
20307,393987,1031,4,0
20646,393987,1033,5,0
20424,393987,1036,6,0
21101,393987,1039,7,0
20848,393987,1044,8,0
20664,393987,1045,9,0
21429,393987,1045,10,0
21089,393987,1051,11,1
21208,393986,950,1,0
20295,393986,953,2,0
20342,393986,955,3,0
20307,393986,961,4,0
20646,393986,963,5,0
20424,393986,966,6,0
21101,393986,969,7,0
20848,393986,974,8,0
20664,393986,975,9,0
21429,393986,975,10,0
21089,393986,981,11,1
21208,393985,765,1,0
20295,393985,768,2,0
20342,393985,770,3,0
20307,393985,776,4,0
20646,393985,778,5,0
20424,393985,781,6,0
21101,393985,784,7,0
20848,393985,789,8,0
20664,393985,790,9,0
21429,393985,790,10,0
21089,393985,796,11,1
21208,393984,530,1,0
20295,393984,533,2,0
20342,393984,535,3,0
20307,393984,541,4,0
20646,393984,543,5,0
20424,393984,546,6,0
21101,393984,549,7,0
20848,393984,554,8,0
20664,393984,555,9,0
21429,393984,555,10,0
21089,393984,561,11,1
21208,393989,1095,1,0
20295,393989,1098,2,0
20342,393989,1100,3,0
20307,393989,1106,4,0
20646,393989,1108,5,0
20424,393989,1111,6,0
21101,393989,1114,7,0
20848,393989,1119,8,0
20664,393989,1120,9,0
21429,393989,1120,10,0
21089,393989,1126,11,1
21208,393988,1050,1,0
20295,393988,1053,2,0
20342,393988,1055,3,0
20307,393988,1061,4,0
20646,393988,1063,5,0
20424,393988,1066,6,0
21101,393988,1069,7,0
20848,393988,1074,8,0
20664,393988,1075,9,0
21429,393988,1075,10,0
21089,393988,1081,11,1
21208,393970,675,1,0
20295,393970,678,2,0
20342,393970,680,3,0
20307,393970,686,4,0
20646,393970,688,5,0
20424,393970,691,6,0
21101,393970,694,7,0
20848,393970,699,8,0
20664,393970,700,9,0
21429,393970,700,10,0
21089,393970,706,11,1
21208,393972,825,1,0
20295,393972,828,2,0
20342,393972,830,3,0
20307,393972,836,4,0
20646,393972,838,5,0
20424,393972,841,6,0
21101,393972,844,7,0
20848,393972,849,8,0
20664,393972,850,9,0
21429,393972,850,10,0
21089,393972,856,11,1
21208,393971,735,1,0
20295,393971,738,2,0
20342,393971,740,3,0
20307,393971,746,4,0
20646,393971,748,5,0
20424,393971,751,6,0
21101,393971,754,7,0
20848,393971,759,8,0
20664,393971,760,9,0
21429,393971,760,10,0
21089,393971,766,11,1
21089,393978,459,1,0
21430,393978,464,2,0
20664,393978,465,3,0
20849,393978,467,4,0
21102,393978,472,5,0
20425,393978,474,6,0
20647,393978,477,7,0
20306,393978,479,8,0
20343,393978,485,9,0
20296,393978,488,10,0
21205,393978,491,11,1
21089,393977,434,1,0
21430,393977,439,2,0
20664,393977,440,3,0
20849,393977,442,4,0
21102,393977,447,5,0
20425,393977,449,6,0
20647,393977,452,7,0
20306,393977,454,8,0
20343,393977,460,9,0
20296,393977,463,10,0
21205,393977,466,11,1
21089,393979,494,1,0
21430,393979,499,2,0
20664,393979,500,3,0
20849,393979,502,4,0
21102,393979,507,5,0
20425,393979,509,6,0
20647,393979,512,7,0
20306,393979,514,8,0
20343,393979,520,9,0
20296,393979,523,10,0
21205,393979,526,11,1
21208,393974,1180,1,0
20295,393974,1183,2,0
20342,393974,1185,3,0
20307,393974,1191,4,0
20646,393974,1193,5,0
20424,393974,1196,6,0
21101,393974,1199,7,0
20848,393974,1204,8,0
20664,393974,1205,9,0
21429,393974,1205,10,0
21089,393974,1211,11,1
21208,393973,885,1,0
20295,393973,888,2,0
20342,393973,890,3,0
20307,393973,896,4,0
20646,393973,898,5,0
20424,393973,901,6,0
21101,393973,904,7,0
20848,393973,909,8,0
20664,393973,910,9,0
21429,393973,910,10,0
21089,393973,916,11,1
21089,393976,414,1,0
21430,393976,419,2,0
20664,393976,420,3,0
20849,393976,422,4,0
21102,393976,427,5,0
20425,393976,429,6,0
20647,393976,432,7,0
20306,393976,434,8,0
20343,393976,440,9,0
20296,393976,443,10,0
21205,393976,446,11,1
21208,393975,1218,1,0
20295,393975,1221,2,0
20342,393975,1223,3,0
20307,393975,1229,4,0
20646,393975,1231,5,0
20424,393975,1234,6,0
21101,393975,1237,7,0
20848,393975,1242,8,0
20664,393975,1243,9,0
21429,393975,1243,10,0
21089,393975,1249,11,1
21089,393961,1234,1,0
21430,393961,1239,2,0
20664,393961,1240,3,0
20849,393961,1242,4,0
21102,393961,1247,5,0
20425,393961,1249,6,0
20647,393961,1252,7,0
20306,393961,1254,8,0
20343,393961,1260,9,0
20296,393961,1263,10,0
21205,393961,1266,11,1
21089,393960,1174,1,0
21430,393960,1179,2,0
20664,393960,1180,3,0
20849,393960,1182,4,0
21102,393960,1187,5,0
20425,393960,1189,6,0
20647,393960,1192,7,0
20306,393960,1194,8,0
20343,393960,1200,9,0
20296,393960,1203,10,0
21205,393960,1206,11,1
21208,393969,555,1,0
20295,393969,558,2,0
20342,393969,560,3,0
20307,393969,566,4,0
20646,393969,568,5,0
20424,393969,571,6,0
21101,393969,574,7,0
20848,393969,579,8,0
20664,393969,580,9,0
21429,393969,580,10,0
21089,393969,586,11,1
21208,393968,500,1,0
20295,393968,503,2,0
20342,393968,505,3,0
20307,393968,511,4,0
20646,393968,513,5,0
20424,393968,516,6,0
21101,393968,519,7,0
20848,393968,524,8,0
20664,393968,525,9,0
21429,393968,525,10,0
21089,393968,531,11,1
21208,393967,425,1,0
20295,393967,428,2,0
20342,393967,430,3,0
20307,393967,436,4,0
20646,393967,438,5,0
20424,393967,441,6,0
21101,393967,444,7,0
20848,393967,449,8,0
20664,393967,450,9,0
21429,393967,450,10,0
21089,393967,456,11,1
21208,393966,375,1,0
20295,393966,378,2,0
20342,393966,380,3,0
20307,393966,386,4,0
20646,393966,388,5,0
20424,393966,391,6,0
21101,393966,394,7,0
20848,393966,399,8,0
20664,393966,400,9,0
21429,393966,400,10,0
21089,393966,406,11,1
21208,393965,980,1,0
20295,393965,983,2,0
20342,393965,985,3,0
20307,393965,991,4,0
20646,393965,993,5,0
20424,393965,996,6,0
21101,393965,999,7,0
20435,393965,1001,8,0
20848,393965,1003,9,0
20664,393965,1004,10,0
21429,393965,1004,11,0
21089,393965,1010,12,1
21208,393964,615,1,0
20295,393964,618,2,0
20342,393964,620,3,0
20307,393964,626,4,0
20646,393964,628,5,0
20424,393964,631,6,0
21101,393964,634,7,0
20435,393964,636,8,0
20848,393964,638,9,0
20664,393964,639,10,0
21429,393964,639,11,0
21089,393964,645,12,1
21089,393963,874,1,0
21430,393963,879,2,0
20664,393963,880,3,0
20849,393963,882,4,0
20434,393963,884,5,0
21102,393963,886,6,0
20425,393963,888,7,0
20647,393963,891,8,0
20306,393963,893,9,0
20343,393963,899,10,0
20296,393963,902,11,0
21205,393963,905,12,1
21089,393962,544,1,0
21430,393962,549,2,0
20664,393962,550,3,0
20849,393962,552,4,0
20434,393962,554,5,0
21102,393962,556,6,0
20425,393962,558,7,0
20647,393962,561,8,0
20306,393962,563,9,0
20343,393962,569,10,0
20296,393962,572,11,0
21205,393962,575,12,1
21089,635314,434,1,0
20664,635314,440,2,0
20849,635314,442,3,0
21102,635314,447,4,0
20425,635314,449,5,0
20647,635314,452,6,0
20306,635314,454,7,0
20343,635314,460,8,0
20296,635314,463,9,0
21205,635314,466,10,1
21089,635315,459,1,0
20664,635315,465,2,0
20849,635315,467,3,0
21102,635315,472,4,0
20425,635315,474,5,0
20647,635315,477,6,0
20306,635315,479,7,0
20343,635315,485,8,0
20296,635315,488,9,0
21205,635315,491,10,1
21089,635313,414,1,0
20664,635313,420,2,0
20849,635313,422,3,0
21102,635313,427,4,0
20425,635313,429,5,0
20647,635313,432,6,0
20306,635313,434,7,0
20343,635313,440,8,0
20296,635313,443,9,0
21205,635313,446,10,1
21089,635333,724,1,0
20664,635333,730,2,0
20849,635333,732,3,0
21102,635333,737,4,0
20425,635333,739,5,0
20647,635333,742,6,0
20306,635333,744,7,0
20343,635333,750,8,0
20296,635333,753,9,0
21205,635333,756,10,1
21089,635332,604,1,0
20664,635332,610,2,0
20849,635332,612,3,0
21102,635332,617,4,0
20425,635332,619,5,0
20647,635332,622,6,0
20306,635332,624,7,0
20343,635332,630,8,0
20296,635332,633,9,0
21205,635332,636,10,1
21089,635331,664,1,0
20664,635331,670,2,0
20849,635331,672,3,0
21102,635331,677,4,0
20425,635331,679,5,0
20647,635331,682,6,0
20306,635331,684,7,0
20343,635331,690,8,0
20296,635331,693,9,0
21205,635331,696,10,1
21089,635330,519,1,0
20664,635330,525,2,0
20849,635330,527,3,0
21102,635330,532,4,0
20425,635330,534,5,0
20647,635330,537,6,0
20306,635330,539,7,0
20343,635330,545,8,0
20296,635330,548,9,0
21205,635330,551,10,1
21089,635337,1174,1,0
20664,635337,1180,2,0
20849,635337,1182,3,0
21102,635337,1187,4,0
20425,635337,1189,5,0
20647,635337,1192,6,0
20306,635337,1194,7,0
20343,635337,1200,8,0
20296,635337,1203,9,0
21205,635337,1206,10,1
21089,635336,1114,1,0
20664,635336,1120,2,0
20849,635336,1122,3,0
21102,635336,1127,4,0
20425,635336,1129,5,0
20647,635336,1132,6,0
20306,635336,1134,7,0
20343,635336,1140,8,0
20296,635336,1143,9,0
21205,635336,1146,10,1
21089,635335,1024,1,0
20664,635335,1030,2,0
20849,635335,1032,3,0
21102,635335,1037,4,0
20425,635335,1039,5,0
20647,635335,1042,6,0
20306,635335,1044,7,0
20343,635335,1050,8,0
20296,635335,1053,9,0
21205,635335,1056,10,1
21089,635334,934,1,0
20664,635334,940,2,0
20849,635334,942,3,0
21102,635334,947,4,0
20425,635334,949,5,0
20647,635334,952,6,0
20306,635334,954,7,0
20343,635334,960,8,0
20296,635334,963,9,0
21205,635334,966,10,1
21089,635329,310,1,0
20664,635329,316,2,0
20849,635329,318,3,0
21102,635329,323,4,0
20425,635329,325,5,0
20647,635329,328,6,0
20306,635329,330,7,0
20343,635329,336,8,0
20296,635329,339,9,0
21205,635329,342,10,1
21208,635327,1130,1,0
20295,635327,1133,2,0
20342,635327,1135,3,0
20307,635327,1141,4,0
20646,635327,1143,5,0
20424,635327,1146,6,0
21101,635327,1149,7,0
20848,635327,1154,8,0
20664,635327,1155,9,0
21089,635327,1161,10,1
21089,635328,374,1,0
20664,635328,380,2,0
20849,635328,382,3,0
21102,635328,387,4,0
20425,635328,389,5,0
20647,635328,392,6,0
20306,635328,394,7,0
20343,635328,400,8,0
20296,635328,403,9,0
21205,635328,406,10,1
21208,635320,455,1,0
20295,635320,458,2,0
20342,635320,460,3,0
20307,635320,466,4,0
20646,635320,468,5,0
20424,635320,471,6,0
21101,635320,474,7,0
20848,635320,479,8,0
20664,635320,480,9,0
21089,635320,486,10,1
21208,635322,765,1,0
20295,635322,768,2,0
20342,635322,770,3,0
20307,635322,776,4,0
20646,635322,778,5,0
20424,635322,781,6,0
21101,635322,784,7,0
20848,635322,789,8,0
20664,635322,790,9,0
21089,635322,796,10,1
21208,635321,530,1,0
20295,635321,533,2,0
20342,635321,535,3,0
20307,635321,541,4,0
20646,635321,543,5,0
20424,635321,546,6,0
21101,635321,549,7,0
20848,635321,554,8,0
20664,635321,555,9,0
21089,635321,561,10,1
21208,635324,1020,1,0
20295,635324,1023,2,0
20342,635324,1025,3,0
20307,635324,1031,4,0
20646,635324,1033,5,0
20424,635324,1036,6,0
21101,635324,1039,7,0
20848,635324,1044,8,0
20664,635324,1045,9,0
21089,635324,1051,10,1
21208,635323,950,1,0
20295,635323,953,2,0
20342,635323,955,3,0
20307,635323,961,4,0
20646,635323,963,5,0
20424,635323,966,6,0
21101,635323,969,7,0
20848,635323,974,8,0
20664,635323,975,9,0
21089,635323,981,10,1
21208,635326,1095,1,0
20295,635326,1098,2,0
20342,635326,1100,3,0
20307,635326,1106,4,0
20646,635326,1108,5,0
20424,635326,1111,6,0
21101,635326,1114,7,0
20848,635326,1119,8,0
20664,635326,1120,9,0
21089,635326,1126,10,1
21208,635325,1050,1,0
20295,635325,1053,2,0
20342,635325,1055,3,0
20307,635325,1061,4,0
20646,635325,1063,5,0
20424,635325,1066,6,0
21101,635325,1069,7,0
20848,635325,1074,8,0
20664,635325,1075,9,0
21089,635325,1081,10,1
21089,635316,494,1,0
20664,635316,500,2,0
20849,635316,502,3,0
21102,635316,507,4,0
20425,635316,509,5,0
20647,635316,512,6,0
20306,635316,514,7,0
20343,635316,520,8,0
20296,635316,523,9,0
21205,635316,526,10,1
21089,635317,799,1,0
20664,635317,805,2,0
20849,635317,807,3,0
21102,635317,812,4,0
20425,635317,814,5,0
20647,635317,817,6,0
20306,635317,819,7,0
20343,635317,825,8,0
20296,635317,828,9,0
21205,635317,831,10,1
21089,635318,985,1,0
20664,635318,991,2,0
20849,635318,993,3,0
21102,635318,998,4,0
20425,635318,1000,5,0
20647,635318,1003,6,0
20306,635318,1005,7,0
20343,635318,1011,8,0
20296,635318,1014,9,0
21205,635318,1017,10,1
21089,635319,1090,1,0
20664,635319,1096,2,0
20849,635319,1098,3,0
21102,635319,1103,4,0
20425,635319,1105,5,0
20647,635319,1108,6,0
20306,635319,1110,7,0
20343,635319,1116,8,0
20296,635319,1119,9,0
21205,635319,1122,10,1
21208,635352,1218,1,0
20295,635352,1221,2,0
20342,635352,1223,3,0
20307,635352,1229,4,0
20646,635352,1231,5,0
20424,635352,1234,6,0
21101,635352,1237,7,0
20848,635352,1242,8,0
20664,635352,1243,9,0
21089,635352,1249,10,1
21208,635351,1180,1,0
20295,635351,1183,2,0
20342,635351,1185,3,0
20307,635351,1191,4,0
20646,635351,1193,5,0
20424,635351,1196,6,0
21101,635351,1199,7,0
20848,635351,1204,8,0
20664,635351,1205,9,0
21089,635351,1211,10,1
21208,635350,885,1,0
20295,635350,888,2,0
20342,635350,890,3,0
20307,635350,896,4,0
20646,635350,898,5,0
20424,635350,901,6,0
21101,635350,904,7,0
20848,635350,909,8,0
20664,635350,910,9,0
21089,635350,916,10,1
21208,635349,825,1,0
20295,635349,828,2,0
20342,635349,830,3,0
20307,635349,836,4,0
20646,635349,838,5,0
20424,635349,841,6,0
21101,635349,844,7,0
20848,635349,849,8,0
20664,635349,850,9,0
21089,635349,856,10,1
21208,635346,555,1,0
20295,635346,558,2,0
20342,635346,560,3,0
20307,635346,566,4,0
20646,635346,568,5,0
20424,635346,571,6,0
21101,635346,574,7,0
20848,635346,579,8,0
20664,635346,580,9,0
21089,635346,586,10,1
21208,635345,500,1,0
20295,635345,503,2,0
20342,635345,505,3,0
20307,635345,511,4,0
20646,635345,513,5,0
20424,635345,516,6,0
21101,635345,519,7,0
20848,635345,524,8,0
20664,635345,525,9,0
21089,635345,531,10,1
21208,635348,735,1,0
20295,635348,738,2,0
20342,635348,740,3,0
20307,635348,746,4,0
20646,635348,748,5,0
20424,635348,751,6,0
21101,635348,754,7,0
20848,635348,759,8,0
20664,635348,760,9,0
21089,635348,766,10,1
21208,635347,675,1,0
20295,635347,678,2,0
20342,635347,680,3,0
20307,635347,686,4,0
20646,635347,688,5,0
20424,635347,691,6,0
21101,635347,694,7,0
20848,635347,699,8,0
20664,635347,700,9,0
21089,635347,706,10,1
21208,635342,980,1,0
20295,635342,983,2,0
20342,635342,985,3,0
20307,635342,991,4,0
20646,635342,993,5,0
20424,635342,996,6,0
21101,635342,999,7,0
20435,635342,1001,8,0
20848,635342,1003,9,0
20664,635342,1004,10,0
21089,635342,1010,11,1
21208,635341,615,1,0
20295,635341,618,2,0
20342,635341,620,3,0
20307,635341,626,4,0
20646,635341,628,5,0
20424,635341,631,6,0
21101,635341,634,7,0
20435,635341,636,8,0
20848,635341,638,9,0
20664,635341,639,10,0
21089,635341,645,11,1
21208,635344,425,1,0
20295,635344,428,2,0
20342,635344,430,3,0
20307,635344,436,4,0
20646,635344,438,5,0
20424,635344,441,6,0
21101,635344,444,7,0
20848,635344,449,8,0
20664,635344,450,9,0
21089,635344,456,10,1
21208,635343,375,1,0
20295,635343,378,2,0
20342,635343,380,3,0
20307,635343,386,4,0
20646,635343,388,5,0
20424,635343,391,6,0
21101,635343,394,7,0
20848,635343,399,8,0
20664,635343,400,9,0
21089,635343,406,10,1
21089,635340,874,1,0
20664,635340,880,2,0
20849,635340,882,3,0
20434,635340,884,4,0
21102,635340,886,5,0
20425,635340,888,6,0
20647,635340,891,7,0
20306,635340,893,8,0
20343,635340,899,9,0
20296,635340,902,10,0
21205,635340,905,11,1
21089,635338,1234,1,0
20664,635338,1240,2,0
20849,635338,1242,3,0
21102,635338,1247,4,0
20425,635338,1249,5,0
20647,635338,1252,6,0
20306,635338,1254,7,0
20343,635338,1260,8,0
20296,635338,1263,9,0
21205,635338,1266,10,1
21089,635339,544,1,0
20664,635339,550,2,0
20849,635339,552,3,0
20434,635339,554,4,0
21102,635339,556,5,0
20425,635339,558,6,0
20647,635339,561,7,0
20306,635339,563,8,0
20343,635339,569,9,0
20296,635339,572,10,0
21205,635339,575,11,1
21208,2380024,885,1,0
20295,2380024,888,2,0
20342,2380024,890,3,0
20307,2380024,896,4,0
20646,2380024,898,5,0
20424,2380024,901,6,0
21101,2380024,904,7,0
20848,2380024,909,8,0
20664,2380024,910,9,0
21429,2380024,910,10,0
21089,2380024,916,11,1
21208,2380023,825,1,0
20295,2380023,828,2,0
20342,2380023,830,3,0
20307,2380023,836,4,0
20646,2380023,838,5,0
20424,2380023,841,6,0
21101,2380023,844,7,0
20848,2380023,849,8,0
20664,2380023,850,9,0
21429,2380023,850,10,0
21089,2380023,856,11,1
21208,2380026,1218,1,0
20295,2380026,1221,2,0
20342,2380026,1223,3,0
20307,2380026,1229,4,0
20646,2380026,1231,5,0
20424,2380026,1234,6,0
21101,2380026,1237,7,0
20848,2380026,1242,8,0
20664,2380026,1243,9,0
21429,2380026,1243,10,0
21089,2380026,1249,11,1
21208,2380025,1180,1,0
20295,2380025,1183,2,0
20342,2380025,1185,3,0
20307,2380025,1191,4,0
20646,2380025,1193,5,0
20424,2380025,1196,6,0
21101,2380025,1199,7,0
20848,2380025,1204,8,0
20664,2380025,1205,9,0
21429,2380025,1205,10,0
21089,2380025,1211,11,1
21089,2380028,434,1,0
21430,2380028,439,2,0
20664,2380028,440,3,0
20849,2380028,442,4,0
21102,2380028,447,5,0
20425,2380028,449,6,0
20647,2380028,452,7,0
20306,2380028,454,8,0
20343,2380028,460,9,0
20296,2380028,463,10,0
21205,2380028,466,11,1
21089,2380027,414,1,0
21430,2380027,419,2,0
20664,2380027,420,3,0
20849,2380027,422,4,0
21102,2380027,427,5,0
20425,2380027,429,6,0
20647,2380027,432,7,0
20306,2380027,434,8,0
20343,2380027,440,9,0
20296,2380027,443,10,0
21205,2380027,446,11,1
21089,2380029,459,1,0
21430,2380029,464,2,0
20664,2380029,465,3,0
20849,2380029,467,4,0
21102,2380029,472,5,0
20425,2380029,474,6,0
20647,2380029,477,7,0
20306,2380029,479,8,0
20343,2380029,485,9,0
20296,2380029,488,10,0
21205,2380029,491,11,1
21208,2380020,555,1,0
20295,2380020,558,2,0
20342,2380020,560,3,0
20307,2380020,566,4,0
20646,2380020,568,5,0
20424,2380020,571,6,0
21101,2380020,574,7,0
20848,2380020,579,8,0
20664,2380020,580,9,0
21429,2380020,580,10,0
21089,2380020,586,11,1
21208,2380022,735,1,0
20295,2380022,738,2,0
20342,2380022,740,3,0
20307,2380022,746,4,0
20646,2380022,748,5,0
20424,2380022,751,6,0
21101,2380022,754,7,0
20848,2380022,759,8,0
20664,2380022,760,9,0
21429,2380022,760,10,0
21089,2380022,766,11,1
21208,2380021,675,1,0
20295,2380021,678,2,0
20342,2380021,680,3,0
20307,2380021,686,4,0
20646,2380021,688,5,0
20424,2380021,691,6,0
21101,2380021,694,7,0
20848,2380021,699,8,0
20664,2380021,700,9,0
21429,2380021,700,10,0
21089,2380021,706,11,1
21208,2380037,950,1,0
20295,2380037,953,2,0
20342,2380037,955,3,0
20307,2380037,961,4,0
20646,2380037,963,5,0
20424,2380037,966,6,0
21101,2380037,969,7,0
20848,2380037,974,8,0
20664,2380037,975,9,0
21429,2380037,975,10,0
21089,2380037,981,11,1
21208,2380036,765,1,0
20295,2380036,768,2,0
20342,2380036,770,3,0
20307,2380036,776,4,0
20646,2380036,778,5,0
20424,2380036,781,6,0
21101,2380036,784,7,0
20848,2380036,789,8,0
20664,2380036,790,9,0
21429,2380036,790,10,0
21089,2380036,796,11,1
21208,2380035,530,1,0
20295,2380035,533,2,0
20342,2380035,535,3,0
20307,2380035,541,4,0
20646,2380035,543,5,0
20424,2380035,546,6,0
21101,2380035,549,7,0
20848,2380035,554,8,0
20664,2380035,555,9,0
21429,2380035,555,10,0
21089,2380035,561,11,1
21208,2380034,455,1,0
20295,2380034,458,2,0
20342,2380034,460,3,0
20307,2380034,466,4,0
20646,2380034,468,5,0
20424,2380034,471,6,0
21101,2380034,474,7,0
20848,2380034,479,8,0
20664,2380034,480,9,0
21429,2380034,480,10,0
21089,2380034,486,11,1
21208,2380039,1050,1,0
20295,2380039,1053,2,0
20342,2380039,1055,3,0
20307,2380039,1061,4,0
20646,2380039,1063,5,0
20424,2380039,1066,6,0
21101,2380039,1069,7,0
20848,2380039,1074,8,0
20664,2380039,1075,9,0
21429,2380039,1075,10,0
21089,2380039,1081,11,1
21208,2380038,1020,1,0
20295,2380038,1023,2,0
20342,2380038,1025,3,0
20307,2380038,1031,4,0
20646,2380038,1033,5,0
20424,2380038,1036,6,0
21101,2380038,1039,7,0
20848,2380038,1044,8,0
20664,2380038,1045,9,0
21429,2380038,1045,10,0
21089,2380038,1051,11,1
21089,2380033,1090,1,0
21430,2380033,1095,2,0
20664,2380033,1096,3,0
20849,2380033,1098,4,0
21102,2380033,1103,5,0
20425,2380033,1105,6,0
20647,2380033,1108,7,0
20306,2380033,1110,8,0
20343,2380033,1116,9,0
20296,2380033,1119,10,0
21205,2380033,1122,11,1
21089,2380032,985,1,0
21430,2380032,990,2,0
20664,2380032,991,3,0
20849,2380032,993,4,0
21102,2380032,998,5,0
20425,2380032,1000,6,0
20647,2380032,1003,7,0
20306,2380032,1005,8,0
20343,2380032,1011,9,0
20296,2380032,1014,10,0
21205,2380032,1017,11,1
21089,2380031,799,1,0
21430,2380031,804,2,0
20664,2380031,805,3,0
20849,2380031,807,4,0
21102,2380031,812,5,0
20425,2380031,814,6,0
20647,2380031,817,7,0
20306,2380031,819,8,0
20343,2380031,825,9,0
20296,2380031,828,10,0
21205,2380031,831,11,1
21089,2380030,494,1,0
21430,2380030,499,2,0
20664,2380030,500,3,0
20849,2380030,502,4,0
21102,2380030,507,5,0
20425,2380030,509,6,0
20647,2380030,512,7,0
20306,2380030,514,8,0
20343,2380030,520,9,0
20296,2380030,523,10,0
21205,2380030,526,11,1
21089,2380006,604,1,0
21430,2380006,609,2,0
20664,2380006,610,3,0
20849,2380006,612,4,0
21102,2380006,617,5,0
20425,2380006,619,6,0
20647,2380006,622,7,0
20306,2380006,624,8,0
20343,2380006,630,9,0
20296,2380006,633,10,0
21205,2380006,636,11,1
21089,2380005,664,1,0
21430,2380005,669,2,0
20664,2380005,670,3,0
20849,2380005,672,4,0
21102,2380005,677,5,0
20425,2380005,679,6,0
20647,2380005,682,7,0
20306,2380005,684,8,0
20343,2380005,690,9,0
20296,2380005,693,10,0
21205,2380005,696,11,1
21089,2380008,934,1,0
21430,2380008,939,2,0
20664,2380008,940,3,0
20849,2380008,942,4,0
21102,2380008,947,5,0
20425,2380008,949,6,0
20647,2380008,952,7,0
20306,2380008,954,8,0
20343,2380008,960,9,0
20296,2380008,963,10,0
21205,2380008,966,11,1
21089,2380007,724,1,0
21430,2380007,729,2,0
20664,2380007,730,3,0
20849,2380007,732,4,0
21102,2380007,737,5,0
20425,2380007,739,6,0
20647,2380007,742,7,0
20306,2380007,744,8,0
20343,2380007,750,9,0
20296,2380007,753,10,0
21205,2380007,756,11,1
21089,2380002,374,1,0
21430,2380002,379,2,0
20664,2380002,380,3,0
20849,2380002,382,4,0
21102,2380002,387,5,0
20425,2380002,389,6,0
20647,2380002,392,7,0
20306,2380002,394,8,0
20343,2380002,400,9,0
20296,2380002,403,10,0
21205,2380002,406,11,1
21208,2380001,1130,1,0
20295,2380001,1133,2,0
20342,2380001,1135,3,0
20307,2380001,1141,4,0
20646,2380001,1143,5,0
20424,2380001,1146,6,0
21101,2380001,1149,7,0
20848,2380001,1154,8,0
20664,2380001,1155,9,0
21429,2380001,1155,10,0
21089,2380001,1161,11,1
21089,2380004,519,1,0
21430,2380004,524,2,0
20664,2380004,525,3,0
20849,2380004,527,4,0
21102,2380004,532,5,0
20425,2380004,534,6,0
20647,2380004,537,7,0
20306,2380004,539,8,0
20343,2380004,545,9,0
20296,2380004,548,10,0
21205,2380004,551,11,1
21089,2380003,310,1,0
21430,2380003,315,2,0
20664,2380003,316,3,0
20849,2380003,318,4,0
21102,2380003,323,5,0
20425,2380003,325,6,0
20647,2380003,328,7,0
20306,2380003,330,8,0
20343,2380003,336,9,0
20296,2380003,339,10,0
21205,2380003,342,11,1
21208,2380000,1095,1,0
20295,2380000,1098,2,0
20342,2380000,1100,3,0
20307,2380000,1106,4,0
20646,2380000,1108,5,0
20424,2380000,1111,6,0
21101,2380000,1114,7,0
20848,2380000,1119,8,0
20664,2380000,1120,9,0
21429,2380000,1120,10,0
21089,2380000,1126,11,1
21208,2380019,500,1,0
20295,2380019,503,2,0
20342,2380019,505,3,0
20307,2380019,511,4,0
20646,2380019,513,5,0
20424,2380019,516,6,0
21101,2380019,519,7,0
20848,2380019,524,8,0
20664,2380019,525,9,0
21429,2380019,525,10,0
21089,2380019,531,11,1
21208,2380018,425,1,0
20295,2380018,428,2,0
20342,2380018,430,3,0
20307,2380018,436,4,0
20646,2380018,438,5,0
20424,2380018,441,6,0
21101,2380018,444,7,0
20848,2380018,449,8,0
20664,2380018,450,9,0
21429,2380018,450,10,0
21089,2380018,456,11,1
21208,2380017,375,1,0
20295,2380017,378,2,0
20342,2380017,380,3,0
20307,2380017,386,4,0
20646,2380017,388,5,0
20424,2380017,391,6,0
21101,2380017,394,7,0
20848,2380017,399,8,0
20664,2380017,400,9,0
21429,2380017,400,10,0
21089,2380017,406,11,1
21208,2380016,980,1,0
20295,2380016,983,2,0
20342,2380016,985,3,0
20307,2380016,991,4,0
20646,2380016,993,5,0
20424,2380016,996,6,0
21101,2380016,999,7,0
20435,2380016,1001,8,0
20848,2380016,1003,9,0
20664,2380016,1004,10,0
21429,2380016,1004,11,0
21089,2380016,1010,12,1
21208,2380015,615,1,0
20295,2380015,618,2,0
20342,2380015,620,3,0
20307,2380015,626,4,0
20646,2380015,628,5,0
20424,2380015,631,6,0
21101,2380015,634,7,0
20435,2380015,636,8,0
20848,2380015,638,9,0
20664,2380015,639,10,0
21429,2380015,639,11,0
21089,2380015,645,12,1
21089,2380014,874,1,0
21430,2380014,879,2,0
20664,2380014,880,3,0
20849,2380014,882,4,0
20434,2380014,884,5,0
21102,2380014,886,6,0
20425,2380014,888,7,0
20647,2380014,891,8,0
20306,2380014,893,9,0
20343,2380014,899,10,0
20296,2380014,902,11,0
21205,2380014,905,12,1
21089,2380013,544,1,0
21430,2380013,549,2,0
20664,2380013,550,3,0
20849,2380013,552,4,0
20434,2380013,554,5,0
21102,2380013,556,6,0
20425,2380013,558,7,0
20647,2380013,561,8,0
20306,2380013,563,9,0
20343,2380013,569,10,0
20296,2380013,572,11,0
21205,2380013,575,12,1
21089,2380012,1234,1,0
21430,2380012,1239,2,0
20664,2380012,1240,3,0
20849,2380012,1242,4,0
21102,2380012,1247,5,0
20425,2380012,1249,6,0
20647,2380012,1252,7,0
20306,2380012,1254,8,0
20343,2380012,1260,9,0
20296,2380012,1263,10,0
21205,2380012,1266,11,1
21089,2380011,1174,1,0
21430,2380011,1179,2,0
20664,2380011,1180,3,0
20849,2380011,1182,4,0
21102,2380011,1187,5,0
20425,2380011,1189,6,0
20647,2380011,1192,7,0
20306,2380011,1194,8,0
20343,2380011,1200,9,0
20296,2380011,1203,10,0
21205,2380011,1206,11,1
21089,2380010,1114,1,0
21430,2380010,1119,2,0
20664,2380010,1120,3,0
20849,2380010,1122,4,0
21102,2380010,1127,5,0
20425,2380010,1129,6,0
20647,2380010,1132,7,0
20306,2380010,1134,8,0
20343,2380010,1140,9,0
20296,2380010,1143,10,0
21205,2380010,1146,11,1
21089,2380009,1024,1,0
21430,2380009,1029,2,0
20664,2380009,1030,3,0
20849,2380009,1032,4,0
21102,2380009,1037,5,0
20425,2380009,1039,6,0
20647,2380009,1042,7,0
20306,2380009,1044,8,0
20343,2380009,1050,9,0
20296,2380009,1053,10,0
21205,2380009,1056,11,1
21208,2380061,675,1,0
20295,2380061,678,2,0
20342,2380061,680,3,0
20307,2380061,686,4,0
20646,2380061,688,5,0
20424,2380061,691,6,0
21101,2380061,694,7,0
20848,2380061,699,8,0
20664,2380061,700,9,0
21429,2380061,700,10,0
21089,2380061,706,11,1
21208,2380062,735,1,0
20295,2380062,738,2,0
20342,2380062,740,3,0
20307,2380062,746,4,0
20646,2380062,748,5,0
20424,2380062,751,6,0
21101,2380062,754,7,0
20848,2380062,759,8,0
20664,2380062,760,9,0
21429,2380062,760,10,0
21089,2380062,766,11,1
21208,2380060,555,1,0
20295,2380060,558,2,0
20342,2380060,560,3,0
20307,2380060,566,4,0
20646,2380060,568,5,0
20424,2380060,571,6,0
21101,2380060,574,7,0
20848,2380060,579,8,0
20664,2380060,580,9,0
21429,2380060,580,10,0
21089,2380060,586,11,1
21208,2380065,1180,1,0
20295,2380065,1183,2,0
20342,2380065,1185,3,0
20307,2380065,1191,4,0
20646,2380065,1193,5,0
20424,2380065,1196,6,0
21101,2380065,1199,7,0
20848,2380065,1204,8,0
20664,2380065,1205,9,0
21429,2380065,1205,10,0
21089,2380065,1211,11,1
21208,2380066,1218,1,0
20295,2380066,1221,2,0
20342,2380066,1223,3,0
20307,2380066,1229,4,0
20646,2380066,1231,5,0
20424,2380066,1234,6,0
21101,2380066,1237,7,0
20848,2380066,1242,8,0
20664,2380066,1243,9,0
21429,2380066,1243,10,0
21089,2380066,1249,11,1
21208,2380063,825,1,0
20295,2380063,828,2,0
20342,2380063,830,3,0
20307,2380063,836,4,0
20646,2380063,838,5,0
20424,2380063,841,6,0
21101,2380063,844,7,0
20848,2380063,849,8,0
20664,2380063,850,9,0
21429,2380063,850,10,0
21089,2380063,856,11,1
21208,2380064,885,1,0
20295,2380064,888,2,0
20342,2380064,890,3,0
20307,2380064,896,4,0
20646,2380064,898,5,0
20424,2380064,901,6,0
21101,2380064,904,7,0
20848,2380064,909,8,0
20664,2380064,910,9,0
21429,2380064,910,10,0
21089,2380064,916,11,1
21089,2380043,310,1,0
21430,2380043,315,2,0
20664,2380043,316,3,0
20849,2380043,318,4,0
21102,2380043,323,5,0
20425,2380043,325,6,0
20647,2380043,328,7,0
20306,2380043,330,8,0
20343,2380043,336,9,0
20296,2380043,339,10,0
21205,2380043,342,11,1
21089,2380044,519,1,0
21430,2380044,524,2,0
20664,2380044,525,3,0
20849,2380044,527,4,0
21102,2380044,532,5,0
20425,2380044,534,6,0
20647,2380044,537,7,0
20306,2380044,539,8,0
20343,2380044,545,9,0
20296,2380044,548,10,0
21205,2380044,551,11,1
21208,2380041,1130,1,0
20295,2380041,1133,2,0
20342,2380041,1135,3,0
20307,2380041,1141,4,0
20646,2380041,1143,5,0
20424,2380041,1146,6,0
21101,2380041,1149,7,0
20848,2380041,1154,8,0
20664,2380041,1155,9,0
21429,2380041,1155,10,0
21089,2380041,1161,11,1
21089,2380042,374,1,0
21430,2380042,379,2,0
20664,2380042,380,3,0
20849,2380042,382,4,0
21102,2380042,387,5,0
20425,2380042,389,6,0
20647,2380042,392,7,0
20306,2380042,394,8,0
20343,2380042,400,9,0
20296,2380042,403,10,0
21205,2380042,406,11,1
21208,2380040,1095,1,0
20295,2380040,1098,2,0
20342,2380040,1100,3,0
20307,2380040,1106,4,0
20646,2380040,1108,5,0
20424,2380040,1111,6,0
21101,2380040,1114,7,0
20848,2380040,1119,8,0
20664,2380040,1120,9,0
21429,2380040,1120,10,0
21089,2380040,1126,11,1
21089,2380049,1024,1,0
21430,2380049,1029,2,0
20664,2380049,1030,3,0
20849,2380049,1032,4,0
21102,2380049,1037,5,0
20425,2380049,1039,6,0
20647,2380049,1042,7,0
20306,2380049,1044,8,0
20343,2380049,1050,9,0
20296,2380049,1053,10,0
21205,2380049,1056,11,1
21089,2380047,724,1,0
21430,2380047,729,2,0
20664,2380047,730,3,0
20849,2380047,732,4,0
21102,2380047,737,5,0
20425,2380047,739,6,0
20647,2380047,742,7,0
20306,2380047,744,8,0
20343,2380047,750,9,0
20296,2380047,753,10,0
21205,2380047,756,11,1
21089,2380048,934,1,0
21430,2380048,939,2,0
20664,2380048,940,3,0
20849,2380048,942,4,0
21102,2380048,947,5,0
20425,2380048,949,6,0
20647,2380048,952,7,0
20306,2380048,954,8,0
20343,2380048,960,9,0
20296,2380048,963,10,0
21205,2380048,966,11,1
21089,2380045,664,1,0
21430,2380045,669,2,0
20664,2380045,670,3,0
20849,2380045,672,4,0
21102,2380045,677,5,0
20425,2380045,679,6,0
20647,2380045,682,7,0
20306,2380045,684,8,0
20343,2380045,690,9,0
20296,2380045,693,10,0
21205,2380045,696,11,1
21089,2380046,604,1,0
21430,2380046,609,2,0
20664,2380046,610,3,0
20849,2380046,612,4,0
21102,2380046,617,5,0
20425,2380046,619,6,0
20647,2380046,622,7,0
20306,2380046,624,8,0
20343,2380046,630,9,0
20296,2380046,633,10,0
21205,2380046,636,11,1
21089,2380052,1234,1,0
21430,2380052,1239,2,0
20664,2380052,1240,3,0
20849,2380052,1242,4,0
21102,2380052,1247,5,0
20425,2380052,1249,6,0
20647,2380052,1252,7,0
20306,2380052,1254,8,0
20343,2380052,1260,9,0
20296,2380052,1263,10,0
21205,2380052,1266,11,1
21089,2380053,544,1,0
21430,2380053,549,2,0
20664,2380053,550,3,0
20849,2380053,552,4,0
20434,2380053,554,5,0
21102,2380053,556,6,0
20425,2380053,558,7,0
20647,2380053,561,8,0
20306,2380053,563,9,0
20343,2380053,569,10,0
20296,2380053,572,11,0
21205,2380053,575,12,1
21089,2380054,874,1,0
21430,2380054,879,2,0
20664,2380054,880,3,0
20849,2380054,882,4,0
20434,2380054,884,5,0
21102,2380054,886,6,0
20425,2380054,888,7,0
20647,2380054,891,8,0
20306,2380054,893,9,0
20343,2380054,899,10,0
20296,2380054,902,11,0
21205,2380054,905,12,1
21208,2380055,615,1,0
20295,2380055,618,2,0
20342,2380055,620,3,0
20307,2380055,626,4,0
20646,2380055,628,5,0
20424,2380055,631,6,0
21101,2380055,634,7,0
20435,2380055,636,8,0
20848,2380055,638,9,0
20664,2380055,639,10,0
21429,2380055,639,11,0
21089,2380055,645,12,1
21089,2380050,1114,1,0
21430,2380050,1119,2,0
20664,2380050,1120,3,0
20849,2380050,1122,4,0
21102,2380050,1127,5,0
20425,2380050,1129,6,0
20647,2380050,1132,7,0
20306,2380050,1134,8,0
20343,2380050,1140,9,0
20296,2380050,1143,10,0
21205,2380050,1146,11,1
21089,2380051,1174,1,0
21430,2380051,1179,2,0
20664,2380051,1180,3,0
20849,2380051,1182,4,0
21102,2380051,1187,5,0
20425,2380051,1189,6,0
20647,2380051,1192,7,0
20306,2380051,1194,8,0
20343,2380051,1200,9,0
20296,2380051,1203,10,0
21205,2380051,1206,11,1
21208,2380056,980,1,0
20295,2380056,983,2,0
20342,2380056,985,3,0
20307,2380056,991,4,0
20646,2380056,993,5,0
20424,2380056,996,6,0
21101,2380056,999,7,0
20435,2380056,1001,8,0
20848,2380056,1003,9,0
20664,2380056,1004,10,0
21429,2380056,1004,11,0
21089,2380056,1010,12,1
21208,2380057,375,1,0
20295,2380057,378,2,0
20342,2380057,380,3,0
20307,2380057,386,4,0
20646,2380057,388,5,0
20424,2380057,391,6,0
21101,2380057,394,7,0
20848,2380057,399,8,0
20664,2380057,400,9,0
21429,2380057,400,10,0
21089,2380057,406,11,1
21208,2380058,425,1,0
20295,2380058,428,2,0
20342,2380058,430,3,0
20307,2380058,436,4,0
20646,2380058,438,5,0
20424,2380058,441,6,0
21101,2380058,444,7,0
20848,2380058,449,8,0
20664,2380058,450,9,0
21429,2380058,450,10,0
21089,2380058,456,11,1
21208,2380059,500,1,0
20295,2380059,503,2,0
20342,2380059,505,3,0
20307,2380059,511,4,0
20646,2380059,513,5,0
20424,2380059,516,6,0
21101,2380059,519,7,0
20848,2380059,524,8,0
20664,2380059,525,9,0
21429,2380059,525,10,0
21089,2380059,531,11,1
