arret_id,ligne_id,direction_id,sequence,accessible,macro_direction
20104,2,8,2,0,0
20288,2,49,21,0,1
20289,2,50,14,0,0
20284,2,49,23,0,1
20249,2,7,28,0,1
20248,2,8,6,0,0
20285,2,50,12,0,0
20286,2,49,22,0,1
20287,2,50,13,0,0
20306,2,49,9,0,1
20281,2,50,10,0,0
20280,2,49,25,0,1
20283,2,50,11,0,0
20282,2,49,24,0,1
20309,2,50,27,0,0
20001,2,49,19,0,1
20307,2,50,26,0,0
20819,2,50,31,0,0
21425,2,8,34,0,0
21156,2,50,23,0,0
21155,2,49,12,0,1
21154,2,50,22,0,0
20817,2,49,7,0,1
20818,2,50,29,0,0
21153,2,49,13,0,1
21157,2,49,11,0,1
20279,2,50,9,0,0
20277,2,50,4,0,0
20278,2,49,26,0,1
20275,2,50,3,0,0
20276,2,47,28,0,1
21422,2,49,2,0,1
20273,2,50,2,0,0
20274,2,47,29,0,1
21424,2,49,3,0,1
20272,2,47,30,0,1
20642,2,50,25,0,0
20643,2,49,10,0,1
21167,2,49,1,0,1
20271,2,50,1,0,0
20330,2,50,16,0,0
20270,2,50,7,0,0
20641,2,50,24,0,0
20332,2,50,17,0,0
20823,2,49,4,0,1
20820,2,49,2,0,1
20644,2,66,11,0,0
20824,2,8,32,0,0
20263,2,50,8,0,0
20262,2,49,27,0,1
20265,2,47,27,0,1
20881,2,7,29,0,1
20264,2,47,24,0,1
20061,2,49,18,0,1
20267,2,47,26,0,1
20883,2,7,30,0,1
20882,2,8,5,0,0
20266,2,50,5,0,0
20269,2,47,25,0,1
20884,2,8,4,0,0
20268,2,50,6,0,0
20324,2,8,33,0,0
20071,2,8,3,0,0
20320,2,49,1,0,1
20329,2,49,35,0,1
20328,2,49,34,0,1
20260,2,49,28,0,1
20326,2,2,1,0,0
20326,2,49,33,0,1
20261,2,50,7,0,0
20254,2,50,4,0,0
20253,2,49,31,0,1
20252,2,49,32,0,1
20251,2,50,2,0,0
20258,2,49,29,0,1
20257,2,50,5,0,0
20256,2,49,30,0,1
20255,2,50,3,0,0
20297,2,49,14,0,1
20298,2,50,21,0,0
20259,2,50,6,0,0
20296,2,49,15,0,1
20012,2,50,18,0,0
20290,2,49,20,0,1
20310,2,49,8,0,1
20080,2,8,1,0,0
20311,2,50,28,0,0
20294,2,50,20,0,0
20014,2,50,19,0,0
20292,2,49,16,0,1
20291,2,50,15,0,0
20013,2,49,17,0,1
20318,2,49,5,0,1
20319,2,8,31,0,0
20666,2,66,10,0,0
20250,2,50,1,0,0
20316,2,49,6,0,1
20317,2,50,30,0,0
20041,1,13,15,0,0
21204,1,13,1,0,0
20040,1,15,8,0,1
20107,1,15,18,0,1
20021,1,13,1,0,0
20020,1,15,19,0,1
20002,1,13,5,0,0
20023,1,13,3,0,0
20004,1,15,17,0,1
20022,1,13,2,0,0
20024,1,13,4,0,0
20165,1,15,20,0,1
20026,1,13,8,0,0
20029,1,15,14,0,1
20046,1,13,18,0,0
20047,1,15,5,0,1
20028,1,13,9,0,0
20048,1,13,19,0,0
20049,1,15,4,0,1
20042,1,13,16,0,0
20043,1,15,7,0,1
20044,1,13,17,0,0
20045,1,15,6,0,1
20030,1,13,10,0,0
20052,1,13,21,0,0
20051,1,15,3,0,1
20050,1,13,20,0,0
20016,1,13,7,0,0
21189,1,15,16,0,1
20015,1,15,15,0,1
20039,1,15,9,0,1
20037,1,15,10,0,1
20056,1,13,1,0,0
20056,1,15,21,0,1
20038,1,13,14,0,0
20035,1,15,11,0,1
20053,1,15,2,0,1
20036,1,13,13,0,0
20054,1,15,1,0,1
20033,1,15,12,0,1
20034,1,13,12,0,0
20110,1,13,6,0,0
20057,1,15,22,0,1
20031,1,15,13,0,1
20058,1,15,23,0,1
20032,1,13,11,0,0
20107,4,18,19,0,1
20192,4,19,17,0,0
20182,4,19,14,0,0
20193,4,18,23,0,1
20181,4,19,12,0,0
20194,4,19,18,0,0
20184,4,19,15,0,0
20195,4,18,22,0,1
20197,4,18,14,0,1
20185,4,18,25,0,1
20196,4,19,24,0,0
20002,4,19,20,0,0
20199,4,18,13,0,1
20208,4,18,9,0,1
20209,4,19,32,0,0
20198,4,19,25,0,0
20188,4,19,16,0,0
20004,4,18,18,0,1
20189,4,18,24,0,1
20206,4,18,10,0,1
20207,4,19,31,0,0
20204,4,18,11,0,1
20205,4,19,30,0,0
20202,4,19,28,0,0
20203,4,19,29,0,0
20200,4,19,26,0,0
20201,4,19,27,0,0
20236,4,19,37,0,0
20235,4,18,3,0,1
20232,4,19,36,0,0
20231,4,18,4,0,1
20173,4,18,28,0,1
21162,4,18,26,0,1
20172,4,19,10,0,0
21161,4,19,13,0,0
20171,4,18,29,0,1
21160,4,19,11,0,0
20176,4,19,1,0,0
20175,4,18,27,0,1
20178,4,19,2,0,0
20075,4,19,9,0,0
20162,4,18,31,0,1
20161,4,19,7,0,0
20228,4,19,35,0,0
20835,4,18,32,0,1
20020,4,18,20,0,1
20836,4,19,5,0,0
20837,4,18,33,0,1
20227,4,18,5,0,1
20838,4,19,4,0,0
20831,4,18,35,0,1
20163,4,19,8,0,0
20164,4,18,30,0,1
20165,4,17,14,0,1
20027,4,18,15,0,1
20026,4,19,23,0,0
20834,4,19,6,0,0
20221,4,19,38,0,0
20830,4,19,3,0,0
20224,4,18,12,0,1
20068,4,19,1,0,0
20222,4,18,2,0,1
20223,4,18,1,0,1
20839,4,18,34,0,1
20016,4,19,22,0,0
21189,4,18,17,0,1
20015,4,18,16,0,1
20842,4,19,2,0,0
20843,4,18,36,0,1
20019,4,19,19,0,0
20669,4,18,21,0,1
20210,4,18,8,0,1
20211,4,19,33,0,0
20110,4,19,21,0,0
20212,4,18,7,0,1
20213,4,19,34,0,0
20214,4,18,6,0,1
20384,5,32,3,0,0
20383,5,41,28,0,1
20386,5,32,2,0,0
20105,5,30,1,0,1
20385,5,41,29,0,1
20388,5,32,1,0,0
20387,5,41,30,0,1
20109,5,32,16,0,0
20389,5,32,20,0,0
20093,5,32,9,0,0
20341,5,30,6,0,1
20094,5,30,20,0,1
20342,5,32,23,0,0
20340,5,32,24,0,0
20346,5,30,9,0,1
20380,5,32,1,0,0
20001,5,30,14,0,1
20343,5,30,7,0,1
20382,5,32,4,0,0
20344,5,30,8,0,1
20375,5,30,25,0,1
20374,5,32,4,0,0
20373,5,30,24,0,1
20372,5,32,5,0,0
20379,5,30,27,0,1
20378,5,32,2,0,0
20377,5,30,26,0,1
20376,5,32,3,0,0
20330,5,32,15,0,0
20370,5,32,6,0,0
20371,5,30,23,0,1
20334,5,30,2,0,1
20336,5,30,3,0,1
20337,5,30,4,0,1
20338,5,32,25,0,0
20339,5,30,5,0,1
20061,5,30,13,0,1
20369,5,30,22,0,1
20366,5,32,8,0,0
20365,5,30,19,0,1
20368,5,32,7,0,0
20367,5,30,21,0,1
20362,5,32,11,0,0
20361,5,30,17,0,1
20364,5,32,10,0,0
20363,5,30,18,0,1
20360,5,32,12,0,0
20359,5,30,16,0,1
20394,5,32,28,0,0
20358,5,32,13,0,0
20395,5,32,29,0,0
20295,5,32,19,0,0
20296,5,30,10,0,1
20290,5,30,15,0,1
20012,5,32,17,0,0
20292,5,30,11,0,1
20014,5,32,18,0,0
20291,5,32,14,0,0
20013,5,30,12,0,1
20393,5,32,27,0,0
20392,5,32,26,0,0
20391,5,32,22,0,0
20390,5,32,21,0,0
20100,3,12,29,0,1
20102,3,12,28,0,1
20107,3,12,25,0,1
20197,3,12,20,0,1
20196,3,43,23,0,0
20063,3,43,3,0,0
20160,3,12,6,0,1
20165,3,12,27,0,1
21054,3,43,1,0,0
20064,3,12,43,0,1
20065,3,43,4,0,0
20066,3,12,42,0,1
20067,3,43,37,0,0
20069,3,12,40,0,1
20151,3,12,2,0,1
20150,3,12,1,0,1
20158,3,12,5,0,1
20159,3,43,33,0,0
20156,3,12,4,0,1
20157,3,43,34,0,0
20154,3,12,3,0,1
21189,3,12,23,0,1
20155,3,43,35,0,0
20152,3,43,37,0,0
20153,3,43,36,0,0
20140,3,43,39,0,0
20098,3,43,16,0,0
20097,3,12,30,0,1
20099,3,43,17,0,0
20093,3,12,32,0,1
20853,3,43,8,0,0
20094,3,43,14,0,0
20854,3,43,2,0,0
20095,3,12,31,0,1
20096,3,43,15,0,0
20858,3,12,44,0,1
20090,3,43,12,0,0
20091,3,12,33,0,1
20859,3,43,1,0,0
20092,3,43,13,0,0
20142,3,43,40,0,0
20141,3,12,4,0,1
20144,3,43,41,0,0
20143,3,12,3,0,1
20850,3,43,33,0,0
20145,3,12,2,0,1
20851,3,12,10,0,1
20148,3,12,6,0,1
20009,3,43,19,0,0
20852,3,12,38,0,1
20008,3,12,24,0,1
20866,3,53,41,0,1
20867,3,43,5,0,0
20864,3,43,3,0,0
20139,3,12,5,0,1
20865,3,43,2,0,0
20138,3,43,38,0,0
20133,3,12,8,0,1
20132,3,43,35,0,0
20131,3,12,9,0,1
20130,3,43,34,0,0
20862,3,52,45,0,1
20863,3,43,2,0,0
20135,3,12,7,0,1
20134,3,43,36,0,0
20861,3,43,4,0,0
20076,3,43,1,0,0
20078,3,42,43,0,1
20077,3,43,2,0,0
20828,3,43,1,0,0
20079,3,42,42,0,1
20020,3,12,26,0,1
20070,3,43,6,0,0
20071,3,42,41,0,1
20128,3,43,32,0,0
20127,3,12,12,0,1
20072,3,43,5,0,0
20024,3,43,18,0,0
20790,3,12,1,0,1
20073,3,12,41,0,1
20027,3,12,21,0,1
20129,3,12,11,0,1
20074,3,42,44,0,1
20026,3,43,22,0,0
20124,3,43,30,0,0
20123,3,12,14,0,1
20126,3,43,31,0,0
20125,3,12,13,0,1
20120,3,43,28,0,0
20122,3,43,29,0,0
20121,3,12,15,0,1
20089,3,12,34,0,1
20088,3,43,11,0,0
20087,3,12,35,0,1
20086,3,43,10,0,0
20080,3,43,3,0,0
20081,3,12,39,0,1
20119,3,12,16,0,1
20084,3,43,9,0,0
20016,3,43,21,0,0
20085,3,12,36,0,1
20015,3,12,22,0,1
20118,3,43,27,0,0
20117,3,12,17,0,1
20082,3,43,7,0,0
20083,3,12,37,0,1
20116,3,43,26,0,0
20115,3,12,18,0,1
20019,3,2,1,0,0
20114,3,43,25,0,0
20113,3,12,19,0,1
20112,3,43,24,0,0
20110,3,43,20,0,0
20063,83,2,3,0,0
20365,83,12,7,0,1
20362,83,2,14,0,0
20361,83,12,5,0,1
20109,83,2,19,0,0
20364,83,2,13,0,0
20363,83,12,6,0,1
20853,83,2,8,0,0
20854,83,2,2,0,0
20360,83,2,15,0,0
20070,83,2,6,0,0
20090,83,2,12,0,0
20858,83,12,18,0,1
20072,83,2,5,0,0
20073,83,12,15,0,1
20064,83,2,1,0,0
20064,83,12,17,0,1
21054,83,2,1,0,0
20065,83,2,4,0,0
20066,83,12,16,0,1
20069,83,12,14,0,1
20852,83,12,12,0,1
20008,83,12,1,0,1
20359,83,12,4,0,1
20358,83,2,16,0,0
20089,83,12,8,0,1
20088,83,2,11,0,0
20087,83,12,9,0,1
20086,83,2,10,0,0
20290,83,12,3,0,1
20081,83,12,13,0,1
20330,83,2,18,0,0
20331,83,12,2,0,1
20084,83,2,9,0,0
20085,83,12,10,0,1
20082,83,2,7,0,0
20291,83,2,17,0,0
20083,83,12,11,0,1
20439,6,1,28,0,0
20436,6,2,5,0,1
20435,6,1,25,0,0
20438,6,2,3,0,1
20437,6,1,26,0,0
20432,6,1,24,0,0
20431,6,2,8,0,1
20434,6,2,6,0,1
21101,6,1,22,0,0
20433,6,2,7,0,1
21102,6,2,9,0,1
20430,6,1,23,0,0
20009,6,1,1,0,0
20400,6,1,7,0,0
20401,6,2,24,0,1
20408,6,1,11,0,0
20409,6,2,20,0,1
20406,6,1,10,0,0
20407,6,2,21,0,1
20442,6,2,1,0,1
20404,6,1,9,0,0
20441,6,1,29,0,0
20405,6,2,22,0,1
20440,6,2,2,0,1
20402,6,1,8,0,0
20403,6,2,23,0,1
20410,6,1,12,0,0
20411,6,2,19,0,1
20412,6,2,18,0,1
20413,6,1,13,0,0
20414,6,2,17,0,1
20415,6,1,14,0,0
20416,6,2,16,0,1
21190,6,2,29,0,1
20417,6,1,15,0,0
20418,6,2,15,0,1
20419,6,1,16,0,0
21191,6,1,3,0,0
20398,6,1,6,0,0
20399,6,2,25,0,1
20422,6,1,18,0,0
20397,6,2,26,0,1
20423,6,2,13,0,1
20420,6,2,14,0,1
20421,6,1,17,0,0
20426,6,1,20,0,0
21081,6,1,27,0,0
20427,6,2,11,0,1
20424,6,1,19,0,0
20295,6,1,4,0,0
20296,6,2,27,0,1
21080,6,2,4,0,1
20425,6,2,12,0,1
20428,6,1,21,0,0
20429,6,2,10,0,1
21189,6,2,30,0,1
20292,6,2,28,0,1
20017,6,1,5,0,0
20110,6,1,2,0,0
20100,8,11,28,0,1
20102,8,11,27,0,1
20384,8,11,35,0,1
20107,8,11,24,0,1
20470,8,9,7,0,0
20383,8,9,3,0,0
20386,8,11,34,0,1
20106,8,9,2,0,0
20385,8,9,4,0,0
20192,8,2,17,0,1
20388,8,11,33,0,1
20387,8,9,5,0,0
20194,8,2,18,0,1
20099,8,9,11,0,0
20478,8,9,16,0,0
20475,8,11,30,0,1
20500,8,11,5,0,1
20476,8,9,1,0,0
20473,8,11,31,0,1
20380,8,9,2,0,0
20474,8,9,9,0,0
20471,8,11,32,0,1
20382,8,11,36,0,1
20472,8,9,8,0,0
20506,8,11,3,0,1
20505,8,9,29,0,0
20508,8,11,1,0,1
20507,8,9,30,0,0
20501,8,9,28,0,0
20009,8,9,13,0,0
20504,8,11,4,0,1
20008,8,11,23,0,1
20481,8,9,17,0,0
20480,8,11,16,0,1
20486,8,11,13,0,1
20487,8,9,20,0,0
20488,8,9,21,0,0
20489,8,11,12,0,1
20482,8,11,15,0,1
20483,8,9,18,0,0
20484,8,11,14,0,1
20485,8,9,19,0,0
20136,8,9,10,0,0
20516,8,11,18,0,1
20518,8,11,29,0,1
20519,8,11,37,0,1
20459,8,10,38,0,1
20512,8,9,23,0,0
20513,8,11,10,0,1
20514,8,11,17,0,1
20510,8,11,2,0,1
20454,8,9,1,0,0
21190,8,11,21,0,1
20492,8,11,9,0,1
20491,8,11,11,0,1
20490,8,9,22,0,0
21191,8,9,15,0,0
20495,8,9,25,0,0
20020,8,11,25,0,1
20496,8,11,7,0,1
20493,8,9,24,0,0
20494,8,11,8,0,1
20499,8,9,27,0,0
20024,8,9,12,0,0
20165,8,11,26,0,1
20497,8,9,26,0,0
20498,8,11,6,0,1
20469,8,10,33,0,1
20468,8,9,6,0,0
20463,8,9,4,0,0
20462,8,10,36,0,1
20461,8,9,3,0,0
20460,8,10,37,0,1
20467,8,10,34,0,1
20466,8,9,6,0,0
20465,8,9,5,0,0
20464,8,10,35,0,1
20350,8,11,19,0,1
21189,8,11,22,0,1
20292,8,11,20,0,1
20019,8,2,1,0,0
20019,8,2,19,0,1
20110,8,9,14,0,0
21204,10,45,1,0,0
20107,10,15,21,0,1
21101,10,45,22,0,0
21190,10,15,18,0,1
21102,10,15,3,0,1
20418,10,15,8,0,1
21095,10,15,1,0,1
20559,10,15,9,0,1
20558,10,45,16,0,0
20389,10,45,9,0,0
21191,10,45,7,0,0
20021,10,45,1,0,0
20341,10,15,12,0,1
20020,10,15,22,0,1
20342,10,45,12,0,0
20002,10,45,5,0,0
20023,10,45,3,0,0
20022,10,45,2,0,0
20004,10,15,20,0,1
20340,10,45,13,0,0
20024,10,45,4,0,0
20346,10,15,15,0,1
20165,10,15,23,0,1
20343,10,15,13,0,1
20344,10,15,14,0,1
20147,10,15,6,0,1
20565,10,45,17,0,0
20564,10,45,19,0,0
20561,10,45,18,0,0
20560,10,15,7,0,1
20426,10,45,20,0,0
20427,10,15,5,0,1
20295,10,45,8,0,0
20296,10,15,16,0,1
21219,10,45,23,0,0
21219,10,15,2,0,1
20428,10,45,21,0,0
20429,10,15,4,0,1
21166,10,45,15,0,0
21164,10,45,14,0,0
21165,10,15,10,0,1
21189,10,15,19,0,1
20292,10,15,17,0,1
20056,10,15,24,0,1
20391,10,45,11,0,0
20339,10,15,11,0,1
20390,10,45,10,0,0
20110,10,45,6,0,0
20057,10,15,25,0,1
20058,10,15,26,0,1
21106,36,4,4,0,1
21107,36,5,8,0,0
21108,36,5,9,0,0
21109,36,4,3,0,1
20103,36,4,1,0,1
21185,36,5,4,0,0
21170,36,5,5,0,0
20829,36,5,1,0,0
21171,36,4,7,0,1
21104,36,4,5,0,1
21105,36,5,7,0,0
20846,36,4,2,0,1
20847,36,5,10,0,0
20831,36,4,9,0,1
20844,36,5,2,0,0
20832,36,4,6,0,1
20845,36,4,10,0,1
20833,36,5,6,0,0
21186,36,4,8,0,1
20830,36,5,3,0,0
20245,12,28,5,0,0
20245,12,5,37,0,1
20244,12,5,38,0,1
20247,12,5,36,0,1
20246,12,28,5,0,0
20436,12,5,1,0,1
20103,12,28,1,0,0
20241,12,28,4,0,0
20435,12,28,35,0,0
20240,12,5,38,0,1
20243,12,5,39,0,1
20102,12,58,20,0,1
20242,12,5,37,0,1
20107,12,5,26,0,1
20434,12,5,2,0,1
20192,12,28,12,0,0
20182,12,28,9,0,0
20193,12,5,30,0,1
20194,12,28,13,0,0
20184,12,28,10,0,0
20195,12,5,29,0,1
20306,12,5,15,0,1
20185,12,5,32,0,1
20002,12,28,15,0,0
20303,12,58,12,0,1
20188,12,28,11,0,0
20004,12,5,25,0,1
20189,12,5,31,0,1
20307,12,28,24,0,0
20637,12,5,33,0,1
20633,12,5,35,0,1
20634,12,28,7,0,0
20300,12,58,13,0,1
20635,12,5,34,0,1
20636,12,28,8,0,0
21156,12,28,21,0,0
21155,12,5,18,0,1
21154,12,28,20,0,0
21153,12,5,19,0,1
21157,12,5,17,0,1
20441,12,28,32,0,0
20440,12,5,5,0,1
20239,12,28,3,0,0
20238,12,28,2,0,0
20642,12,28,23,0,0
20643,12,5,16,0,1
20641,12,28,22,0,0
20649,12,5,11,0,1
21068,12,58,18,0,1
20647,12,5,12,0,1
20644,12,28,25,0,0
20680,12,58,19,0,1
20645,12,5,13,0,1
21190,12,5,23,0,1
21191,12,28,17,0,0
20167,12,28,6,0,0
20020,12,5,27,0,1
21398,12,28,30,0,0
20754,12,28,26,0,0
21399,12,5,7,0,1
20652,12,28,27,0,0
20653,12,5,10,0,1
20654,12,5,9,0,1
20655,12,28,28,0,0
20656,12,28,29,0,0
20657,12,5,8,0,1
20658,12,28,31,0,0
20659,12,5,6,0,1
20297,12,5,20,0,1
20298,12,28,19,0,0
20296,12,5,21,0,1
20660,12,28,33,0,0
20661,12,5,4,0,1
20294,12,28,18,0,0
21189,12,5,24,0,1
20662,12,28,34,0,0
20292,12,5,22,0,1
20663,12,5,3,0,1
20019,12,28,14,0,0
20669,12,5,28,0,1
20667,12,5,14,0,1
20110,12,28,16,0,0
20534,9,22,9,0,1
20535,9,21,22,0,0
20536,9,22,10,0,1
20537,9,21,21,0,0
20538,9,22,11,0,1
20539,9,21,20,0,0
20530,9,22,7,0,1
20531,9,21,24,0,0
20109,9,21,14,0,0
20532,9,22,8,0,1
20533,9,21,23,0,0
20478,9,21,17,0,0
20001,9,22,20,0,1
20030,9,22,23,0,1
20547,9,21,6,0,0
20548,9,22,28,0,1
20545,9,21,7,0,0
20546,9,22,27,0,1
20549,9,21,5,0,0
20540,9,22,12,0,1
20543,9,21,18,0,0
20544,9,22,26,0,1
20541,9,21,19,0,0
20542,9,22,13,0,1
20330,9,21,13,0,0
20037,9,21,8,0,0
20035,9,21,9,0,0
20033,9,21,10,0,0
20137,9,22,1,0,1
20034,9,22,25,0,1
20031,9,21,11,0,0
20032,9,22,24,0,1
20553,9,21,3,0,0
20516,9,22,15,0,1
20552,9,22,30,0,1
20555,9,21,2,0,0
20554,9,22,31,0,1
20061,9,22,19,0,1
20551,9,21,4,0,0
20514,9,22,14,0,1
20550,9,22,29,0,1
20556,9,21,1,0,0
20029,9,21,12,0,0
20028,9,22,22,0,1
20529,9,21,25,0,0
20527,9,21,26,0,0
20528,9,22,6,0,1
20525,9,21,27,0,0
20526,9,22,5,0,1
20523,9,21,28,0,0
20524,9,22,4,0,1
20521,9,21,29,0,0
20522,9,22,3,0,1
20520,9,22,2,0,1
20350,9,22,16,0,1
20290,9,22,21,0,1
20012,9,21,15,0,0
20014,9,21,16,0,0
20292,9,22,17,0,1
20013,9,22,18,0,1
20601,11,2,19,0,1
20571,11,2,10,0,1
20807,11,2,3,0,1
20600,11,63,15,0,0
20603,11,2,20,0,1
20573,11,2,9,0,1
20602,11,63,14,0,0
20605,11,2,21,0,1
20575,11,2,8,0,1
20604,11,63,13,0,0
20607,11,2,22,0,1
20577,11,2,6,0,1
20576,11,2,7,0,1
20606,11,63,12,0,0
20579,11,2,5,0,1
20007,11,63,1,0,0
20584,11,2,2,0,1
20030,11,63,4,0,0
20588,11,63,20,0,0
20587,11,2,13,0,1
20586,11,63,21,0,0
20589,11,2,14,0,1
20330,11,2,32,0,1
20039,11,2,26,0,1
20037,11,2,27,0,1
20035,11,2,28,0,1
20036,11,63,7,0,0
20033,11,2,29,0,1
20580,11,2,4,0,1
20034,11,63,6,0,0
20031,11,2,30,0,1
20032,11,63,5,0,0
20591,11,2,15,0,1
20590,11,63,19,0,0
20166,11,2,1,0,1
20029,11,2,31,0,1
20598,11,63,16,0,0
20599,11,2,18,0,1
20028,11,63,3,0,0
20596,11,63,17,0,0
20597,11,2,17,0,1
20592,11,63,18,0,0
20593,11,2,16,0,1
20566,11,63,22,0,0
20614,11,63,8,0,0
20613,11,2,25,0,1
20612,11,63,9,0,0
20611,11,2,24,0,1
20610,11,63,10,0,0
20569,11,2,11,0,1
20567,11,2,12,0,1
20290,11,63,2,0,0
20608,11,63,11,0,0
20609,11,2,23,0,1
20516,13,2,9,0,1
20627,13,24,14,0,0
20626,13,24,13,0,0
20629,13,25,15,0,0
20629,13,2,1,0,1
20061,13,2,13,0,1
20623,13,24,10,0,0
20625,13,24,12,0,0
20514,13,2,8,0,1
20624,13,24,11,0,0
20621,13,24,9,0,0
20620,13,24,8,0,0
20478,13,24,3,0,0
20630,13,25,16,0,0
20630,13,2,2,0,1
20169,13,68,3,0,0
20631,13,68,2,0,0
20631,13,2,2,0,1
20632,13,68,1,0,0
20632,13,2,1,0,1
20937,13,68,5,0,0
20936,13,25,5,0,0
20619,13,2,3,0,1
20813,13,25,1,0,0
20815,13,25,2,0,0
20618,13,24,7,0,0
20617,13,2,4,0,1
20616,13,24,6,0,0
20996,13,25,2,0,0
20615,13,2,5,0,1
20540,13,2,6,0,1
20938,13,25,4,0,0
20939,13,68,6,0,0
20543,13,24,4,0,0
20541,13,24,5,0,0
20350,13,2,10,0,1
20542,13,2,7,0,1
20012,13,24,1,0,0
20012,13,64,1,0,1
20942,13,25,1,0,0
20941,13,68,7,0,0
20292,13,2,11,0,1
20014,13,24,2,0,0
20013,13,2,12,0,1
20940,13,25,3,0,0
20627,95,14,16,0,1
20626,95,14,15,0,1
20536,95,67,12,0,0
20629,95,14,17,0,1
20537,95,14,9,0,1
20538,95,67,13,0,0
20539,95,14,8,0,1
20625,95,14,14,0,1
20621,95,67,2,0,0
20192,95,67,17,0,0
20193,95,14,4,0,1
20194,95,67,18,0,0
20195,95,14,3,0,1
20630,95,14,18,0,1
20631,95,14,20,0,1
20169,95,67,1,0,0
20632,95,67,3,0,0
20632,95,14,19,0,1
20678,95,67,16,0,0
20677,95,14,10,0,1
20024,95,14,1,0,1
20165,95,67,19,0,0
20679,95,14,5,0,1
20674,95,67,10,0,0
20673,95,14,12,0,1
20676,95,67,11,0,0
20812,95,14,6,0,1
20811,95,67,15,0,0
20675,95,14,11,0,1
20670,95,67,8,0,0
20672,95,67,9,0,0
20671,95,14,13,0,1
20540,95,67,14,0,0
20541,95,14,7,0,1
20170,95,67,7,0,0
20669,95,14,2,0,1
20686,95,67,4,0,0
20685,95,67,5,0,0
20684,95,67,6,0,0
20458,7,71,13,0,0
20100,7,71,6,0,0
20102,7,71,5,0,0
20107,7,71,2,0,0
20450,7,2,4,0,1
20452,7,2,10,0,1
20451,7,71,14,0,0
20098,7,2,11,0,1
20454,7,71,16,0,0
20453,7,71,8,0,0
20097,7,71,7,0,0
20099,7,2,12,0,1
20020,7,71,3,0,0
20024,7,2,13,0,1
20165,7,71,4,0,0
21077,7,2,5,0,1
20008,7,71,1,0,0
20449,7,71,15,0,0
20448,7,71,17,0,0
20447,7,71,18,0,0
20375,7,71,10,0,0
20445,7,2,3,0,1
20374,7,2,8,0,1
20373,7,71,9,0,0
20443,7,2,2,0,1
20372,7,2,9,0,1
20379,7,71,12,0,0
20378,7,2,6,0,1
20377,7,71,11,0,0
20376,7,2,7,0,1
20018,7,2,1,0,1
20245,20,2,5,0,0
20439,20,51,24,0,0
20247,20,5,14,0,1
20246,20,2,6,0,0
20241,20,2,4,0,0
20103,20,2,1,0,0
20435,20,51,21,0,0
20240,20,5,16,0,1
20437,20,51,22,0,0
20242,20,5,15,0,1
20432,20,51,20,0,0
20107,20,5,2,0,1
20431,20,2,5,0,1
20433,20,2,4,0,1
21101,20,51,18,0,0
21102,20,2,6,0,1
20182,20,2,8,0,0
20192,20,2,11,0,0
20193,20,5,6,0,1
20181,20,5,9,0,1
20430,20,51,19,0,0
20184,20,2,9,0,0
20194,20,2,12,0,0
20195,20,5,5,0,1
20306,20,2,14,0,1
20185,20,5,8,0,1
20002,20,51,1,0,0
20004,20,5,1,0,1
20188,20,2,10,0,0
20189,20,5,7,0,1
20309,20,51,11,0,0
20307,20,51,10,0,0
20633,20,5,13,0,1
20635,20,5,12,0,1
20636,20,2,7,0,0
21156,20,51,7,0,0
21155,20,2,17,0,1
21154,20,51,6,0,0
21153,20,2,18,0,1
21157,20,2,16,0,1
20441,20,2,1,0,1
20239,20,2,3,0,0
20238,20,2,2,0,0
20176,20,5,11,0,1
20642,20,51,9,0,0
20643,20,2,15,0,1
20174,20,5,10,0,1
20641,20,51,8,0,0
20647,20,2,11,0,1
21190,20,2,22,0,1
21191,20,51,3,0,0
20020,20,5,3,0,1
20754,20,2,12,0,1
20422,20,51,14,0,0
20423,20,2,10,0,1
20421,20,51,13,0,0
20297,20,2,19,0,1
21081,20,51,23,0,0
20426,20,51,16,0,0
20427,20,2,8,0,1
20298,20,51,5,0,0
20424,20,51,15,0,0
20296,20,2,20,0,1
20425,20,2,9,0,1
20428,20,51,17,0,0
20429,20,2,7,0,1
20310,20,2,13,0,1
20660,20,2,2,0,1
20311,20,51,12,0,0
20294,20,51,4,0,0
21189,20,2,23,0,1
20292,20,2,21,0,1
20662,20,2,3,0,1
20669,20,5,4,0,1
20019,20,2,13,0,0
20110,20,51,2,0,0
20100,63,57,11,0,1
20107,63,57,2,0,1
21101,63,45,18,0,0
21102,63,2,1,0,1
20098,63,2,4,0,0
20097,63,57,12,0,1
20099,63,2,5,0,0
20093,63,57,14,0,1
20306,63,2,9,0,1
20002,63,59,1,0,0
20094,63,2,2,0,0
20095,63,57,13,0,1
20004,63,57,1,0,1
20096,63,2,3,0,0
20307,63,59,10,0,0
20092,63,2,1,0,0
21156,63,59,7,0,0
21155,63,2,12,0,1
21154,63,59,6,0,0
21153,63,2,13,0,1
21157,63,2,11,0,1
21219,63,45,19,0,0
21219,63,2,2,0,1
20642,63,59,9,0,0
20643,63,2,10,0,1
20641,63,59,8,0,0
20647,63,2,6,0,1
20644,63,59,11,0,0
20645,63,2,7,0,1
21190,63,2,17,0,1
21095,63,2,1,0,1
21191,63,59,3,0,0
20021,63,2,8,0,0
20021,63,57,8,0,1
20020,63,57,3,0,1
20023,63,2,10,0,0
20023,63,57,10,0,1
20022,63,2,9,0,0
20022,63,57,9,0,1
20754,63,59,12,0,0
20024,63,2,11,0,0
20165,63,57,4,0,1
20422,63,59,14,0,0
20423,63,2,5,0,1
20421,63,59,13,0,0
20297,63,2,14,0,1
20426,63,59,16,0,0
20298,63,59,5,0,0
20427,63,2,3,0,1
20424,63,59,15,0,0
20296,63,2,15,0,1
20425,63,2,4,0,1
20428,63,59,17,0,0
20429,63,2,2,0,1
20294,63,59,4,0,0
21189,63,2,18,0,1
20292,63,2,16,0,1
20056,63,57,5,0,1
20667,63,2,8,0,1
20110,63,59,2,0,0
20057,63,2,6,0,0
20057,63,57,6,0,1
20058,63,2,7,0,0
20058,63,57,7,0,1
20896,97,47,6,0,1
20895,97,70,3,0,0
20271,97,70,1,0,0
20894,97,47,5,0,1
20893,97,70,4,0,0
20892,97,47,4,0,1
21051,97,47,1,0,1
20891,97,70,5,0,0
20890,97,47,3,0,1
20887,97,70,7,0,0
21412,97,70,2,0,0
21412,97,47,7,0,1
20889,97,70,6,0,0
20888,97,47,2,0,1
20703,15,54,5,0,0
20704,15,22,21,0,1
20262,15,54,3,0,0
20705,15,54,2,0,0
20700,15,22,17,0,1
20701,15,54,6,0,0
20702,15,22,18,0,1
20180,15,22,7,0,1
20556,15,54,1,0,0
20228,15,22,1,0,1
20699,15,54,7,0,0
20283,15,22,13,0,1
20282,15,54,10,0,0
20692,15,54,11,0,0
20694,15,54,9,0,0
20048,15,22,4,0,1
20049,15,54,18,0,0
20693,15,22,12,0,1
20696,15,54,8,0,0
20695,15,22,14,0,1
20260,15,54,4,0,0
20698,15,22,16,0,1
20697,15,22,15,0,1
20261,15,22,19,0,1
20547,15,22,11,0,1
20236,15,22,3,0,1
20235,15,54,19,0,0
20548,15,54,13,0,0
20546,15,54,12,0,0
20052,15,22,6,0,1
20232,15,22,2,0,1
20231,15,54,20,0,0
20051,15,54,17,0,0
20549,15,22,10,0,1
20050,15,22,5,0,1
20610,15,54,14,0,0
20707,15,22,20,0,1
20708,15,22,9,0,1
20688,15,54,15,0,0
20687,15,22,8,0,1
20053,15,54,16,0,0
21155,77,3,4,0,0
21153,77,3,5,0,0
21157,77,3,3,0,0
20639,77,3,2,0,0
21195,77,3,1,0,0
20740,60,55,7,0,1
20741,60,55,8,0,1
20061,60,55,4,0,1
20737,60,55,5,0,1
20736,60,29,7,0,0
20735,60,55,6,0,1
20717,60,29,3,0,0
20716,60,29,2,0,0
20734,60,29,6,0,0
20718,60,29,4,0,0
20719,60,29,5,0,0
20025,60,29,8,0,0
20014,60,29,9,0,0
20013,60,55,2,0,1
20668,60,29,1,0,0
20752,60,55,3,0,1
21152,60,55,1,0,1
21079,60,55,9,0,1
20063,41,26,7,0,0
21082,41,26,5,0,0
20900,41,26,6,0,0
20901,41,37,4,0,1
20906,41,26,1,0,0
20902,41,26,3,0,0
20903,41,37,7,0,1
21083,41,37,5,0,1
20904,41,26,2,0,0
20904,41,37,8,0,1
20073,41,37,1,0,1
21004,41,26,4,0,0
20064,41,37,3,0,1
20065,41,26,8,0,0
20066,41,37,2,0,1
21005,41,37,6,0,1
21042,99,16,4,0,1
21041,99,31,2,0,0
21003,99,16,2,0,1
21000,99,31,3,0,0
21002,99,31,4,0,0
20907,99,31,1,0,0
21001,99,16,3,0,1
20852,99,16,1,0,1
21029,40,23,4,0,1
21030,40,26,2,0,0
20073,40,23,1,0,1
20076,40,26,4,0,0
20076,40,23,2,0,1
20899,40,26,1,0,0
20898,40,26,3,0,0
20897,40,23,3,0,1
