arret_id,trajet_id,heure_depart,stop_sequence,terminus
20942,2379914,425,1,0
20996,2379914,425,2,0
20940,2379914,426,3,0
20938,2379914,428,4,0
20936,2379914,428,5,0
21007,2379914,431,6,0
20815,2379914,433,7,0
20619,2379914,435,8,0
20617,2379914,435,9,0
20615,2379914,437,10,0
20540,2379914,438,11,0
20542,2379914,441,12,0
20514,2379914,444,13,0
20516,2379914,445,14,0
20350,2379914,446,15,0
21239,2379914,446,16,0
21152,2379914,449,17,0
21206,2379914,450,18,1
21207,2379913,1185,1,0
21150,2379913,1186,2,0
20349,2379913,1188,3,0
20478,2379913,1189,4,0
20543,2379913,1192,5,0
20541,2379913,1194,6,0
20616,2379913,1194,7,0
20618,2379913,1196,8,0
20620,2379913,1196,9,0
20169,2379913,1198,10,0
21008,2379913,1200,11,0
20937,2379913,1203,12,0
20939,2379913,1204,13,0
20941,2379913,1206,14,0
20942,2379913,1207,15,1
20942,2379916,1092,1,0
20996,2379916,1092,2,0
20940,2379916,1093,3,0
20938,2379916,1095,4,0
20936,2379916,1095,5,0
21007,2379916,1098,6,0
20815,2379916,1100,7,0
20619,2379916,1102,8,0
20617,2379916,1102,9,0
20615,2379916,1104,10,0
20540,2379916,1105,11,0
20542,2379916,1108,12,0
20514,2379916,1111,13,0
20516,2379916,1112,14,0
20350,2379916,1113,15,0
21239,2379916,1113,16,0
21152,2379916,1116,17,0
21206,2379916,1117,18,1
20942,2379915,490,1,0
20996,2379915,490,2,0
20940,2379915,491,3,0
20938,2379915,493,4,0
20936,2379915,493,5,0
21007,2379915,496,6,0
20815,2379915,498,7,0
20619,2379915,500,8,0
20617,2379915,500,9,0
20615,2379915,502,10,0
20540,2379915,503,11,0
20542,2379915,506,12,0
20514,2379915,509,13,0
20516,2379915,510,14,0
20350,2379915,511,15,0
21239,2379915,511,16,0
21152,2379915,514,17,0
21206,2379915,515,18,1
21207,2379918,460,1,0
21150,2379918,461,2,0
20349,2379918,463,3,0
20478,2379918,464,4,0
20543,2379918,467,5,0
20541,2379918,469,6,0
20616,2379918,469,7,0
20618,2379918,471,8,0
20620,2379918,471,9,0
20169,2379918,473,10,0
21008,2379918,475,11,0
20937,2379918,478,12,0
20939,2379918,479,13,0
20941,2379918,481,14,0
20942,2379918,482,15,1
21207,2379917,525,1,0
21150,2379917,526,2,0
20349,2379917,528,3,0
20478,2379917,529,4,0
20543,2379917,532,5,0
20541,2379917,534,6,0
20616,2379917,534,7,0
20618,2379917,536,8,0
20620,2379917,536,9,0
20169,2379917,538,10,0
21008,2379917,540,11,0
20937,2379917,543,12,0
20939,2379917,544,13,0
20941,2379917,546,14,0
20942,2379917,547,15,1
21207,2379919,1065,1,0
21150,2379919,1066,2,0
20349,2379919,1068,3,0
20478,2379919,1069,4,0
20543,2379919,1072,5,0
20541,2379919,1074,6,0
20616,2379919,1074,7,0
20618,2379919,1076,8,0
20620,2379919,1076,9,0
20169,2379919,1078,10,0
21008,2379919,1080,11,0
20937,2379919,1083,12,0
20939,2379919,1084,13,0
20941,2379919,1086,14,0
20942,2379919,1087,15,1
20942,2379927,790,1,0
20996,2379927,790,2,0
20940,2379927,791,3,0
20938,2379927,793,4,0
20936,2379927,793,5,0
21007,2379927,796,6,0
20815,2379927,798,7,0
20619,2379927,800,8,0
20617,2379927,800,9,0
20615,2379927,802,10,0
20540,2379927,803,11,0
20542,2379927,806,12,0
20514,2379927,809,13,0
20516,2379927,810,14,0
20350,2379927,811,15,0
21239,2379927,811,16,0
21152,2379927,814,17,0
21206,2379927,815,18,1
20942,2379926,730,1,0
20996,2379926,730,2,0
20940,2379926,731,3,0
20938,2379926,733,4,0
20936,2379926,733,5,0
21007,2379926,736,6,0
20815,2379926,738,7,0
20619,2379926,740,8,0
20617,2379926,740,9,0
20615,2379926,742,10,0
20540,2379926,743,11,0
20542,2379926,746,12,0
20514,2379926,749,13,0
20516,2379926,750,14,0
20350,2379926,751,15,0
21239,2379926,751,16,0
21152,2379926,754,17,0
21206,2379926,755,18,1
20942,2379925,670,1,0
20996,2379925,670,2,0
20940,2379925,671,3,0
20938,2379925,673,4,0
20936,2379925,673,5,0
21007,2379925,676,6,0
20815,2379925,678,7,0
20619,2379925,680,8,0
20617,2379925,680,9,0
20615,2379925,682,10,0
20540,2379925,683,11,0
20542,2379925,686,12,0
20514,2379925,689,13,0
20516,2379925,690,14,0
20350,2379925,691,15,0
21239,2379925,691,16,0
21152,2379925,694,17,0
21206,2379925,695,18,1
20942,2379924,610,1,0
20996,2379924,610,2,0
20940,2379924,611,3,0
20938,2379924,613,4,0
20936,2379924,613,5,0
21007,2379924,616,6,0
20815,2379924,618,7,0
20619,2379924,620,8,0
20617,2379924,620,9,0
20615,2379924,622,10,0
20540,2379924,623,11,0
20542,2379924,626,12,0
20514,2379924,629,13,0
20516,2379924,630,14,0
20350,2379924,631,15,0
21239,2379924,631,16,0
21152,2379924,634,17,0
21206,2379924,635,18,1
20942,2379929,910,1,0
20996,2379929,910,2,0
20940,2379929,911,3,0
20938,2379929,913,4,0
20936,2379929,913,5,0
21007,2379929,916,6,0
20815,2379929,918,7,0
20619,2379929,920,8,0
20617,2379929,920,9,0
20615,2379929,922,10,0
20540,2379929,923,11,0
20542,2379929,926,12,0
20514,2379929,929,13,0
20516,2379929,930,14,0
20350,2379929,931,15,0
21239,2379929,931,16,0
21152,2379929,934,17,0
21206,2379929,935,18,1
20942,2379928,850,1,0
20996,2379928,850,2,0
20940,2379928,851,3,0
20938,2379928,853,4,0
20936,2379928,853,5,0
21007,2379928,856,6,0
20815,2379928,858,7,0
20619,2379928,860,8,0
20617,2379928,860,9,0
20615,2379928,862,10,0
20540,2379928,863,11,0
20542,2379928,866,12,0
20514,2379928,869,13,0
20516,2379928,870,14,0
20350,2379928,871,15,0
21239,2379928,871,16,0
21152,2379928,874,17,0
21206,2379928,875,18,1
20942,2379923,550,1,0
20996,2379923,550,2,0
20940,2379923,551,3,0
20938,2379923,553,4,0
20936,2379923,553,5,0
21007,2379923,556,6,0
20815,2379923,558,7,0
20619,2379923,560,8,0
20617,2379923,560,9,0
20615,2379923,562,10,0
20540,2379923,563,11,0
20542,2379923,566,12,0
20514,2379923,569,13,0
20516,2379923,570,14,0
20350,2379923,571,15,0
21239,2379923,571,16,0
21152,2379923,574,17,0
21206,2379923,575,18,1
20942,2379922,380,1,0
20996,2379922,380,2,0
20940,2379922,381,3,0
20938,2379922,383,4,0
20936,2379922,383,5,0
21007,2379922,386,6,0
20815,2379922,388,7,0
20619,2379922,390,8,0
20617,2379922,390,9,0
20615,2379922,392,10,0
20540,2379922,393,11,0
20542,2379922,396,12,0
20514,2379922,399,13,0
20516,2379922,400,14,0
20350,2379922,401,15,0
21239,2379922,401,16,0
21152,2379922,404,17,0
21206,2379922,405,18,1
20942,2379921,320,1,0
20996,2379921,320,2,0
20940,2379921,321,3,0
20938,2379921,323,4,0
20936,2379921,323,5,0
21007,2379921,326,6,0
20815,2379921,328,7,0
20619,2379921,330,8,0
20617,2379921,330,9,0
20615,2379921,332,10,0
20540,2379921,333,11,0
20542,2379921,336,12,0
20514,2379921,339,13,0
20516,2379921,340,14,0
20350,2379921,341,15,0
21239,2379921,341,16,0
21152,2379921,344,17,0
21206,2379921,345,18,1
21207,2379920,1125,1,0
21150,2379920,1126,2,0
20349,2379920,1128,3,0
20478,2379920,1129,4,0
20543,2379920,1132,5,0
20541,2379920,1134,6,0
20616,2379920,1134,7,0
20618,2379920,1136,8,0
20620,2379920,1136,9,0
20169,2379920,1138,10,0
21008,2379920,1140,11,0
20937,2379920,1143,12,0
20939,2379920,1144,13,0
20941,2379920,1146,14,0
20942,2379920,1147,15,1
20942,2379931,1030,1,0
20996,2379931,1030,2,0
20940,2379931,1031,3,0
20938,2379931,1033,4,0
20936,2379931,1033,5,0
21007,2379931,1036,6,0
20815,2379931,1038,7,0
20619,2379931,1040,8,0
20617,2379931,1040,9,0
20615,2379931,1042,10,0
20540,2379931,1043,11,0
20542,2379931,1046,12,0
20514,2379931,1049,13,0
20516,2379931,1050,14,0
20350,2379931,1051,15,0
21239,2379931,1051,16,0
21152,2379931,1054,17,0
21206,2379931,1055,18,1
20942,2379932,1210,1,0
20996,2379932,1210,2,0
20940,2379932,1211,3,0
20938,2379932,1213,4,0
20936,2379932,1213,5,0
21007,2379932,1216,6,0
20815,2379932,1218,7,0
20619,2379932,1220,8,0
20617,2379932,1220,9,0
20615,2379932,1222,10,0
20540,2379932,1223,11,0
20542,2379932,1226,12,0
20514,2379932,1229,13,0
20516,2379932,1230,14,0
20350,2379932,1231,15,0
21239,2379932,1231,16,0
21152,2379932,1234,17,0
21206,2379932,1235,18,1
21207,2379933,375,1,0
21150,2379933,376,2,0
20349,2379933,378,3,0
20478,2379933,379,4,0
20543,2379933,382,5,0
20541,2379933,384,6,0
20616,2379933,384,7,0
20618,2379933,386,8,0
20620,2379933,386,9,0
20169,2379933,388,10,0
21008,2379933,390,11,0
20937,2379933,393,12,0
20939,2379933,394,13,0
20941,2379933,396,14,0
20942,2379933,397,15,1
21207,2379934,435,1,0
21150,2379934,436,2,0
20349,2379934,438,3,0
20478,2379934,439,4,0
20543,2379934,442,5,0
20541,2379934,444,6,0
20616,2379934,444,7,0
20618,2379934,446,8,0
20620,2379934,446,9,0
20169,2379934,448,10,0
21008,2379934,450,11,0
20937,2379934,453,12,0
20939,2379934,454,13,0
20941,2379934,456,14,0
20942,2379934,457,15,1
20942,2379930,970,1,0
20996,2379930,970,2,0
20940,2379930,971,3,0
20938,2379930,973,4,0
20936,2379930,973,5,0
21007,2379930,976,6,0
20815,2379930,978,7,0
20619,2379930,980,8,0
20617,2379930,980,9,0
20615,2379930,982,10,0
20540,2379930,983,11,0
20542,2379930,986,12,0
20514,2379930,989,13,0
20516,2379930,990,14,0
20350,2379930,991,15,0
21239,2379930,991,16,0
21152,2379930,994,17,0
21206,2379930,995,18,1
21207,2379939,825,1,0
21150,2379939,826,2,0
20349,2379939,828,3,0
20478,2379939,829,4,0
20543,2379939,832,5,0
20541,2379939,834,6,0
20616,2379939,834,7,0
20618,2379939,836,8,0
20620,2379939,836,9,0
20169,2379939,838,10,0
21008,2379939,840,11,0
20937,2379939,843,12,0
20939,2379939,844,13,0
20941,2379939,846,14,0
20942,2379939,847,15,1
21207,2379935,585,1,0
21150,2379935,586,2,0
20349,2379935,588,3,0
20478,2379935,589,4,0
20543,2379935,592,5,0
20541,2379935,594,6,0
20616,2379935,594,7,0
20618,2379935,596,8,0
20620,2379935,596,9,0
20169,2379935,598,10,0
21008,2379935,600,11,0
20937,2379935,603,12,0
20939,2379935,604,13,0
20941,2379935,606,14,0
20942,2379935,607,15,1
21207,2379936,645,1,0
21150,2379936,646,2,0
20349,2379936,648,3,0
20478,2379936,649,4,0
20543,2379936,652,5,0
20541,2379936,654,6,0
20616,2379936,654,7,0
20618,2379936,656,8,0
20620,2379936,656,9,0
20169,2379936,658,10,0
21008,2379936,660,11,0
20937,2379936,663,12,0
20939,2379936,664,13,0
20941,2379936,666,14,0
20942,2379936,667,15,1
21207,2379937,705,1,0
21150,2379937,706,2,0
20349,2379937,708,3,0
20478,2379937,709,4,0
20543,2379937,712,5,0
20541,2379937,714,6,0
20616,2379937,714,7,0
20618,2379937,716,8,0
20620,2379937,716,9,0
20169,2379937,718,10,0
21008,2379937,720,11,0
20937,2379937,723,12,0
20939,2379937,724,13,0
20941,2379937,726,14,0
20942,2379937,727,15,1
21207,2379938,765,1,0
21150,2379938,766,2,0
20349,2379938,768,3,0
20478,2379938,769,4,0
20543,2379938,772,5,0
20541,2379938,774,6,0
20616,2379938,774,7,0
20618,2379938,776,8,0
20620,2379938,776,9,0
20169,2379938,778,10,0
21008,2379938,780,11,0
20937,2379938,783,12,0
20939,2379938,784,13,0
20941,2379938,786,14,0
20942,2379938,787,15,1
21207,2379944,1095,1,0
21150,2379944,1096,2,0
20349,2379944,1098,3,0
20478,2379944,1099,4,0
20543,2379944,1102,5,0
20541,2379944,1104,6,0
20616,2379944,1104,7,0
20618,2379944,1106,8,0
20620,2379944,1106,9,0
20169,2379944,1108,10,0
21008,2379944,1110,11,0
20937,2379944,1113,12,0
20939,2379944,1114,13,0
20941,2379944,1116,14,0
20942,2379944,1117,15,1
21207,2379945,1235,1,0
21150,2379945,1236,2,0
20349,2379945,1238,3,0
20478,2379945,1239,4,0
20543,2379945,1242,5,0
20541,2379945,1244,6,0
20616,2379945,1244,7,0
20618,2379945,1246,8,0
20620,2379945,1246,9,0
20169,2379945,1248,10,0
21008,2379945,1250,11,0
20937,2379945,1253,12,0
20939,2379945,1254,13,0
20941,2379945,1256,14,0
20942,2379945,1257,15,1
21207,2379942,1005,1,0
21150,2379942,1006,2,0
20349,2379942,1008,3,0
20478,2379942,1009,4,0
20543,2379942,1012,5,0
20541,2379942,1014,6,0
20616,2379942,1014,7,0
20618,2379942,1016,8,0
20620,2379942,1016,9,0
20169,2379942,1018,10,0
21008,2379942,1020,11,0
20937,2379942,1023,12,0
20939,2379942,1024,13,0
20941,2379942,1026,14,0
20942,2379942,1027,15,1
21207,2379943,1035,1,0
21150,2379943,1036,2,0
20349,2379943,1038,3,0
20478,2379943,1039,4,0
20543,2379943,1042,5,0
20541,2379943,1044,6,0
20616,2379943,1044,7,0
20618,2379943,1046,8,0
20620,2379943,1046,9,0
20169,2379943,1048,10,0
21008,2379943,1050,11,0
20937,2379943,1053,12,0
20939,2379943,1054,13,0
20941,2379943,1056,14,0
20942,2379943,1057,15,1
21207,2379940,885,1,0
21150,2379940,886,2,0
20349,2379940,888,3,0
20478,2379940,889,4,0
20543,2379940,892,5,0
20541,2379940,894,6,0
20616,2379940,894,7,0
20618,2379940,896,8,0
20620,2379940,896,9,0
20169,2379940,898,10,0
21008,2379940,900,11,0
20937,2379940,903,12,0
20939,2379940,904,13,0
20941,2379940,906,14,0
20942,2379940,907,15,1
21207,2379941,945,1,0
21150,2379941,946,2,0
20349,2379941,948,3,0
20478,2379941,949,4,0
20543,2379941,952,5,0
20541,2379941,954,6,0
20616,2379941,954,7,0
20618,2379941,956,8,0
20620,2379941,956,9,0
20169,2379941,958,10,0
21008,2379941,960,11,0
20937,2379941,963,12,0
20939,2379941,964,13,0
20941,2379941,966,14,0
20942,2379941,967,15,1
20942,2379946,1150,1,0
20996,2379946,1150,2,0
20940,2379946,1151,3,0
20938,2379946,1153,4,0
20936,2379946,1153,5,0
21007,2379946,1156,6,0
20815,2379946,1158,7,0
20619,2379946,1160,8,0
20617,2379946,1160,9,0
20615,2379946,1162,10,0
20540,2379946,1163,11,0
20542,2379946,1166,12,0
20514,2379946,1169,13,0
20516,2379946,1170,14,0
20350,2379946,1171,15,0
21239,2379946,1171,16,0
21152,2379946,1174,17,0
21206,2379946,1175,18,1
21207,2339400,1125,1,0
21150,2339400,1126,2,0
20349,2339400,1128,3,0
20478,2339400,1129,4,0
20543,2339400,1132,5,0
20541,2339400,1134,6,0
20616,2339400,1134,7,0
20618,2339400,1136,8,0
20620,2339400,1136,9,0
20169,2339400,1138,10,0
21008,2339400,1140,11,0
20937,2339400,1143,12,0
20939,2339400,1144,13,0
20941,2339400,1146,14,0
20942,2339400,1147,15,1
20942,2339402,380,1,0
20996,2339402,380,2,0
20940,2339402,381,3,0
20938,2339402,383,4,0
20936,2339402,383,5,0
21007,2339402,386,6,0
20815,2339402,388,7,0
20619,2339402,390,8,0
20617,2339402,390,9,0
20615,2339402,392,10,0
20540,2339402,393,11,0
20542,2339402,396,12,0
20514,2339402,399,13,0
20516,2339402,400,14,0
20350,2339402,401,15,0
21239,2339402,401,16,0
21152,2339402,404,17,0
21206,2339402,405,18,1
20942,2339401,320,1,0
20996,2339401,320,2,0
20940,2339401,321,3,0
20938,2339401,323,4,0
20936,2339401,323,5,0
21007,2339401,326,6,0
20815,2339401,328,7,0
20619,2339401,330,8,0
20617,2339401,330,9,0
20615,2339401,332,10,0
20540,2339401,333,11,0
20542,2339401,336,12,0
20514,2339401,339,13,0
20516,2339401,340,14,0
20350,2339401,341,15,0
21239,2339401,341,16,0
21152,2339401,344,17,0
21206,2339401,345,18,1
20942,2339403,550,1,0
20996,2339403,550,2,0
20940,2339403,551,3,0
20938,2339403,553,4,0
20936,2339403,553,5,0
21007,2339403,556,6,0
20815,2339403,558,7,0
20619,2339403,560,8,0
20617,2339403,560,9,0
20615,2339403,562,10,0
20540,2339403,563,11,0
20542,2339403,566,12,0
20514,2339403,569,13,0
20516,2339403,570,14,0
20350,2339403,571,15,0
21239,2339403,571,16,0
21152,2339403,574,17,0
21206,2339403,575,18,1
20942,2339404,610,1,0
20996,2339404,610,2,0
20940,2339404,611,3,0
20938,2339404,613,4,0
20936,2339404,613,5,0
21007,2339404,616,6,0
20815,2339404,618,7,0
20619,2339404,620,8,0
20617,2339404,620,9,0
20615,2339404,622,10,0
20540,2339404,623,11,0
20542,2339404,626,12,0
20514,2339404,629,13,0
20516,2339404,630,14,0
20350,2339404,631,15,0
21239,2339404,631,16,0
21152,2339404,634,17,0
21206,2339404,635,18,1
20942,2339405,670,1,0
20996,2339405,670,2,0
20940,2339405,671,3,0
20938,2339405,673,4,0
20936,2339405,673,5,0
21007,2339405,676,6,0
20815,2339405,678,7,0
20619,2339405,680,8,0
20617,2339405,680,9,0
20615,2339405,682,10,0
20540,2339405,683,11,0
20542,2339405,686,12,0
20514,2339405,689,13,0
20516,2339405,690,14,0
20350,2339405,691,15,0
21239,2339405,691,16,0
21152,2339405,694,17,0
21206,2339405,695,18,1
20942,2339406,730,1,0
20996,2339406,730,2,0
20940,2339406,731,3,0
20938,2339406,733,4,0
20936,2339406,733,5,0
21007,2339406,736,6,0
20815,2339406,738,7,0
20619,2339406,740,8,0
20617,2339406,740,9,0
20615,2339406,742,10,0
20540,2339406,743,11,0
20542,2339406,746,12,0
20514,2339406,749,13,0
20516,2339406,750,14,0
20350,2339406,751,15,0
21239,2339406,751,16,0
21152,2339406,754,17,0
21206,2339406,755,18,1
20942,2339407,790,1,0
20996,2339407,790,2,0
20940,2339407,791,3,0
20938,2339407,793,4,0
20936,2339407,793,5,0
21007,2339407,796,6,0
20815,2339407,798,7,0
20619,2339407,800,8,0
20617,2339407,800,9,0
20615,2339407,802,10,0
20540,2339407,803,11,0
20542,2339407,806,12,0
20514,2339407,809,13,0
20516,2339407,810,14,0
20350,2339407,811,15,0
21239,2339407,811,16,0
21152,2339407,814,17,0
21206,2339407,815,18,1
20942,2339408,850,1,0
20996,2339408,850,2,0
20940,2339408,851,3,0
20938,2339408,853,4,0
20936,2339408,853,5,0
21007,2339408,856,6,0
20815,2339408,858,7,0
20619,2339408,860,8,0
20617,2339408,860,9,0
20615,2339408,862,10,0
20540,2339408,863,11,0
20542,2339408,866,12,0
20514,2339408,869,13,0
20516,2339408,870,14,0
20350,2339408,871,15,0
21239,2339408,871,16,0
21152,2339408,874,17,0
21206,2339408,875,18,1
20942,2339409,910,1,0
20996,2339409,910,2,0
20940,2339409,911,3,0
20938,2339409,913,4,0
20936,2339409,913,5,0
21007,2339409,916,6,0
20815,2339409,918,7,0
20619,2339409,920,8,0
20617,2339409,920,9,0
20615,2339409,922,10,0
20540,2339409,923,11,0
20542,2339409,926,12,0
20514,2339409,929,13,0
20516,2339409,930,14,0
20350,2339409,931,15,0
21239,2339409,931,16,0
21152,2339409,934,17,0
21206,2339409,935,18,1
21207,2339421,945,1,0
21150,2339421,946,2,0
20349,2339421,948,3,0
20478,2339421,949,4,0
20543,2339421,952,5,0
20541,2339421,954,6,0
20616,2339421,954,7,0
20618,2339421,956,8,0
20620,2339421,956,9,0
20169,2339421,958,10,0
21008,2339421,960,11,0
20937,2339421,963,12,0
20939,2339421,964,13,0
20941,2339421,966,14,0
20942,2339421,967,15,1
21207,2339422,1005,1,0
21150,2339422,1006,2,0
20349,2339422,1008,3,0
20478,2339422,1009,4,0
20543,2339422,1012,5,0
20541,2339422,1014,6,0
20616,2339422,1014,7,0
20618,2339422,1016,8,0
20620,2339422,1016,9,0
20169,2339422,1018,10,0
21008,2339422,1020,11,0
20937,2339422,1023,12,0
20939,2339422,1024,13,0
20941,2339422,1026,14,0
20942,2339422,1027,15,1
21207,2339423,1035,1,0
21150,2339423,1036,2,0
20349,2339423,1038,3,0
20478,2339423,1039,4,0
20543,2339423,1042,5,0
20541,2339423,1044,6,0
20616,2339423,1044,7,0
20618,2339423,1046,8,0
20620,2339423,1046,9,0
20169,2339423,1048,10,0
21008,2339423,1050,11,0
20937,2339423,1053,12,0
20939,2339423,1054,13,0
20941,2339423,1056,14,0
20942,2339423,1057,15,1
21207,2339424,1095,1,0
21150,2339424,1096,2,0
20349,2339424,1098,3,0
20478,2339424,1099,4,0
20543,2339424,1102,5,0
20541,2339424,1104,6,0
20616,2339424,1104,7,0
20618,2339424,1106,8,0
20620,2339424,1106,9,0
20169,2339424,1108,10,0
21008,2339424,1110,11,0
20937,2339424,1113,12,0
20939,2339424,1114,13,0
20941,2339424,1116,14,0
20942,2339424,1117,15,1
21207,2339420,885,1,0
21150,2339420,886,2,0
20349,2339420,888,3,0
20478,2339420,889,4,0
20543,2339420,892,5,0
20541,2339420,894,6,0
20616,2339420,894,7,0
20618,2339420,896,8,0
20620,2339420,896,9,0
20169,2339420,898,10,0
21008,2339420,900,11,0
20937,2339420,903,12,0
20939,2339420,904,13,0
20941,2339420,906,14,0
20942,2339420,907,15,1
20942,439580,1030,1,0
20996,439580,1030,2,0
20940,439580,1031,3,0
20938,439580,1033,4,0
20936,439580,1033,5,0
21007,439580,1036,6,0
20815,439580,1038,7,0
20619,439580,1040,8,0
20617,439580,1040,9,0
20615,439580,1042,10,0
20540,439580,1043,11,0
20542,439580,1046,12,0
20514,439580,1049,13,0
20516,439580,1050,14,0
20350,439580,1051,15,0
21239,439580,1051,16,0
21152,439580,1054,17,0
21206,439580,1055,18,1
21207,439581,705,1,0
21150,439581,706,2,0
20349,439581,708,3,0
20478,439581,709,4,0
20543,439581,712,5,0
20541,439581,714,6,0
20616,439581,714,7,0
20618,439581,716,8,0
20620,439581,716,9,0
20169,439581,718,10,0
21008,439581,720,11,0
20937,439581,723,12,0
20939,439581,724,13,0
20941,439581,726,14,0
20942,439581,727,15,1
20942,439582,1092,1,0
20996,439582,1092,2,0
20940,439582,1093,3,0
20938,439582,1095,4,0
20936,439582,1095,5,0
21007,439582,1098,6,0
20815,439582,1100,7,0
20619,439582,1102,8,0
20617,439582,1102,9,0
20615,439582,1104,10,0
20540,439582,1105,11,0
20542,439582,1108,12,0
20514,439582,1111,13,0
20516,439582,1112,14,0
20350,439582,1113,15,0
21239,439582,1113,16,0
21152,439582,1116,17,0
21206,439582,1117,18,1
21207,439583,795,1,0
21150,439583,796,2,0
20349,439583,798,3,0
20478,439583,799,4,0
20543,439583,802,5,0
20541,439583,804,6,0
20616,439583,804,7,0
20618,439583,806,8,0
20620,439583,806,9,0
20169,439583,808,10,0
21008,439583,810,11,0
20937,439583,813,12,0
20939,439583,814,13,0
20941,439583,816,14,0
20942,439583,817,15,1
20942,439584,850,1,0
20996,439584,850,2,0
20940,439584,851,3,0
20938,439584,853,4,0
20936,439584,853,5,0
21007,439584,856,6,0
20815,439584,858,7,0
20619,439584,860,8,0
20617,439584,860,9,0
20615,439584,862,10,0
20540,439584,863,11,0
20542,439584,866,12,0
20514,439584,869,13,0
20516,439584,870,14,0
20350,439584,871,15,0
21239,439584,871,16,0
21152,439584,874,17,0
21206,439584,875,18,1
21207,439585,885,1,0
21150,439585,886,2,0
20349,439585,888,3,0
20478,439585,889,4,0
20543,439585,892,5,0
20541,439585,894,6,0
20616,439585,894,7,0
20618,439585,896,8,0
20620,439585,896,9,0
20169,439585,898,10,0
21008,439585,900,11,0
20937,439585,903,12,0
20939,439585,904,13,0
20941,439585,906,14,0
20942,439585,907,15,1
21207,439586,975,1,0
21150,439586,976,2,0
20349,439586,978,3,0
20478,439586,979,4,0
20543,439586,982,5,0
20541,439586,984,6,0
20616,439586,984,7,0
20618,439586,986,8,0
20620,439586,986,9,0
20169,439586,988,10,0
21008,439586,990,11,0
20937,439586,993,12,0
20939,439586,994,13,0
20941,439586,996,14,0
20942,439586,997,15,1
20942,439587,940,1,0
20996,439587,940,2,0
20940,439587,941,3,0
20938,439587,943,4,0
20936,439587,943,5,0
21007,439587,946,6,0
20815,439587,948,7,0
20619,439587,950,8,0
20617,439587,950,9,0
20615,439587,952,10,0
20540,439587,953,11,0
20542,439587,956,12,0
20514,439587,959,13,0
20516,439587,960,14,0
20350,439587,961,15,0
21239,439587,961,16,0
21152,439587,964,17,0
21206,439587,965,18,1
21207,439588,1065,1,0
21150,439588,1066,2,0
20349,439588,1068,3,0
20478,439588,1069,4,0
20543,439588,1072,5,0
20541,439588,1074,6,0
20616,439588,1074,7,0
20618,439588,1076,8,0
20620,439588,1076,9,0
20169,439588,1078,10,0
21008,439588,1080,11,0
20937,439588,1083,12,0
20939,439588,1084,13,0
20941,439588,1086,14,0
20942,439588,1087,15,1
20942,2339426,1150,1,0
20996,2339426,1150,2,0
20940,2339426,1151,3,0
20938,2339426,1153,4,0
20936,2339426,1153,5,0
21007,2339426,1156,6,0
20815,2339426,1158,7,0
20619,2339426,1160,8,0
20617,2339426,1160,9,0
20615,2339426,1162,10,0
20540,2339426,1163,11,0
20542,2339426,1166,12,0
20514,2339426,1169,13,0
20516,2339426,1170,14,0
20350,2339426,1171,15,0
21239,2339426,1171,16,0
21152,2339426,1174,17,0
21206,2339426,1175,18,1
21207,439589,1125,1,0
21150,439589,1126,2,0
20349,439589,1128,3,0
20478,439589,1129,4,0
20543,439589,1132,5,0
20541,439589,1134,6,0
20616,439589,1134,7,0
20618,439589,1136,8,0
20620,439589,1136,9,0
20169,439589,1138,10,0
21008,439589,1140,11,0
20937,439589,1143,12,0
20939,439589,1144,13,0
20941,439589,1146,14,0
20942,439589,1147,15,1
21207,2339425,1235,1,0
21150,2339425,1236,2,0
20349,2339425,1238,3,0
20478,2339425,1239,4,0
20543,2339425,1242,5,0
20541,2339425,1244,6,0
20616,2339425,1244,7,0
20618,2339425,1246,8,0
20620,2339425,1246,9,0
20169,2339425,1248,10,0
21008,2339425,1250,11,0
20937,2339425,1253,12,0
20939,2339425,1254,13,0
20941,2339425,1256,14,0
20942,2339425,1257,15,1
20942,2339412,1210,1,0
20996,2339412,1210,2,0
20940,2339412,1211,3,0
20938,2339412,1213,4,0
20936,2339412,1213,5,0
21007,2339412,1216,6,0
20815,2339412,1218,7,0
20619,2339412,1220,8,0
20617,2339412,1220,9,0
20615,2339412,1222,10,0
20540,2339412,1223,11,0
20542,2339412,1226,12,0
20514,2339412,1229,13,0
20516,2339412,1230,14,0
20350,2339412,1231,15,0
21239,2339412,1231,16,0
21152,2339412,1234,17,0
21206,2339412,1235,18,1
21207,2339413,375,1,0
21150,2339413,376,2,0
20349,2339413,378,3,0
20478,2339413,379,4,0
20543,2339413,382,5,0
20541,2339413,384,6,0
20616,2339413,384,7,0
20618,2339413,386,8,0
20620,2339413,386,9,0
20169,2339413,388,10,0
21008,2339413,390,11,0
20937,2339413,393,12,0
20939,2339413,394,13,0
20941,2339413,396,14,0
20942,2339413,397,15,1
20942,2339410,970,1,0
20996,2339410,970,2,0
20940,2339410,971,3,0
20938,2339410,973,4,0
20936,2339410,973,5,0
21007,2339410,976,6,0
20815,2339410,978,7,0
20619,2339410,980,8,0
20617,2339410,980,9,0
20615,2339410,982,10,0
20540,2339410,983,11,0
20542,2339410,986,12,0
20514,2339410,989,13,0
20516,2339410,990,14,0
20350,2339410,991,15,0
21239,2339410,991,16,0
21152,2339410,994,17,0
21206,2339410,995,18,1
20942,2339411,1030,1,0
20996,2339411,1030,2,0
20940,2339411,1031,3,0
20938,2339411,1033,4,0
20936,2339411,1033,5,0
21007,2339411,1036,6,0
20815,2339411,1038,7,0
20619,2339411,1040,8,0
20617,2339411,1040,9,0
20615,2339411,1042,10,0
20540,2339411,1043,11,0
20542,2339411,1046,12,0
20514,2339411,1049,13,0
20516,2339411,1050,14,0
20350,2339411,1051,15,0
21239,2339411,1051,16,0
21152,2339411,1054,17,0
21206,2339411,1055,18,1
21207,2339419,825,1,0
21150,2339419,826,2,0
20349,2339419,828,3,0
20478,2339419,829,4,0
20543,2339419,832,5,0
20541,2339419,834,6,0
20616,2339419,834,7,0
20618,2339419,836,8,0
20620,2339419,836,9,0
20169,2339419,838,10,0
21008,2339419,840,11,0
20937,2339419,843,12,0
20939,2339419,844,13,0
20941,2339419,846,14,0
20942,2339419,847,15,1
21207,2339418,765,1,0
21150,2339418,766,2,0
20349,2339418,768,3,0
20478,2339418,769,4,0
20543,2339418,772,5,0
20541,2339418,774,6,0
20616,2339418,774,7,0
20618,2339418,776,8,0
20620,2339418,776,9,0
20169,2339418,778,10,0
21008,2339418,780,11,0
20937,2339418,783,12,0
20939,2339418,784,13,0
20941,2339418,786,14,0
20942,2339418,787,15,1
21207,2339417,705,1,0
21150,2339417,706,2,0
20349,2339417,708,3,0
20478,2339417,709,4,0
20543,2339417,712,5,0
20541,2339417,714,6,0
20616,2339417,714,7,0
20618,2339417,716,8,0
20620,2339417,716,9,0
20169,2339417,718,10,0
21008,2339417,720,11,0
20937,2339417,723,12,0
20939,2339417,724,13,0
20941,2339417,726,14,0
20942,2339417,727,15,1
21207,2339416,645,1,0
21150,2339416,646,2,0
20349,2339416,648,3,0
20478,2339416,649,4,0
20543,2339416,652,5,0
20541,2339416,654,6,0
20616,2339416,654,7,0
20618,2339416,656,8,0
20620,2339416,656,9,0
20169,2339416,658,10,0
21008,2339416,660,11,0
20937,2339416,663,12,0
20939,2339416,664,13,0
20941,2339416,666,14,0
20942,2339416,667,15,1
21207,2339415,585,1,0
21150,2339415,586,2,0
20349,2339415,588,3,0
20478,2339415,589,4,0
20543,2339415,592,5,0
20541,2339415,594,6,0
20616,2339415,594,7,0
20618,2339415,596,8,0
20620,2339415,596,9,0
20169,2339415,598,10,0
21008,2339415,600,11,0
20937,2339415,603,12,0
20939,2339415,604,13,0
20941,2339415,606,14,0
20942,2339415,607,15,1
21207,2339414,435,1,0
21150,2339414,436,2,0
20349,2339414,438,3,0
20478,2339414,439,4,0
20543,2339414,442,5,0
20541,2339414,444,6,0
20616,2339414,444,7,0
20618,2339414,446,8,0
20620,2339414,446,9,0
20169,2339414,448,10,0
21008,2339414,450,11,0
20937,2339414,453,12,0
20939,2339414,454,13,0
20941,2339414,456,14,0
20942,2339414,457,15,1
20942,439575,760,1,0
20996,439575,760,2,0
20940,439575,761,3,0
20938,439575,763,4,0
20936,439575,763,5,0
21007,439575,766,6,0
20815,439575,768,7,0
20619,439575,770,8,0
20617,439575,770,9,0
20615,439575,772,10,0
20540,439575,773,11,0
20542,439575,776,12,0
20514,439575,779,13,0
20516,439575,780,14,0
20350,439575,781,15,0
21239,439575,781,16,0
21152,439575,784,17,0
21206,439575,785,18,1
21207,439574,525,1,0
21150,439574,526,2,0
20349,439574,528,3,0
20478,439574,529,4,0
20543,439574,532,5,0
20541,439574,534,6,0
20616,439574,534,7,0
20618,439574,536,8,0
20620,439574,536,9,0
20169,439574,538,10,0
21008,439574,540,11,0
20937,439574,543,12,0
20939,439574,544,13,0
20941,439574,546,14,0
20942,439574,547,15,1
21207,439577,615,1,0
21150,439577,616,2,0
20349,439577,618,3,0
20478,439577,619,4,0
20543,439577,622,5,0
20541,439577,624,6,0
20616,439577,624,7,0
20618,439577,626,8,0
20620,439577,626,9,0
20169,439577,628,10,0
21008,439577,630,11,0
20937,439577,633,12,0
20939,439577,634,13,0
20941,439577,636,14,0
20942,439577,637,15,1
20942,439576,580,1,0
20996,439576,580,2,0
20940,439576,581,3,0
20938,439576,583,4,0
20936,439576,583,5,0
21007,439576,586,6,0
20815,439576,588,7,0
20619,439576,590,8,0
20617,439576,590,9,0
20615,439576,592,10,0
20540,439576,593,11,0
20542,439576,596,12,0
20514,439576,599,13,0
20516,439576,600,14,0
20350,439576,601,15,0
21239,439576,601,16,0
21152,439576,604,17,0
21206,439576,605,18,1
20942,439579,670,1,0
20996,439579,670,2,0
20940,439579,671,3,0
20938,439579,673,4,0
20936,439579,673,5,0
21007,439579,676,6,0
20815,439579,678,7,0
20619,439579,680,8,0
20617,439579,680,9,0
20615,439579,682,10,0
20540,439579,683,11,0
20542,439579,686,12,0
20514,439579,689,13,0
20516,439579,690,14,0
20350,439579,691,15,0
21239,439579,691,16,0
21152,439579,694,17,0
21206,439579,695,18,1
20942,439578,490,1,0
20996,439578,490,2,0
20940,439578,491,3,0
20938,439578,493,4,0
20936,439578,493,5,0
21007,439578,496,6,0
20815,439578,498,7,0
20619,439578,500,8,0
20617,439578,500,9,0
20615,439578,502,10,0
20540,439578,503,11,0
20542,439578,506,12,0
20514,439578,509,13,0
20516,439578,510,14,0
20350,439578,511,15,0
21239,439578,511,16,0
21152,439578,514,17,0
21206,439578,515,18,1
21207,2339399,1065,1,0
21150,2339399,1066,2,0
20349,2339399,1068,3,0
20478,2339399,1069,4,0
20543,2339399,1072,5,0
20541,2339399,1074,6,0
20616,2339399,1074,7,0
20618,2339399,1076,8,0
20620,2339399,1076,9,0
20169,2339399,1078,10,0
21008,2339399,1080,11,0
20937,2339399,1083,12,0
20939,2339399,1084,13,0
20941,2339399,1086,14,0
20942,2339399,1087,15,1
20942,2339395,490,1,0
20996,2339395,490,2,0
20940,2339395,491,3,0
20938,2339395,493,4,0
20936,2339395,493,5,0
21007,2339395,496,6,0
20815,2339395,498,7,0
20619,2339395,500,8,0
20617,2339395,500,9,0
20615,2339395,502,10,0
20540,2339395,503,11,0
20542,2339395,506,12,0
20514,2339395,509,13,0
20516,2339395,510,14,0
20350,2339395,511,15,0
21239,2339395,511,16,0
21152,2339395,514,17,0
21206,2339395,515,18,1
20942,2339396,1092,1,0
20996,2339396,1092,2,0
20940,2339396,1093,3,0
20938,2339396,1095,4,0
20936,2339396,1095,5,0
21007,2339396,1098,6,0
20815,2339396,1100,7,0
20619,2339396,1102,8,0
20617,2339396,1102,9,0
20615,2339396,1104,10,0
20540,2339396,1105,11,0
20542,2339396,1108,12,0
20514,2339396,1111,13,0
20516,2339396,1112,14,0
20350,2339396,1113,15,0
21239,2339396,1113,16,0
21152,2339396,1116,17,0
21206,2339396,1117,18,1
21207,2339397,525,1,0
21150,2339397,526,2,0
20349,2339397,528,3,0
20478,2339397,529,4,0
20543,2339397,532,5,0
20541,2339397,534,6,0
20616,2339397,534,7,0
20618,2339397,536,8,0
20620,2339397,536,9,0
20169,2339397,538,10,0
21008,2339397,540,11,0
20937,2339397,543,12,0
20939,2339397,544,13,0
20941,2339397,546,14,0
20942,2339397,547,15,1
21207,2339398,460,1,0
21150,2339398,461,2,0
20349,2339398,463,3,0
20478,2339398,464,4,0
20543,2339398,467,5,0
20541,2339398,469,6,0
20616,2339398,469,7,0
20618,2339398,471,8,0
20620,2339398,471,9,0
20169,2339398,473,10,0
21008,2339398,475,11,0
20937,2339398,478,12,0
20939,2339398,479,13,0
20941,2339398,481,14,0
20942,2339398,482,15,1
21207,2339393,1185,1,0
21150,2339393,1186,2,0
20349,2339393,1188,3,0
20478,2339393,1189,4,0
20543,2339393,1192,5,0
20541,2339393,1194,6,0
20616,2339393,1194,7,0
20618,2339393,1196,8,0
20620,2339393,1196,9,0
20169,2339393,1198,10,0
21008,2339393,1200,11,0
20937,2339393,1203,12,0
20939,2339393,1204,13,0
20941,2339393,1206,14,0
20942,2339393,1207,15,1
20942,2339394,425,1,0
20996,2339394,425,2,0
20940,2339394,426,3,0
20938,2339394,428,4,0
20936,2339394,428,5,0
21007,2339394,431,6,0
20815,2339394,433,7,0
20619,2339394,435,8,0
20617,2339394,435,9,0
20615,2339394,437,10,0
20540,2339394,438,11,0
20542,2339394,441,12,0
20514,2339394,444,13,0
20516,2339394,445,14,0
20350,2339394,446,15,0
21239,2339394,446,16,0
21152,2339394,449,17,0
21206,2339394,450,18,1
21207,2339157,705,1,0
21150,2339157,706,2,0
20349,2339157,708,3,0
20478,2339157,709,4,0
20543,2339157,712,5,0
20541,2339157,714,6,0
20616,2339157,714,7,0
20618,2339157,716,8,0
20620,2339157,716,9,0
20169,2339157,718,10,0
21008,2339157,720,11,0
20937,2339157,723,12,0
20939,2339157,724,13,0
20941,2339157,726,14,0
20942,2339157,727,15,1
20942,2339158,1092,1,0
20996,2339158,1092,2,0
20940,2339158,1093,3,0
20938,2339158,1095,4,0
20936,2339158,1095,5,0
21007,2339158,1098,6,0
20815,2339158,1100,7,0
20619,2339158,1102,8,0
20617,2339158,1102,9,0
20615,2339158,1104,10,0
20540,2339158,1105,11,0
20542,2339158,1108,12,0
20514,2339158,1111,13,0
20516,2339158,1112,14,0
20350,2339158,1113,15,0
21239,2339158,1113,16,0
21152,2339158,1116,17,0
21206,2339158,1117,18,1
21207,2339159,795,1,0
21150,2339159,796,2,0
20349,2339159,798,3,0
20478,2339159,799,4,0
20543,2339159,802,5,0
20541,2339159,804,6,0
20616,2339159,804,7,0
20618,2339159,806,8,0
20620,2339159,806,9,0
20169,2339159,808,10,0
21008,2339159,810,11,0
20937,2339159,813,12,0
20939,2339159,814,13,0
20941,2339159,816,14,0
20942,2339159,817,15,1
21207,2339153,615,1,0
21150,2339153,616,2,0
20349,2339153,618,3,0
20478,2339153,619,4,0
20543,2339153,622,5,0
20541,2339153,624,6,0
20616,2339153,624,7,0
20618,2339153,626,8,0
20620,2339153,626,9,0
20169,2339153,628,10,0
21008,2339153,630,11,0
20937,2339153,633,12,0
20939,2339153,634,13,0
20941,2339153,636,14,0
20942,2339153,637,15,1
20942,2339154,490,1,0
20996,2339154,490,2,0
20940,2339154,491,3,0
20938,2339154,493,4,0
20936,2339154,493,5,0
21007,2339154,496,6,0
20815,2339154,498,7,0
20619,2339154,500,8,0
20617,2339154,500,9,0
20615,2339154,502,10,0
20540,2339154,503,11,0
20542,2339154,506,12,0
20514,2339154,509,13,0
20516,2339154,510,14,0
20350,2339154,511,15,0
21239,2339154,511,16,0
21152,2339154,514,17,0
21206,2339154,515,18,1
20942,2339155,670,1,0
20996,2339155,670,2,0
20940,2339155,671,3,0
20938,2339155,673,4,0
20936,2339155,673,5,0
21007,2339155,676,6,0
20815,2339155,678,7,0
20619,2339155,680,8,0
20617,2339155,680,9,0
20615,2339155,682,10,0
20540,2339155,683,11,0
20542,2339155,686,12,0
20514,2339155,689,13,0
20516,2339155,690,14,0
20350,2339155,691,15,0
21239,2339155,691,16,0
21152,2339155,694,17,0
21206,2339155,695,18,1
20942,2339156,1030,1,0
20996,2339156,1030,2,0
20940,2339156,1031,3,0
20938,2339156,1033,4,0
20936,2339156,1033,5,0
21007,2339156,1036,6,0
20815,2339156,1038,7,0
20619,2339156,1040,8,0
20617,2339156,1040,9,0
20615,2339156,1042,10,0
20540,2339156,1043,11,0
20542,2339156,1046,12,0
20514,2339156,1049,13,0
20516,2339156,1050,14,0
20350,2339156,1051,15,0
21239,2339156,1051,16,0
21152,2339156,1054,17,0
21206,2339156,1055,18,1
21207,2339150,525,1,0
21150,2339150,526,2,0
20349,2339150,528,3,0
20478,2339150,529,4,0
20543,2339150,532,5,0
20541,2339150,534,6,0
20616,2339150,534,7,0
20618,2339150,536,8,0
20620,2339150,536,9,0
20169,2339150,538,10,0
21008,2339150,540,11,0
20937,2339150,543,12,0
20939,2339150,544,13,0
20941,2339150,546,14,0
20942,2339150,547,15,1
20942,2339151,760,1,0
20996,2339151,760,2,0
20940,2339151,761,3,0
20938,2339151,763,4,0
20936,2339151,763,5,0
21007,2339151,766,6,0
20815,2339151,768,7,0
20619,2339151,770,8,0
20617,2339151,770,9,0
20615,2339151,772,10,0
20540,2339151,773,11,0
20542,2339151,776,12,0
20514,2339151,779,13,0
20516,2339151,780,14,0
20350,2339151,781,15,0
21239,2339151,781,16,0
21152,2339151,784,17,0
21206,2339151,785,18,1
20942,2339152,580,1,0
20996,2339152,580,2,0
20940,2339152,581,3,0
20938,2339152,583,4,0
20936,2339152,583,5,0
21007,2339152,586,6,0
20815,2339152,588,7,0
20619,2339152,590,8,0
20617,2339152,590,9,0
20615,2339152,592,10,0
20540,2339152,593,11,0
20542,2339152,596,12,0
20514,2339152,599,13,0
20516,2339152,600,14,0
20350,2339152,601,15,0
21239,2339152,601,16,0
21152,2339152,604,17,0
21206,2339152,605,18,1
21207,2339164,1065,1,0
21150,2339164,1066,2,0
20349,2339164,1068,3,0
20478,2339164,1069,4,0
20543,2339164,1072,5,0
20541,2339164,1074,6,0
20616,2339164,1074,7,0
20618,2339164,1076,8,0
20620,2339164,1076,9,0
20169,2339164,1078,10,0
21008,2339164,1080,11,0
20937,2339164,1083,12,0
20939,2339164,1084,13,0
20941,2339164,1086,14,0
20942,2339164,1087,15,1
21207,2339165,1125,1,0
21150,2339165,1126,2,0
20349,2339165,1128,3,0
20478,2339165,1129,4,0
20543,2339165,1132,5,0
20541,2339165,1134,6,0
20616,2339165,1134,7,0
20618,2339165,1136,8,0
20620,2339165,1136,9,0
20169,2339165,1138,10,0
21008,2339165,1140,11,0
20937,2339165,1143,12,0
20939,2339165,1144,13,0
20941,2339165,1146,14,0
20942,2339165,1147,15,1
21207,2339162,975,1,0
21150,2339162,976,2,0
20349,2339162,978,3,0
20478,2339162,979,4,0
20543,2339162,982,5,0
20541,2339162,984,6,0
20616,2339162,984,7,0
20618,2339162,986,8,0
20620,2339162,986,9,0
20169,2339162,988,10,0
21008,2339162,990,11,0
20937,2339162,993,12,0
20939,2339162,994,13,0
20941,2339162,996,14,0
20942,2339162,997,15,1
20942,2339163,940,1,0
20996,2339163,940,2,0
20940,2339163,941,3,0
20938,2339163,943,4,0
20936,2339163,943,5,0
21007,2339163,946,6,0
20815,2339163,948,7,0
20619,2339163,950,8,0
20617,2339163,950,9,0
20615,2339163,952,10,0
20540,2339163,953,11,0
20542,2339163,956,12,0
20514,2339163,959,13,0
20516,2339163,960,14,0
20350,2339163,961,15,0
21239,2339163,961,16,0
21152,2339163,964,17,0
21206,2339163,965,18,1
20942,2339160,850,1,0
20996,2339160,850,2,0
20940,2339160,851,3,0
20938,2339160,853,4,0
20936,2339160,853,5,0
21007,2339160,856,6,0
20815,2339160,858,7,0
20619,2339160,860,8,0
20617,2339160,860,9,0
20615,2339160,862,10,0
20540,2339160,863,11,0
20542,2339160,866,12,0
20514,2339160,869,13,0
20516,2339160,870,14,0
20350,2339160,871,15,0
21239,2339160,871,16,0
21152,2339160,874,17,0
21206,2339160,875,18,1
21207,2339161,885,1,0
21150,2339161,886,2,0
20349,2339161,888,3,0
20478,2339161,889,4,0
20543,2339161,892,5,0
20541,2339161,894,6,0
20616,2339161,894,7,0
20618,2339161,896,8,0
20620,2339161,896,9,0
20169,2339161,898,10,0
21008,2339161,900,11,0
20937,2339161,903,12,0
20939,2339161,904,13,0
20941,2339161,906,14,0
20942,2339161,907,15,1
21207,439259,460,1,0
21150,439259,461,2,0
20349,439259,463,3,0
20478,439259,464,4,0
20543,439259,467,5,0
20541,439259,469,6,0
20616,439259,469,7,0
20618,439259,471,8,0
20620,439259,471,9,0
20169,439259,473,10,0
21008,439259,475,11,0
20937,439259,478,12,0
20939,439259,479,13,0
20941,439259,481,14,0
20942,439259,482,15,1
21207,439257,525,1,0
21150,439257,526,2,0
20349,439257,528,3,0
20478,439257,529,4,0
20543,439257,532,5,0
20541,439257,534,6,0
20616,439257,534,7,0
20618,439257,536,8,0
20620,439257,536,9,0
20169,439257,538,10,0
21008,439257,540,11,0
20937,439257,543,12,0
20939,439257,544,13,0
20941,439257,546,14,0
20942,439257,547,15,1
20942,439252,490,1,0
20996,439252,490,2,0
20940,439252,491,3,0
20938,439252,493,4,0
20936,439252,493,5,0
21007,439252,496,6,0
20815,439252,498,7,0
20619,439252,500,8,0
20617,439252,500,9,0
20615,439252,502,10,0
20540,439252,503,11,0
20542,439252,506,12,0
20514,439252,509,13,0
20516,439252,510,14,0
20350,439252,511,15,0
21239,439252,511,16,0
21152,439252,514,17,0
21206,439252,515,18,1
20942,439251,425,1,0
20996,439251,425,2,0
20940,439251,426,3,0
20938,439251,428,4,0
20936,439251,428,5,0
21007,439251,431,6,0
20815,439251,433,7,0
20619,439251,435,8,0
20617,439251,435,9,0
20615,439251,437,10,0
20540,439251,438,11,0
20542,439251,441,12,0
20514,439251,444,13,0
20516,439251,445,14,0
20350,439251,446,15,0
21239,439251,446,16,0
21152,439251,449,17,0
21206,439251,450,18,1
20942,439254,1092,1,0
20996,439254,1092,2,0
20940,439254,1093,3,0
20938,439254,1095,4,0
20936,439254,1095,5,0
21007,439254,1098,6,0
20815,439254,1100,7,0
20619,439254,1102,8,0
20617,439254,1102,9,0
20615,439254,1104,10,0
20540,439254,1105,11,0
20542,439254,1108,12,0
20514,439254,1111,13,0
20516,439254,1112,14,0
20350,439254,1113,15,0
21239,439254,1113,16,0
21152,439254,1116,17,0
21206,439254,1117,18,1
21207,439246,1185,1,0
21150,439246,1186,2,0
20349,439246,1188,3,0
20478,439246,1189,4,0
20543,439246,1192,5,0
20541,439246,1194,6,0
20616,439246,1194,7,0
20618,439246,1196,8,0
20620,439246,1196,9,0
20169,439246,1198,10,0
21008,439246,1200,11,0
20937,439246,1203,12,0
20939,439246,1204,13,0
20941,439246,1206,14,0
20942,439246,1207,15,1
20942,439270,910,1,0
20996,439270,910,2,0
20940,439270,911,3,0
20938,439270,913,4,0
20936,439270,913,5,0
21007,439270,916,6,0
20815,439270,918,7,0
20619,439270,920,8,0
20617,439270,920,9,0
20615,439270,922,10,0
20540,439270,923,11,0
20542,439270,926,12,0
20514,439270,929,13,0
20516,439270,930,14,0
20350,439270,931,15,0
21239,439270,931,16,0
21152,439270,934,17,0
21206,439270,935,18,1
20942,439271,970,1,0
20996,439271,970,2,0
20940,439271,971,3,0
20938,439271,973,4,0
20936,439271,973,5,0
21007,439271,976,6,0
20815,439271,978,7,0
20619,439271,980,8,0
20617,439271,980,9,0
20615,439271,982,10,0
20540,439271,983,11,0
20542,439271,986,12,0
20514,439271,989,13,0
20516,439271,990,14,0
20350,439271,991,15,0
21239,439271,991,16,0
21152,439271,994,17,0
21206,439271,995,18,1
20942,439272,1030,1,0
20996,439272,1030,2,0
20940,439272,1031,3,0
20938,439272,1033,4,0
20936,439272,1033,5,0
21007,439272,1036,6,0
20815,439272,1038,7,0
20619,439272,1040,8,0
20617,439272,1040,9,0
20615,439272,1042,10,0
20540,439272,1043,11,0
20542,439272,1046,12,0
20514,439272,1049,13,0
20516,439272,1050,14,0
20350,439272,1051,15,0
21239,439272,1051,16,0
21152,439272,1054,17,0
21206,439272,1055,18,1
21207,439260,1065,1,0
21150,439260,1066,2,0
20349,439260,1068,3,0
20478,439260,1069,4,0
20543,439260,1072,5,0
20541,439260,1074,6,0
20616,439260,1074,7,0
20618,439260,1076,8,0
20620,439260,1076,9,0
20169,439260,1078,10,0
21008,439260,1080,11,0
20937,439260,1083,12,0
20939,439260,1084,13,0
20941,439260,1086,14,0
20942,439260,1087,15,1
21207,439261,1125,1,0
21150,439261,1126,2,0
20349,439261,1128,3,0
20478,439261,1129,4,0
20543,439261,1132,5,0
20541,439261,1134,6,0
20616,439261,1134,7,0
20618,439261,1136,8,0
20620,439261,1136,9,0
20169,439261,1138,10,0
21008,439261,1140,11,0
20937,439261,1143,12,0
20939,439261,1144,13,0
20941,439261,1146,14,0
20942,439261,1147,15,1
20942,439264,550,1,0
20996,439264,550,2,0
20940,439264,551,3,0
20938,439264,553,4,0
20936,439264,553,5,0
21007,439264,556,6,0
20815,439264,558,7,0
20619,439264,560,8,0
20617,439264,560,9,0
20615,439264,562,10,0
20540,439264,563,11,0
20542,439264,566,12,0
20514,439264,569,13,0
20516,439264,570,14,0
20350,439264,571,15,0
21239,439264,571,16,0
21152,439264,574,17,0
21206,439264,575,18,1
20942,439265,610,1,0
20996,439265,610,2,0
20940,439265,611,3,0
20938,439265,613,4,0
20936,439265,613,5,0
21007,439265,616,6,0
20815,439265,618,7,0
20619,439265,620,8,0
20617,439265,620,9,0
20615,439265,622,10,0
20540,439265,623,11,0
20542,439265,626,12,0
20514,439265,629,13,0
20516,439265,630,14,0
20350,439265,631,15,0
21239,439265,631,16,0
21152,439265,634,17,0
21206,439265,635,18,1
20942,439262,320,1,0
20996,439262,320,2,0
20940,439262,321,3,0
20938,439262,323,4,0
20936,439262,323,5,0
21007,439262,326,6,0
20815,439262,328,7,0
20619,439262,330,8,0
20617,439262,330,9,0
20615,439262,332,10,0
20540,439262,333,11,0
20542,439262,336,12,0
20514,439262,339,13,0
20516,439262,340,14,0
20350,439262,341,15,0
21239,439262,341,16,0
21152,439262,344,17,0
21206,439262,345,18,1
20942,439263,380,1,0
20996,439263,380,2,0
20940,439263,381,3,0
20938,439263,383,4,0
20936,439263,383,5,0
21007,439263,386,6,0
20815,439263,388,7,0
20619,439263,390,8,0
20617,439263,390,9,0
20615,439263,392,10,0
20540,439263,393,11,0
20542,439263,396,12,0
20514,439263,399,13,0
20516,439263,400,14,0
20350,439263,401,15,0
21239,439263,401,16,0
21152,439263,404,17,0
21206,439263,405,18,1
20942,439268,790,1,0
20996,439268,790,2,0
20940,439268,791,3,0
20938,439268,793,4,0
20936,439268,793,5,0
21007,439268,796,6,0
20815,439268,798,7,0
20619,439268,800,8,0
20617,439268,800,9,0
20615,439268,802,10,0
20540,439268,803,11,0
20542,439268,806,12,0
20514,439268,809,13,0
20516,439268,810,14,0
20350,439268,811,15,0
21239,439268,811,16,0
21152,439268,814,17,0
21206,439268,815,18,1
20942,439269,850,1,0
20996,439269,850,2,0
20940,439269,851,3,0
20938,439269,853,4,0
20936,439269,853,5,0
21007,439269,856,6,0
20815,439269,858,7,0
20619,439269,860,8,0
20617,439269,860,9,0
20615,439269,862,10,0
20540,439269,863,11,0
20542,439269,866,12,0
20514,439269,869,13,0
20516,439269,870,14,0
20350,439269,871,15,0
21239,439269,871,16,0
21152,439269,874,17,0
21206,439269,875,18,1
20942,439266,670,1,0
20996,439266,670,2,0
20940,439266,671,3,0
20938,439266,673,4,0
20936,439266,673,5,0
21007,439266,676,6,0
20815,439266,678,7,0
20619,439266,680,8,0
20617,439266,680,9,0
20615,439266,682,10,0
20540,439266,683,11,0
20542,439266,686,12,0
20514,439266,689,13,0
20516,439266,690,14,0
20350,439266,691,15,0
21239,439266,691,16,0
21152,439266,694,17,0
21206,439266,695,18,1
20942,439267,730,1,0
20996,439267,730,2,0
20940,439267,731,3,0
20938,439267,733,4,0
20936,439267,733,5,0
21007,439267,736,6,0
20815,439267,738,7,0
20619,439267,740,8,0
20617,439267,740,9,0
20615,439267,742,10,0
20540,439267,743,11,0
20542,439267,746,12,0
20514,439267,749,13,0
20516,439267,750,14,0
20350,439267,751,15,0
21239,439267,751,16,0
21152,439267,754,17,0
21206,439267,755,18,1
20942,2380849,940,1,0
20996,2380849,940,2,0
20940,2380849,941,3,0
20938,2380849,943,4,0
20936,2380849,943,5,0
21007,2380849,946,6,0
20815,2380849,948,7,0
20619,2380849,950,8,0
20617,2380849,950,9,0
20615,2380849,952,10,0
20540,2380849,953,11,0
20542,2380849,956,12,0
20514,2380849,959,13,0
20516,2380849,960,14,0
20350,2380849,961,15,0
21239,2380849,961,16,0
21152,2380849,964,17,0
21206,2380849,965,18,1
21207,2380848,975,1,0
21150,2380848,976,2,0
20349,2380848,978,3,0
20478,2380848,979,4,0
20543,2380848,982,5,0
20541,2380848,984,6,0
20616,2380848,984,7,0
20618,2380848,986,8,0
20620,2380848,986,9,0
20169,2380848,988,10,0
21008,2380848,990,11,0
20937,2380848,993,12,0
20939,2380848,994,13,0
20941,2380848,996,14,0
20942,2380848,997,15,1
21207,2380847,885,1,0
21150,2380847,886,2,0
20349,2380847,888,3,0
20478,2380847,889,4,0
20543,2380847,892,5,0
20541,2380847,894,6,0
20616,2380847,894,7,0
20618,2380847,896,8,0
20620,2380847,896,9,0
20169,2380847,898,10,0
21008,2380847,900,11,0
20937,2380847,903,12,0
20939,2380847,904,13,0
20941,2380847,906,14,0
20942,2380847,907,15,1
20942,2380846,850,1,0
20996,2380846,850,2,0
20940,2380846,851,3,0
20938,2380846,853,4,0
20936,2380846,853,5,0
21007,2380846,856,6,0
20815,2380846,858,7,0
20619,2380846,860,8,0
20617,2380846,860,9,0
20615,2380846,862,10,0
20540,2380846,863,11,0
20542,2380846,866,12,0
20514,2380846,869,13,0
20516,2380846,870,14,0
20350,2380846,871,15,0
21239,2380846,871,16,0
21152,2380846,874,17,0
21206,2380846,875,18,1
21207,2380845,795,1,0
21150,2380845,796,2,0
20349,2380845,798,3,0
20478,2380845,799,4,0
20543,2380845,802,5,0
20541,2380845,804,6,0
20616,2380845,804,7,0
20618,2380845,806,8,0
20620,2380845,806,9,0
20169,2380845,808,10,0
21008,2380845,810,11,0
20937,2380845,813,12,0
20939,2380845,814,13,0
20941,2380845,816,14,0
20942,2380845,817,15,1
21207,2380850,1065,1,0
21150,2380850,1066,2,0
20349,2380850,1068,3,0
20478,2380850,1069,4,0
20543,2380850,1072,5,0
20541,2380850,1074,6,0
20616,2380850,1074,7,0
20618,2380850,1076,8,0
20620,2380850,1076,9,0
20169,2380850,1078,10,0
21008,2380850,1080,11,0
20937,2380850,1083,12,0
20939,2380850,1084,13,0
20941,2380850,1086,14,0
20942,2380850,1087,15,1
21207,2380851,1125,1,0
21150,2380851,1126,2,0
20349,2380851,1128,3,0
20478,2380851,1129,4,0
20543,2380851,1132,5,0
20541,2380851,1134,6,0
20616,2380851,1134,7,0
20618,2380851,1136,8,0
20620,2380851,1136,9,0
20169,2380851,1138,10,0
21008,2380851,1140,11,0
20937,2380851,1143,12,0
20939,2380851,1144,13,0
20941,2380851,1146,14,0
20942,2380851,1147,15,1
21207,2380839,615,1,0
21150,2380839,616,2,0
20349,2380839,618,3,0
20478,2380839,619,4,0
20543,2380839,622,5,0
20541,2380839,624,6,0
20616,2380839,624,7,0
20618,2380839,626,8,0
20620,2380839,626,9,0
20169,2380839,628,10,0
21008,2380839,630,11,0
20937,2380839,633,12,0
20939,2380839,634,13,0
20941,2380839,636,14,0
20942,2380839,637,15,1
20942,2380838,580,1,0
20996,2380838,580,2,0
20940,2380838,581,3,0
20938,2380838,583,4,0
20936,2380838,583,5,0
21007,2380838,586,6,0
20815,2380838,588,7,0
20619,2380838,590,8,0
20617,2380838,590,9,0
20615,2380838,592,10,0
20540,2380838,593,11,0
20542,2380838,596,12,0
20514,2380838,599,13,0
20516,2380838,600,14,0
20350,2380838,601,15,0
21239,2380838,601,16,0
21152,2380838,604,17,0
21206,2380838,605,18,1
20942,2380837,760,1,0
20996,2380837,760,2,0
20940,2380837,761,3,0
20938,2380837,763,4,0
20936,2380837,763,5,0
21007,2380837,766,6,0
20815,2380837,768,7,0
20619,2380837,770,8,0
20617,2380837,770,9,0
20615,2380837,772,10,0
20540,2380837,773,11,0
20542,2380837,776,12,0
20514,2380837,779,13,0
20516,2380837,780,14,0
20350,2380837,781,15,0
21239,2380837,781,16,0
21152,2380837,784,17,0
21206,2380837,785,18,1
21207,2380836,525,1,0
21150,2380836,526,2,0
20349,2380836,528,3,0
20478,2380836,529,4,0
20543,2380836,532,5,0
20541,2380836,534,6,0
20616,2380836,534,7,0
20618,2380836,536,8,0
20620,2380836,536,9,0
20169,2380836,538,10,0
21008,2380836,540,11,0
20937,2380836,543,12,0
20939,2380836,544,13,0
20941,2380836,546,14,0
20942,2380836,547,15,1
20942,2380841,670,1,0
20996,2380841,670,2,0
20940,2380841,671,3,0
20938,2380841,673,4,0
20936,2380841,673,5,0
21007,2380841,676,6,0
20815,2380841,678,7,0
20619,2380841,680,8,0
20617,2380841,680,9,0
20615,2380841,682,10,0
20540,2380841,683,11,0
20542,2380841,686,12,0
20514,2380841,689,13,0
20516,2380841,690,14,0
20350,2380841,691,15,0
21239,2380841,691,16,0
21152,2380841,694,17,0
21206,2380841,695,18,1
20942,2380842,1030,1,0
20996,2380842,1030,2,0
20940,2380842,1031,3,0
20938,2380842,1033,4,0
20936,2380842,1033,5,0
21007,2380842,1036,6,0
20815,2380842,1038,7,0
20619,2380842,1040,8,0
20617,2380842,1040,9,0
20615,2380842,1042,10,0
20540,2380842,1043,11,0
20542,2380842,1046,12,0
20514,2380842,1049,13,0
20516,2380842,1050,14,0
20350,2380842,1051,15,0
21239,2380842,1051,16,0
21152,2380842,1054,17,0
21206,2380842,1055,18,1
21207,2380843,705,1,0
21150,2380843,706,2,0
20349,2380843,708,3,0
20478,2380843,709,4,0
20543,2380843,712,5,0
20541,2380843,714,6,0
20616,2380843,714,7,0
20618,2380843,716,8,0
20620,2380843,716,9,0
20169,2380843,718,10,0
21008,2380843,720,11,0
20937,2380843,723,12,0
20939,2380843,724,13,0
20941,2380843,726,14,0
20942,2380843,727,15,1
20942,2380844,1092,1,0
20996,2380844,1092,2,0
20940,2380844,1093,3,0
20938,2380844,1095,4,0
20936,2380844,1095,5,0
21007,2380844,1098,6,0
20815,2380844,1100,7,0
20619,2380844,1102,8,0
20617,2380844,1102,9,0
20615,2380844,1104,10,0
20540,2380844,1105,11,0
20542,2380844,1108,12,0
20514,2380844,1111,13,0
20516,2380844,1112,14,0
20350,2380844,1113,15,0
21239,2380844,1113,16,0
21152,2380844,1116,17,0
21206,2380844,1117,18,1
20942,2380840,490,1,0
20996,2380840,490,2,0
20940,2380840,491,3,0
20938,2380840,493,4,0
20936,2380840,493,5,0
21007,2380840,496,6,0
20815,2380840,498,7,0
20619,2380840,500,8,0
20617,2380840,500,9,0
20615,2380840,502,10,0
20540,2380840,503,11,0
20542,2380840,506,12,0
20514,2380840,509,13,0
20516,2380840,510,14,0
20350,2380840,511,15,0
21239,2380840,511,16,0
21152,2380840,514,17,0
21206,2380840,515,18,1
21207,393892,1035,1,0
21150,393892,1036,2,0
20349,393892,1038,3,0
20478,393892,1039,4,0
20543,393892,1042,5,0
20541,393892,1044,6,0
20616,393892,1044,7,0
20618,393892,1046,8,0
20620,393892,1046,9,0
20169,393892,1048,10,0
21008,393892,1050,11,0
20937,393892,1053,12,0
20939,393892,1054,13,0
20941,393892,1056,14,0
20942,393892,1057,15,1
21207,393893,1095,1,0
21150,393893,1096,2,0
20349,393893,1098,3,0
20478,393893,1099,4,0
20543,393893,1102,5,0
20541,393893,1104,6,0
20616,393893,1104,7,0
20618,393893,1106,8,0
20620,393893,1106,9,0
20169,393893,1108,10,0
21008,393893,1110,11,0
20937,393893,1113,12,0
20939,393893,1114,13,0
20941,393893,1116,14,0
20942,393893,1117,15,1
21207,393894,1235,1,0
21150,393894,1236,2,0
20349,393894,1238,3,0
20478,393894,1239,4,0
20543,393894,1242,5,0
20541,393894,1244,6,0
20616,393894,1244,7,0
20618,393894,1246,8,0
20620,393894,1246,9,0
20169,393894,1248,10,0
21008,393894,1250,11,0
20937,393894,1253,12,0
20939,393894,1254,13,0
20941,393894,1256,14,0
20942,393894,1257,15,1
20942,393895,1150,1,0
20996,393895,1150,2,0
20940,393895,1151,3,0
20938,393895,1153,4,0
20936,393895,1153,5,0
21007,393895,1156,6,0
20815,393895,1158,7,0
20619,393895,1160,8,0
20617,393895,1160,9,0
20615,393895,1162,10,0
20540,393895,1163,11,0
20542,393895,1166,12,0
20514,393895,1169,13,0
20516,393895,1170,14,0
20350,393895,1171,15,0
21239,393895,1171,16,0
21152,393895,1174,17,0
21206,393895,1175,18,1
21207,393890,945,1,0
21150,393890,946,2,0
20349,393890,948,3,0
20478,393890,949,4,0
20543,393890,952,5,0
20541,393890,954,6,0
20616,393890,954,7,0
20618,393890,956,8,0
20620,393890,956,9,0
20169,393890,958,10,0
21008,393890,960,11,0
20937,393890,963,12,0
20939,393890,964,13,0
20941,393890,966,14,0
20942,393890,967,15,1
21207,393891,1005,1,0
21150,393891,1006,2,0
20349,393891,1008,3,0
20478,393891,1009,4,0
20543,393891,1012,5,0
20541,393891,1014,6,0
20616,393891,1014,7,0
20618,393891,1016,8,0
20620,393891,1016,9,0
20169,393891,1018,10,0
21008,393891,1020,11,0
20937,393891,1023,12,0
20939,393891,1024,13,0
20941,393891,1026,14,0
20942,393891,1027,15,1
21207,393883,435,1,0
21150,393883,436,2,0
20349,393883,438,3,0
20478,393883,439,4,0
20543,393883,442,5,0
20541,393883,444,6,0
20616,393883,444,7,0
20618,393883,446,8,0
20620,393883,446,9,0
20169,393883,448,10,0
21008,393883,450,11,0
20937,393883,453,12,0
20939,393883,454,13,0
20941,393883,456,14,0
20942,393883,457,15,1
21207,393884,585,1,0
21150,393884,586,2,0
20349,393884,588,3,0
20478,393884,589,4,0
20543,393884,592,5,0
20541,393884,594,6,0
20616,393884,594,7,0
20618,393884,596,8,0
20620,393884,596,9,0
20169,393884,598,10,0
21008,393884,600,11,0
20937,393884,603,12,0
20939,393884,604,13,0
20941,393884,606,14,0
20942,393884,607,15,1
20942,393881,1210,1,0
20996,393881,1210,2,0
20940,393881,1211,3,0
20938,393881,1213,4,0
20936,393881,1213,5,0
21007,393881,1216,6,0
20815,393881,1218,7,0
20619,393881,1220,8,0
20617,393881,1220,9,0
20615,393881,1222,10,0
20540,393881,1223,11,0
20542,393881,1226,12,0
20514,393881,1229,13,0
20516,393881,1230,14,0
20350,393881,1231,15,0
21239,393881,1231,16,0
21152,393881,1234,17,0
21206,393881,1235,18,1
21207,393882,375,1,0
21150,393882,376,2,0
20349,393882,378,3,0
20478,393882,379,4,0
20543,393882,382,5,0
20541,393882,384,6,0
20616,393882,384,7,0
20618,393882,386,8,0
20620,393882,386,9,0
20169,393882,388,10,0
21008,393882,390,11,0
20937,393882,393,12,0
20939,393882,394,13,0
20941,393882,396,14,0
20942,393882,397,15,1
20942,393880,1030,1,0
20996,393880,1030,2,0
20940,393880,1031,3,0
20938,393880,1033,4,0
20936,393880,1033,5,0
21007,393880,1036,6,0
20815,393880,1038,7,0
20619,393880,1040,8,0
20617,393880,1040,9,0
20615,393880,1042,10,0
20540,393880,1043,11,0
20542,393880,1046,12,0
20514,393880,1049,13,0
20516,393880,1050,14,0
20350,393880,1051,15,0
21239,393880,1051,16,0
21152,393880,1054,17,0
21206,393880,1055,18,1
21207,393889,885,1,0
21150,393889,886,2,0
20349,393889,888,3,0
20478,393889,889,4,0
20543,393889,892,5,0
20541,393889,894,6,0
20616,393889,894,7,0
20618,393889,896,8,0
20620,393889,896,9,0
20169,393889,898,10,0
21008,393889,900,11,0
20937,393889,903,12,0
20939,393889,904,13,0
20941,393889,906,14,0
20942,393889,907,15,1
21207,393887,765,1,0
21150,393887,766,2,0
20349,393887,768,3,0
20478,393887,769,4,0
20543,393887,772,5,0
20541,393887,774,6,0
20616,393887,774,7,0
20618,393887,776,8,0
20620,393887,776,9,0
20169,393887,778,10,0
21008,393887,780,11,0
20937,393887,783,12,0
20939,393887,784,13,0
20941,393887,786,14,0
20942,393887,787,15,1
21207,393888,825,1,0
21150,393888,826,2,0
20349,393888,828,3,0
20478,393888,829,4,0
20543,393888,832,5,0
20541,393888,834,6,0
20616,393888,834,7,0
20618,393888,836,8,0
20620,393888,836,9,0
20169,393888,838,10,0
21008,393888,840,11,0
20937,393888,843,12,0
20939,393888,844,13,0
20941,393888,846,14,0
20942,393888,847,15,1
21207,393885,645,1,0
21150,393885,646,2,0
20349,393885,648,3,0
20478,393885,649,4,0
20543,393885,652,5,0
20541,393885,654,6,0
20616,393885,654,7,0
20618,393885,656,8,0
20620,393885,656,9,0
20169,393885,658,10,0
21008,393885,660,11,0
20937,393885,663,12,0
20939,393885,664,13,0
20941,393885,666,14,0
20942,393885,667,15,1
21207,393886,705,1,0
21150,393886,706,2,0
20349,393886,708,3,0
20478,393886,709,4,0
20543,393886,712,5,0
20541,393886,714,6,0
20616,393886,714,7,0
20618,393886,716,8,0
20620,393886,716,9,0
20169,393886,718,10,0
21008,393886,720,11,0
20937,393886,723,12,0
20939,393886,724,13,0
20941,393886,726,14,0
20942,393886,727,15,1
20942,393875,730,1,0
20996,393875,730,2,0
20940,393875,731,3,0
20938,393875,733,4,0
20936,393875,733,5,0
21007,393875,736,6,0
20815,393875,738,7,0
20619,393875,740,8,0
20617,393875,740,9,0
20615,393875,742,10,0
20540,393875,743,11,0
20542,393875,746,12,0
20514,393875,749,13,0
20516,393875,750,14,0
20350,393875,751,15,0
21239,393875,751,16,0
21152,393875,754,17,0
21206,393875,755,18,1
20942,393874,670,1,0
20996,393874,670,2,0
20940,393874,671,3,0
20938,393874,673,4,0
20936,393874,673,5,0
21007,393874,676,6,0
20815,393874,678,7,0
20619,393874,680,8,0
20617,393874,680,9,0
20615,393874,682,10,0
20540,393874,683,11,0
20542,393874,686,12,0
20514,393874,689,13,0
20516,393874,690,14,0
20350,393874,691,15,0
21239,393874,691,16,0
21152,393874,694,17,0
21206,393874,695,18,1
20942,393877,850,1,0
20996,393877,850,2,0
20940,393877,851,3,0
20938,393877,853,4,0
20936,393877,853,5,0
21007,393877,856,6,0
20815,393877,858,7,0
20619,393877,860,8,0
20617,393877,860,9,0
20615,393877,862,10,0
20540,393877,863,11,0
20542,393877,866,12,0
20514,393877,869,13,0
20516,393877,870,14,0
20350,393877,871,15,0
21239,393877,871,16,0
21152,393877,874,17,0
21206,393877,875,18,1
20942,393876,790,1,0
20996,393876,790,2,0
20940,393876,791,3,0
20938,393876,793,4,0
20936,393876,793,5,0
21007,393876,796,6,0
20815,393876,798,7,0
20619,393876,800,8,0
20617,393876,800,9,0
20615,393876,802,10,0
20540,393876,803,11,0
20542,393876,806,12,0
20514,393876,809,13,0
20516,393876,810,14,0
20350,393876,811,15,0
21239,393876,811,16,0
21152,393876,814,17,0
21206,393876,815,18,1
20942,393879,970,1,0
20996,393879,970,2,0
20940,393879,971,3,0
20938,393879,973,4,0
20936,393879,973,5,0
21007,393879,976,6,0
20815,393879,978,7,0
20619,393879,980,8,0
20617,393879,980,9,0
20615,393879,982,10,0
20540,393879,983,11,0
20542,393879,986,12,0
20514,393879,989,13,0
20516,393879,990,14,0
20350,393879,991,15,0
21239,393879,991,16,0
21152,393879,994,17,0
21206,393879,995,18,1
20942,393878,910,1,0
20996,393878,910,2,0
20940,393878,911,3,0
20938,393878,913,4,0
20936,393878,913,5,0
21007,393878,916,6,0
20815,393878,918,7,0
20619,393878,920,8,0
20617,393878,920,9,0
20615,393878,922,10,0
20540,393878,923,11,0
20542,393878,926,12,0
20514,393878,929,13,0
20516,393878,930,14,0
20350,393878,931,15,0
21239,393878,931,16,0
21152,393878,934,17,0
21206,393878,935,18,1
20942,393871,380,1,0
20996,393871,380,2,0
20940,393871,381,3,0
20938,393871,383,4,0
20936,393871,383,5,0
21007,393871,386,6,0
20815,393871,388,7,0
20619,393871,390,8,0
20617,393871,390,9,0
20615,393871,392,10,0
20540,393871,393,11,0
20542,393871,396,12,0
20514,393871,399,13,0
20516,393871,400,14,0
20350,393871,401,15,0
21239,393871,401,16,0
21152,393871,404,17,0
21206,393871,405,18,1
20942,393870,320,1,0
20996,393870,320,2,0
20940,393870,321,3,0
20938,393870,323,4,0
20936,393870,323,5,0
21007,393870,326,6,0
20815,393870,328,7,0
20619,393870,330,8,0
20617,393870,330,9,0
20615,393870,332,10,0
20540,393870,333,11,0
20542,393870,336,12,0
20514,393870,339,13,0
20516,393870,340,14,0
20350,393870,341,15,0
21239,393870,341,16,0
21152,393870,344,17,0
21206,393870,345,18,1
20942,393873,610,1,0
20996,393873,610,2,0
20940,393873,611,3,0
20938,393873,613,4,0
20936,393873,613,5,0
21007,393873,616,6,0
20815,393873,618,7,0
20619,393873,620,8,0
20617,393873,620,9,0
20615,393873,622,10,0
20540,393873,623,11,0
20542,393873,626,12,0
20514,393873,629,13,0
20516,393873,630,14,0
20350,393873,631,15,0
21239,393873,631,16,0
21152,393873,634,17,0
21206,393873,635,18,1
20942,393872,550,1,0
20996,393872,550,2,0
20940,393872,551,3,0
20938,393872,553,4,0
20936,393872,553,5,0
21007,393872,556,6,0
20815,393872,558,7,0
20619,393872,560,8,0
20617,393872,560,9,0
20615,393872,562,10,0
20540,393872,563,11,0
20542,393872,566,12,0
20514,393872,569,13,0
20516,393872,570,14,0
20350,393872,571,15,0
21239,393872,571,16,0
21152,393872,574,17,0
21206,393872,575,18,1
21207,393866,525,1,0
21150,393866,526,2,0
20349,393866,528,3,0
20478,393866,529,4,0
20543,393866,532,5,0
20541,393866,534,6,0
20616,393866,534,7,0
20618,393866,536,8,0
20620,393866,536,9,0
20169,393866,538,10,0
21008,393866,540,11,0
20937,393866,543,12,0
20939,393866,544,13,0
20941,393866,546,14,0
20942,393866,547,15,1
20942,393865,1092,1,0
20996,393865,1092,2,0
20940,393865,1093,3,0
20938,393865,1095,4,0
20936,393865,1095,5,0
21007,393865,1098,6,0
20815,393865,1100,7,0
20619,393865,1102,8,0
20617,393865,1102,9,0
20615,393865,1104,10,0
20540,393865,1105,11,0
20542,393865,1108,12,0
20514,393865,1111,13,0
20516,393865,1112,14,0
20350,393865,1113,15,0
21239,393865,1113,16,0
21152,393865,1116,17,0
21206,393865,1117,18,1
20942,393864,490,1,0
20996,393864,490,2,0
20940,393864,491,3,0
20938,393864,493,4,0
20936,393864,493,5,0
21007,393864,496,6,0
20815,393864,498,7,0
20619,393864,500,8,0
20617,393864,500,9,0
20615,393864,502,10,0
20540,393864,503,11,0
20542,393864,506,12,0
20514,393864,509,13,0
20516,393864,510,14,0
20350,393864,511,15,0
21239,393864,511,16,0
21152,393864,514,17,0
21206,393864,515,18,1
20942,393863,425,1,0
20996,393863,425,2,0
20940,393863,426,3,0
20938,393863,428,4,0
20936,393863,428,5,0
21007,393863,431,6,0
20815,393863,433,7,0
20619,393863,435,8,0
20617,393863,435,9,0
20615,393863,437,10,0
20540,393863,438,11,0
20542,393863,441,12,0
20514,393863,444,13,0
20516,393863,445,14,0
20350,393863,446,15,0
21239,393863,446,16,0
21152,393863,449,17,0
21206,393863,450,18,1
21207,393869,1125,1,0
21150,393869,1126,2,0
20349,393869,1128,3,0
20478,393869,1129,4,0
20543,393869,1132,5,0
20541,393869,1134,6,0
20616,393869,1134,7,0
20618,393869,1136,8,0
20620,393869,1136,9,0
20169,393869,1138,10,0
21008,393869,1140,11,0
20937,393869,1143,12,0
20939,393869,1144,13,0
20941,393869,1146,14,0
20942,393869,1147,15,1
21207,393868,1065,1,0
21150,393868,1066,2,0
20349,393868,1068,3,0
20478,393868,1069,4,0
20543,393868,1072,5,0
20541,393868,1074,6,0
20616,393868,1074,7,0
20618,393868,1076,8,0
20620,393868,1076,9,0
20169,393868,1078,10,0
21008,393868,1080,11,0
20937,393868,1083,12,0
20939,393868,1084,13,0
20941,393868,1086,14,0
20942,393868,1087,15,1
21207,393867,460,1,0
21150,393867,461,2,0
20349,393867,463,3,0
20478,393867,464,4,0
20543,393867,467,5,0
20541,393867,469,6,0
20616,393867,469,7,0
20618,393867,471,8,0
20620,393867,471,9,0
20169,393867,473,10,0
21008,393867,475,11,0
20937,393867,478,12,0
20939,393867,479,13,0
20941,393867,481,14,0
20942,393867,482,15,1
21207,393862,1185,1,0
21150,393862,1186,2,0
20349,393862,1188,3,0
20478,393862,1189,4,0
20543,393862,1192,5,0
20541,393862,1194,6,0
20616,393862,1194,7,0
20618,393862,1196,8,0
20620,393862,1196,9,0
20169,393862,1198,10,0
21008,393862,1200,11,0
20937,393862,1203,12,0
20939,393862,1204,13,0
20941,393862,1206,14,0
20942,393862,1207,15,1
20942,635262,1150,1,0
20996,635262,1150,2,0
20940,635262,1151,3,0
20938,635262,1153,4,0
20936,635262,1153,5,0
21007,635262,1156,6,0
20815,635262,1158,7,0
20619,635262,1160,8,0
20617,635262,1160,9,0
20615,635262,1162,10,0
20540,635262,1163,11,0
20542,635262,1166,12,0
20514,635262,1169,13,0
20516,635262,1170,14,0
20350,635262,1171,15,0
21239,635262,1171,16,0
21152,635262,1174,17,0
21206,635262,1175,18,1
21207,635260,1095,1,0
21150,635260,1096,2,0
20349,635260,1098,3,0
20478,635260,1099,4,0
20543,635260,1102,5,0
20541,635260,1104,6,0
20616,635260,1104,7,0
20618,635260,1106,8,0
20620,635260,1106,9,0
20169,635260,1108,10,0
21008,635260,1110,11,0
20937,635260,1113,12,0
20939,635260,1114,13,0
20941,635260,1116,14,0
20942,635260,1117,15,1
21207,635261,1235,1,0
21150,635261,1236,2,0
20349,635261,1238,3,0
20478,635261,1239,4,0
20543,635261,1242,5,0
20541,635261,1244,6,0
20616,635261,1244,7,0
20618,635261,1246,8,0
20620,635261,1246,9,0
20169,635261,1248,10,0
21008,635261,1250,11,0
20937,635261,1253,12,0
20939,635261,1254,13,0
20941,635261,1256,14,0
20942,635261,1257,15,1
21207,635249,645,1,0
21150,635249,646,2,0
20349,635249,648,3,0
20478,635249,649,4,0
20543,635249,652,5,0
20541,635249,654,6,0
20616,635249,654,7,0
20618,635249,656,8,0
20620,635249,656,9,0
20169,635249,658,10,0
21008,635249,660,11,0
20937,635249,663,12,0
20939,635249,664,13,0
20941,635249,666,14,0
20942,635249,667,15,1
21207,635246,435,1,0
21150,635246,436,2,0
20349,635246,438,3,0
20478,635246,439,4,0
20543,635246,442,5,0
20541,635246,444,6,0
20616,635246,444,7,0
20618,635246,446,8,0
20620,635246,446,9,0
20169,635246,448,10,0
21008,635246,450,11,0
20937,635246,453,12,0
20939,635246,454,13,0
20941,635246,456,14,0
20942,635246,457,15,1
21207,635247,585,1,0
21150,635247,586,2,0
20349,635247,588,3,0
20478,635247,589,4,0
20543,635247,592,5,0
20541,635247,594,6,0
20616,635247,594,7,0
20618,635247,596,8,0
20620,635247,596,9,0
20169,635247,598,10,0
21008,635247,600,11,0
20937,635247,603,12,0
20939,635247,604,13,0
20941,635247,606,14,0
20942,635247,607,15,1
20942,635244,1210,1,0
20996,635244,1210,2,0
20940,635244,1211,3,0
20938,635244,1213,4,0
20936,635244,1213,5,0
21007,635244,1216,6,0
20815,635244,1218,7,0
20619,635244,1220,8,0
20617,635244,1220,9,0
20615,635244,1222,10,0
20540,635244,1223,11,0
20542,635244,1226,12,0
20514,635244,1229,13,0
20516,635244,1230,14,0
20350,635244,1231,15,0
21239,635244,1231,16,0
21152,635244,1234,17,0
21206,635244,1235,18,1
21207,635245,375,1,0
21150,635245,376,2,0
20349,635245,378,3,0
20478,635245,379,4,0
20543,635245,382,5,0
20541,635245,384,6,0
20616,635245,384,7,0
20618,635245,386,8,0
20620,635245,386,9,0
20169,635245,388,10,0
21008,635245,390,11,0
20937,635245,393,12,0
20939,635245,394,13,0
20941,635245,396,14,0
20942,635245,397,15,1
21207,635258,1005,1,0
21150,635258,1006,2,0
20349,635258,1008,3,0
20478,635258,1009,4,0
20543,635258,1012,5,0
20541,635258,1014,6,0
20616,635258,1014,7,0
20618,635258,1016,8,0
20620,635258,1016,9,0
20169,635258,1018,10,0
21008,635258,1020,11,0
20937,635258,1023,12,0
20939,635258,1024,13,0
20941,635258,1026,14,0
20942,635258,1027,15,1
21207,635259,1035,1,0
21150,635259,1036,2,0
20349,635259,1038,3,0
20478,635259,1039,4,0
20543,635259,1042,5,0
20541,635259,1044,6,0
20616,635259,1044,7,0
20618,635259,1046,8,0
20620,635259,1046,9,0
20169,635259,1048,10,0
21008,635259,1050,11,0
20937,635259,1053,12,0
20939,635259,1054,13,0
20941,635259,1056,14,0
20942,635259,1057,15,1
21207,635253,825,1,0
21150,635253,826,2,0
20349,635253,828,3,0
20478,635253,829,4,0
20543,635253,832,5,0
20541,635253,834,6,0
20616,635253,834,7,0
20618,635253,836,8,0
20620,635253,836,9,0
20169,635253,838,10,0
21008,635253,840,11,0
20937,635253,843,12,0
20939,635253,844,13,0
20941,635253,846,14,0
20942,635253,847,15,1
21207,635255,885,1,0
21150,635255,886,2,0
20349,635255,888,3,0
20478,635255,889,4,0
20543,635255,892,5,0
20541,635255,894,6,0
20616,635255,894,7,0
20618,635255,896,8,0
20620,635255,896,9,0
20169,635255,898,10,0
21008,635255,900,11,0
20937,635255,903,12,0
20939,635255,904,13,0
20941,635255,906,14,0
20942,635255,907,15,1
21207,635256,945,1,0
21150,635256,946,2,0
20349,635256,948,3,0
20478,635256,949,4,0
20543,635256,952,5,0
20541,635256,954,6,0
20616,635256,954,7,0
20618,635256,956,8,0
20620,635256,956,9,0
20169,635256,958,10,0
21008,635256,960,11,0
20937,635256,963,12,0
20939,635256,964,13,0
20941,635256,966,14,0
20942,635256,967,15,1
21207,635250,705,1,0
21150,635250,706,2,0
20349,635250,708,3,0
20478,635250,709,4,0
20543,635250,712,5,0
20541,635250,714,6,0
20616,635250,714,7,0
20618,635250,716,8,0
20620,635250,716,9,0
20169,635250,718,10,0
21008,635250,720,11,0
20937,635250,723,12,0
20939,635250,724,13,0
20941,635250,726,14,0
20942,635250,727,15,1
21207,635252,765,1,0
21150,635252,766,2,0
20349,635252,768,3,0
20478,635252,769,4,0
20543,635252,772,5,0
20541,635252,774,6,0
20616,635252,774,7,0
20618,635252,776,8,0
20620,635252,776,9,0
20169,635252,778,10,0
21008,635252,780,11,0
20937,635252,783,12,0
20939,635252,784,13,0
20941,635252,786,14,0
20942,635252,787,15,1
20942,2381090,610,1,0
20996,2381090,610,2,0
20940,2381090,611,3,0
20938,2381090,613,4,0
20936,2381090,613,5,0
21007,2381090,616,6,0
20815,2381090,618,7,0
20619,2381090,620,8,0
20617,2381090,620,9,0
20615,2381090,622,10,0
20540,2381090,623,11,0
20542,2381090,626,12,0
20514,2381090,629,13,0
20516,2381090,630,14,0
20350,2381090,631,15,0
21239,2381090,631,16,0
21152,2381090,634,17,0
21206,2381090,635,18,1
20942,2381092,730,1,0
20996,2381092,730,2,0
20940,2381092,731,3,0
20938,2381092,733,4,0
20936,2381092,733,5,0
21007,2381092,736,6,0
20815,2381092,738,7,0
20619,2381092,740,8,0
20617,2381092,740,9,0
20615,2381092,742,10,0
20540,2381092,743,11,0
20542,2381092,746,12,0
20514,2381092,749,13,0
20516,2381092,750,14,0
20350,2381092,751,15,0
21239,2381092,751,16,0
21152,2381092,754,17,0
21206,2381092,755,18,1
20942,2381091,670,1,0
20996,2381091,670,2,0
20940,2381091,671,3,0
20938,2381091,673,4,0
20936,2381091,673,5,0
21007,2381091,676,6,0
20815,2381091,678,7,0
20619,2381091,680,8,0
20617,2381091,680,9,0
20615,2381091,682,10,0
20540,2381091,683,11,0
20542,2381091,686,12,0
20514,2381091,689,13,0
20516,2381091,690,14,0
20350,2381091,691,15,0
21239,2381091,691,16,0
21152,2381091,694,17,0
21206,2381091,695,18,1
20942,2381093,790,1,0
20996,2381093,790,2,0
20940,2381093,791,3,0
20938,2381093,793,4,0
20936,2381093,793,5,0
21007,2381093,796,6,0
20815,2381093,798,7,0
20619,2381093,800,8,0
20617,2381093,800,9,0
20615,2381093,802,10,0
20540,2381093,803,11,0
20542,2381093,806,12,0
20514,2381093,809,13,0
20516,2381093,810,14,0
20350,2381093,811,15,0
21239,2381093,811,16,0
21152,2381093,814,17,0
21206,2381093,815,18,1
20942,2381094,850,1,0
20996,2381094,850,2,0
20940,2381094,851,3,0
20938,2381094,853,4,0
20936,2381094,853,5,0
21007,2381094,856,6,0
20815,2381094,858,7,0
20619,2381094,860,8,0
20617,2381094,860,9,0
20615,2381094,862,10,0
20540,2381094,863,11,0
20542,2381094,866,12,0
20514,2381094,869,13,0
20516,2381094,870,14,0
20350,2381094,871,15,0
21239,2381094,871,16,0
21152,2381094,874,17,0
21206,2381094,875,18,1
20942,2381095,910,1,0
20996,2381095,910,2,0
20940,2381095,911,3,0
20938,2381095,913,4,0
20936,2381095,913,5,0
21007,2381095,916,6,0
20815,2381095,918,7,0
20619,2381095,920,8,0
20617,2381095,920,9,0
20615,2381095,922,10,0
20540,2381095,923,11,0
20542,2381095,926,12,0
20514,2381095,929,13,0
20516,2381095,930,14,0
20350,2381095,931,15,0
21239,2381095,931,16,0
21152,2381095,934,17,0
21206,2381095,935,18,1
20942,2381096,970,1,0
20996,2381096,970,2,0
20940,2381096,971,3,0
20938,2381096,973,4,0
20936,2381096,973,5,0
21007,2381096,976,6,0
20815,2381096,978,7,0
20619,2381096,980,8,0
20617,2381096,980,9,0
20615,2381096,982,10,0
20540,2381096,983,11,0
20542,2381096,986,12,0
20514,2381096,989,13,0
20516,2381096,990,14,0
20350,2381096,991,15,0
21239,2381096,991,16,0
21152,2381096,994,17,0
21206,2381096,995,18,1
20942,2381097,1030,1,0
20996,2381097,1030,2,0
20940,2381097,1031,3,0
20938,2381097,1033,4,0
20936,2381097,1033,5,0
21007,2381097,1036,6,0
20815,2381097,1038,7,0
20619,2381097,1040,8,0
20617,2381097,1040,9,0
20615,2381097,1042,10,0
20540,2381097,1043,11,0
20542,2381097,1046,12,0
20514,2381097,1049,13,0
20516,2381097,1050,14,0
20350,2381097,1051,15,0
21239,2381097,1051,16,0
21152,2381097,1054,17,0
21206,2381097,1055,18,1
20942,2381098,1210,1,0
20996,2381098,1210,2,0
20940,2381098,1211,3,0
20938,2381098,1213,4,0
20936,2381098,1213,5,0
21007,2381098,1216,6,0
20815,2381098,1218,7,0
20619,2381098,1220,8,0
20617,2381098,1220,9,0
20615,2381098,1222,10,0
20540,2381098,1223,11,0
20542,2381098,1226,12,0
20514,2381098,1229,13,0
20516,2381098,1230,14,0
20350,2381098,1231,15,0
21239,2381098,1231,16,0
21152,2381098,1234,17,0
21206,2381098,1235,18,1
21207,2381099,375,1,0
21150,2381099,376,2,0
20349,2381099,378,3,0
20478,2381099,379,4,0
20543,2381099,382,5,0
20541,2381099,384,6,0
20616,2381099,384,7,0
20618,2381099,386,8,0
20620,2381099,386,9,0
20169,2381099,388,10,0
21008,2381099,390,11,0
20937,2381099,393,12,0
20939,2381099,394,13,0
20941,2381099,396,14,0
20942,2381099,397,15,1
21207,2381109,1035,1,0
21150,2381109,1036,2,0
20349,2381109,1038,3,0
20478,2381109,1039,4,0
20543,2381109,1042,5,0
20541,2381109,1044,6,0
20616,2381109,1044,7,0
20618,2381109,1046,8,0
20620,2381109,1046,9,0
20169,2381109,1048,10,0
21008,2381109,1050,11,0
20937,2381109,1053,12,0
20939,2381109,1054,13,0
20941,2381109,1056,14,0
20942,2381109,1057,15,1
21207,2381111,1235,1,0
21150,2381111,1236,2,0
20349,2381111,1238,3,0
20478,2381111,1239,4,0
20543,2381111,1242,5,0
20541,2381111,1244,6,0
20616,2381111,1244,7,0
20618,2381111,1246,8,0
20620,2381111,1246,9,0
20169,2381111,1248,10,0
21008,2381111,1250,11,0
20937,2381111,1253,12,0
20939,2381111,1254,13,0
20941,2381111,1256,14,0
20942,2381111,1257,15,1
21207,2381110,1095,1,0
21150,2381110,1096,2,0
20349,2381110,1098,3,0
20478,2381110,1099,4,0
20543,2381110,1102,5,0
20541,2381110,1104,6,0
20616,2381110,1104,7,0
20618,2381110,1106,8,0
20620,2381110,1106,9,0
20169,2381110,1108,10,0
21008,2381110,1110,11,0
20937,2381110,1113,12,0
20939,2381110,1114,13,0
20941,2381110,1116,14,0
20942,2381110,1117,15,1
20942,2381112,1150,1,0
20996,2381112,1150,2,0
20940,2381112,1151,3,0
20938,2381112,1153,4,0
20936,2381112,1153,5,0
21007,2381112,1156,6,0
20815,2381112,1158,7,0
20619,2381112,1160,8,0
20617,2381112,1160,9,0
20615,2381112,1162,10,0
20540,2381112,1163,11,0
20542,2381112,1166,12,0
20514,2381112,1169,13,0
20516,2381112,1170,14,0
20350,2381112,1171,15,0
21239,2381112,1171,16,0
21152,2381112,1174,17,0
21206,2381112,1175,18,1
21207,2381100,435,1,0
21150,2381100,436,2,0
20349,2381100,438,3,0
20478,2381100,439,4,0
20543,2381100,442,5,0
20541,2381100,444,6,0
20616,2381100,444,7,0
20618,2381100,446,8,0
20620,2381100,446,9,0
20169,2381100,448,10,0
21008,2381100,450,11,0
20937,2381100,453,12,0
20939,2381100,454,13,0
20941,2381100,456,14,0
20942,2381100,457,15,1
21207,2381108,1005,1,0
21150,2381108,1006,2,0
20349,2381108,1008,3,0
20478,2381108,1009,4,0
20543,2381108,1012,5,0
20541,2381108,1014,6,0
20616,2381108,1014,7,0
20618,2381108,1016,8,0
20620,2381108,1016,9,0
20169,2381108,1018,10,0
21008,2381108,1020,11,0
20937,2381108,1023,12,0
20939,2381108,1024,13,0
20941,2381108,1026,14,0
20942,2381108,1027,15,1
21207,2381107,945,1,0
21150,2381107,946,2,0
20349,2381107,948,3,0
20478,2381107,949,4,0
20543,2381107,952,5,0
20541,2381107,954,6,0
20616,2381107,954,7,0
20618,2381107,956,8,0
20620,2381107,956,9,0
20169,2381107,958,10,0
21008,2381107,960,11,0
20937,2381107,963,12,0
20939,2381107,964,13,0
20941,2381107,966,14,0
20942,2381107,967,15,1
21207,2381106,885,1,0
21150,2381106,886,2,0
20349,2381106,888,3,0
20478,2381106,889,4,0
20543,2381106,892,5,0
20541,2381106,894,6,0
20616,2381106,894,7,0
20618,2381106,896,8,0
20620,2381106,896,9,0
20169,2381106,898,10,0
21008,2381106,900,11,0
20937,2381106,903,12,0
20939,2381106,904,13,0
20941,2381106,906,14,0
20942,2381106,907,15,1
21207,2381105,825,1,0
21150,2381105,826,2,0
20349,2381105,828,3,0
20478,2381105,829,4,0
20543,2381105,832,5,0
20541,2381105,834,6,0
20616,2381105,834,7,0
20618,2381105,836,8,0
20620,2381105,836,9,0
20169,2381105,838,10,0
21008,2381105,840,11,0
20937,2381105,843,12,0
20939,2381105,844,13,0
20941,2381105,846,14,0
20942,2381105,847,15,1
21207,2381104,765,1,0
21150,2381104,766,2,0
20349,2381104,768,3,0
20478,2381104,769,4,0
20543,2381104,772,5,0
20541,2381104,774,6,0
20616,2381104,774,7,0
20618,2381104,776,8,0
20620,2381104,776,9,0
20169,2381104,778,10,0
21008,2381104,780,11,0
20937,2381104,783,12,0
20939,2381104,784,13,0
20941,2381104,786,14,0
20942,2381104,787,15,1
21207,2381103,705,1,0
21150,2381103,706,2,0
20349,2381103,708,3,0
20478,2381103,709,4,0
20543,2381103,712,5,0
20541,2381103,714,6,0
20616,2381103,714,7,0
20618,2381103,716,8,0
20620,2381103,716,9,0
20169,2381103,718,10,0
21008,2381103,720,11,0
20937,2381103,723,12,0
20939,2381103,724,13,0
20941,2381103,726,14,0
20942,2381103,727,15,1
21207,2381102,645,1,0
21150,2381102,646,2,0
20349,2381102,648,3,0
20478,2381102,649,4,0
20543,2381102,652,5,0
20541,2381102,654,6,0
20616,2381102,654,7,0
20618,2381102,656,8,0
20620,2381102,656,9,0
20169,2381102,658,10,0
21008,2381102,660,11,0
20937,2381102,663,12,0
20939,2381102,664,13,0
20941,2381102,666,14,0
20942,2381102,667,15,1
21207,2381101,585,1,0
21150,2381101,586,2,0
20349,2381101,588,3,0
20478,2381101,589,4,0
20543,2381101,592,5,0
20541,2381101,594,6,0
20616,2381101,594,7,0
20618,2381101,596,8,0
20620,2381101,596,9,0
20169,2381101,598,10,0
21008,2381101,600,11,0
20937,2381101,603,12,0
20939,2381101,604,13,0
20941,2381101,606,14,0
20942,2381101,607,15,1
20942,2381081,490,1,0
20996,2381081,490,2,0
20940,2381081,491,3,0
20938,2381081,493,4,0
20936,2381081,493,5,0
21007,2381081,496,6,0
20815,2381081,498,7,0
20619,2381081,500,8,0
20617,2381081,500,9,0
20615,2381081,502,10,0
20540,2381081,503,11,0
20542,2381081,506,12,0
20514,2381081,509,13,0
20516,2381081,510,14,0
20350,2381081,511,15,0
21239,2381081,511,16,0
21152,2381081,514,17,0
21206,2381081,515,18,1
20942,2381080,425,1,0
20996,2381080,425,2,0
20940,2381080,426,3,0
20938,2381080,428,4,0
20936,2381080,428,5,0
21007,2381080,431,6,0
20815,2381080,433,7,0
20619,2381080,435,8,0
20617,2381080,435,9,0
20615,2381080,437,10,0
20540,2381080,438,11,0
20542,2381080,441,12,0
20514,2381080,444,13,0
20516,2381080,445,14,0
20350,2381080,446,15,0
21239,2381080,446,16,0
21152,2381080,449,17,0
21206,2381080,450,18,1
21207,2381084,460,1,0
21150,2381084,461,2,0
20349,2381084,463,3,0
20478,2381084,464,4,0
20543,2381084,467,5,0
20541,2381084,469,6,0
20616,2381084,469,7,0
20618,2381084,471,8,0
20620,2381084,471,9,0
20169,2381084,473,10,0
21008,2381084,475,11,0
20937,2381084,478,12,0
20939,2381084,479,13,0
20941,2381084,481,14,0
20942,2381084,482,15,1
21207,2381085,1065,1,0
21150,2381085,1066,2,0
20349,2381085,1068,3,0
20478,2381085,1069,4,0
20543,2381085,1072,5,0
20541,2381085,1074,6,0
20616,2381085,1074,7,0
20618,2381085,1076,8,0
20620,2381085,1076,9,0
20169,2381085,1078,10,0
21008,2381085,1080,11,0
20937,2381085,1083,12,0
20939,2381085,1084,13,0
20941,2381085,1086,14,0
20942,2381085,1087,15,1
20942,2381082,1092,1,0
20996,2381082,1092,2,0
20940,2381082,1093,3,0
20938,2381082,1095,4,0
20936,2381082,1095,5,0
21007,2381082,1098,6,0
20815,2381082,1100,7,0
20619,2381082,1102,8,0
20617,2381082,1102,9,0
20615,2381082,1104,10,0
20540,2381082,1105,11,0
20542,2381082,1108,12,0
20514,2381082,1111,13,0
20516,2381082,1112,14,0
20350,2381082,1113,15,0
21239,2381082,1113,16,0
21152,2381082,1116,17,0
21206,2381082,1117,18,1
21207,2381083,525,1,0
21150,2381083,526,2,0
20349,2381083,528,3,0
20478,2381083,529,4,0
20543,2381083,532,5,0
20541,2381083,534,6,0
20616,2381083,534,7,0
20618,2381083,536,8,0
20620,2381083,536,9,0
20169,2381083,538,10,0
21008,2381083,540,11,0
20937,2381083,543,12,0
20939,2381083,544,13,0
20941,2381083,546,14,0
20942,2381083,547,15,1
20942,2381088,380,1,0
20996,2381088,380,2,0
20940,2381088,381,3,0
20938,2381088,383,4,0
20936,2381088,383,5,0
21007,2381088,386,6,0
20815,2381088,388,7,0
20619,2381088,390,8,0
20617,2381088,390,9,0
20615,2381088,392,10,0
20540,2381088,393,11,0
20542,2381088,396,12,0
20514,2381088,399,13,0
20516,2381088,400,14,0
20350,2381088,401,15,0
21239,2381088,401,16,0
21152,2381088,404,17,0
21206,2381088,405,18,1
20942,2381089,550,1,0
20996,2381089,550,2,0
20940,2381089,551,3,0
20938,2381089,553,4,0
20936,2381089,553,5,0
21007,2381089,556,6,0
20815,2381089,558,7,0
20619,2381089,560,8,0
20617,2381089,560,9,0
20615,2381089,562,10,0
20540,2381089,563,11,0
20542,2381089,566,12,0
20514,2381089,569,13,0
20516,2381089,570,14,0
20350,2381089,571,15,0
21239,2381089,571,16,0
21152,2381089,574,17,0
21206,2381089,575,18,1
21207,2381086,1125,1,0
21150,2381086,1126,2,0
20349,2381086,1128,3,0
20478,2381086,1129,4,0
20543,2381086,1132,5,0
20541,2381086,1134,6,0
20616,2381086,1134,7,0
20618,2381086,1136,8,0
20620,2381086,1136,9,0
20169,2381086,1138,10,0
21008,2381086,1140,11,0
20937,2381086,1143,12,0
20939,2381086,1144,13,0
20941,2381086,1146,14,0
20942,2381086,1147,15,1
20942,2381087,320,1,0
20996,2381087,320,2,0
20940,2381087,321,3,0
20938,2381087,323,4,0
20936,2381087,323,5,0
21007,2381087,326,6,0
20815,2381087,328,7,0
20619,2381087,330,8,0
20617,2381087,330,9,0
20615,2381087,332,10,0
20540,2381087,333,11,0
20542,2381087,336,12,0
20514,2381087,339,13,0
20516,2381087,340,14,0
20350,2381087,341,15,0
21239,2381087,341,16,0
21152,2381087,344,17,0
21206,2381087,345,18,1
21207,2381079,1185,1,0
21150,2381079,1186,2,0
20349,2381079,1188,3,0
20478,2381079,1189,4,0
20543,2381079,1192,5,0
20541,2381079,1194,6,0
20616,2381079,1194,7,0
20618,2381079,1196,8,0
20620,2381079,1196,9,0
20169,2381079,1198,10,0
21008,2381079,1200,11,0
20937,2381079,1203,12,0
20939,2381079,1204,13,0
20941,2381079,1206,14,0
20942,2381079,1207,15,1
