arret_id,ligne_id,direction_id,sequence,accessible,macro_direction
20104,2,33,2,0,0
20288,2,15,21,0,1
20289,2,33,14,0,0
20284,2,15,23,0,1
20249,2,16,28,0,1
20285,2,33,12,0,0
20248,2,33,6,0,0
20286,2,15,22,0,1
20287,2,33,13,0,0
20281,2,33,10,0,0
20306,2,15,9,0,1
20280,2,15,25,0,1
20283,2,33,11,0,0
20282,2,15,24,0,1
20309,2,33,27,0,0
20001,2,15,19,0,1
20307,2,33,26,0,0
21425,2,33,34,0,0
20819,2,25,31,0,0
21156,2,33,23,0,0
21155,2,15,12,0,1
21154,2,33,22,0,0
20817,2,15,7,0,1
20818,2,33,29,0,0
21153,2,15,13,0,1
21157,2,15,11,0,1
20279,2,33,9,0,0
20277,2,25,4,0,0
20278,2,15,26,0,1
20275,2,25,3,0,0
21422,2,15,2,0,1
20276,2,11,28,0,1
20273,2,25,2,0,0
21424,2,15,3,0,1
20274,2,11,29,0,1
20642,2,33,25,0,0
20272,2,11,30,0,1
21167,2,15,1,0,1
20643,2,15,10,0,1
20271,2,25,1,0,0
20330,2,33,16,0,0
20270,2,25,7,0,0
20641,2,33,24,0,0
20332,2,33,17,0,0
20823,2,15,4,0,1
20820,2,15,2,0,1
20644,2,73,11,0,0
20824,2,33,32,0,0
20263,2,33,8,0,0
20262,2,15,27,0,1
20265,2,11,27,0,1
20881,2,16,29,0,1
20264,2,11,24,0,1
20883,2,16,30,0,1
20061,2,15,18,0,1
20267,2,11,26,0,1
20266,2,25,5,0,0
20882,2,33,5,0,0
20269,2,11,25,0,1
20268,2,25,6,0,0
20884,2,33,4,0,0
20324,2,33,33,0,0
20071,2,33,3,0,0
20320,2,15,1,0,1
20329,2,15,35,0,1
20328,2,15,34,0,1
20260,2,15,28,0,1
20261,2,33,7,0,0
20326,2,12,1,0,0
20326,2,15,33,0,1
20254,2,33,4,0,0
20253,2,15,31,0,1
20252,2,15,32,0,1
20251,2,33,2,0,0
20258,2,15,29,0,1
20257,2,33,5,0,0
20256,2,15,30,0,1
20255,2,33,3,0,0
20297,2,15,14,0,1
20298,2,33,21,0,0
20259,2,33,6,0,0
20296,2,15,15,0,1
20012,2,33,18,0,0
20080,2,33,1,0,0
20290,2,15,20,0,1
20310,2,15,8,0,1
20311,2,33,28,0,0
20294,2,33,20,0,0
20014,2,33,19,0,0
20292,2,15,16,0,1
20291,2,33,15,0,0
20013,2,15,17,0,1
20318,2,15,5,0,1
20319,2,33,31,0,0
20666,2,73,10,0,0
20250,2,33,1,0,0
20316,2,15,6,0,1
20317,2,33,30,0,0
20041,1,23,15,0,0
20040,1,14,8,0,1
21204,1,23,1,0,0
20107,1,14,18,0,1
20021,1,23,1,0,0
20020,1,14,19,0,1
20002,1,23,5,0,0
20023,1,23,3,0,0
20004,1,14,17,0,1
20022,1,23,2,0,0
20024,1,23,4,0,0
20165,1,14,20,0,1
20026,1,23,8,0,0
20029,1,14,14,0,1
20046,1,23,18,0,0
20047,1,14,5,0,1
20028,1,23,9,0,0
20048,1,23,19,0,0
20049,1,14,4,0,1
20042,1,23,16,0,0
20043,1,14,7,0,1
20044,1,23,17,0,0
20045,1,14,6,0,1
20030,1,23,10,0,0
20052,1,23,21,0,0
20051,1,14,3,0,1
20050,1,23,20,0,0
20016,1,23,7,0,0
21189,1,14,16,0,1
20015,1,14,15,0,1
20039,1,14,9,0,1
20037,1,14,10,0,1
20056,1,23,1,0,0
20056,1,14,21,0,1
20038,1,23,14,0,0
20035,1,14,11,0,1
20053,1,14,2,0,1
20036,1,23,13,0,0
20054,1,14,1,0,1
20033,1,14,12,0,1
20034,1,23,12,0,0
20110,1,23,6,0,0
20057,1,14,22,0,1
20031,1,14,13,0,1
20058,1,14,23,0,1
20032,1,23,11,0,0
20107,4,2,19,0,1
20192,4,21,17,0,0
20182,4,21,14,0,0
20181,4,21,12,0,0
20193,4,2,23,0,1
20194,4,21,18,0,0
20184,4,21,15,0,0
20195,4,2,22,0,1
20197,4,2,14,0,1
20185,4,2,25,0,1
20196,4,21,24,0,0
20002,4,21,20,0,0
20199,4,2,13,0,1
20208,4,2,9,0,1
20209,4,21,32,0,0
20198,4,21,25,0,0
20188,4,21,16,0,0
20004,4,2,18,0,1
20189,4,2,24,0,1
20206,4,2,10,0,1
20207,4,21,31,0,0
20204,4,2,11,0,1
20205,4,21,30,0,0
20202,4,21,28,0,0
20203,4,21,29,0,0
20200,4,21,26,0,0
20201,4,21,27,0,0
20634,4,79,1,0,0
20236,4,21,37,0,0
20235,4,2,3,0,1
20232,4,21,36,0,0
20231,4,2,4,0,1
20173,4,2,28,0,1
21162,4,2,26,0,1
20172,4,21,10,0,0
21161,4,21,13,0,0
20171,4,2,29,0,1
21160,4,21,11,0,0
20176,4,21,1,0,0
20177,4,79,2,0,0
20175,4,2,27,0,1
20178,4,21,2,0,0
20075,4,21,9,0,0
20162,4,2,31,0,1
20161,4,21,7,0,0
20228,4,21,35,0,0
20835,4,2,32,0,1
20020,4,2,20,0,1
20836,4,21,5,0,0
20837,4,2,33,0,1
20227,4,2,5,0,1
20838,4,21,4,0,0
20831,4,2,35,0,1
20163,4,21,8,0,0
20164,4,2,30,0,1
20165,4,57,14,0,1
20027,4,2,15,0,1
20026,4,21,23,0,0
20834,4,21,6,0,0
20221,4,21,38,0,0
20830,4,21,3,0,0
20224,4,2,12,0,1
20068,4,21,1,0,0
20222,4,2,2,0,1
20223,4,2,1,0,1
20839,4,2,34,0,1
20016,4,21,22,0,0
21189,4,2,17,0,1
20015,4,2,16,0,1
20842,4,21,2,0,0
20843,4,2,36,0,1
20019,4,21,19,0,0
20669,4,2,21,0,1
20210,4,2,8,0,1
20211,4,21,33,0,0
20110,4,21,21,0,0
20212,4,2,7,0,1
20213,4,21,34,0,0
20214,4,2,6,0,1
20384,5,37,3,0,0
20383,5,31,28,0,1
20386,5,37,2,0,0
20105,5,32,1,0,1
20385,5,31,29,0,1
20388,5,37,1,0,0
20387,5,31,30,0,1
20109,5,37,16,0,0
20389,5,37,20,0,0
20341,5,32,6,0,1
20093,5,37,9,0,0
20342,5,37,23,0,0
20094,5,32,20,0,1
20340,5,37,24,0,0
20346,5,32,9,0,1
20380,5,37,1,0,0
20001,5,32,14,0,1
20343,5,32,7,0,1
20382,5,37,4,0,0
20344,5,32,8,0,1
20375,5,32,25,0,1
20374,5,37,4,0,0
20373,5,32,24,0,1
20372,5,37,5,0,0
20379,5,32,27,0,1
20378,5,37,2,0,0
20377,5,32,26,0,1
20376,5,37,3,0,0
20330,5,37,15,0,0
20370,5,37,6,0,0
20371,5,32,23,0,1
20334,5,32,2,0,1
20336,5,32,3,0,1
20337,5,32,4,0,1
20338,5,37,25,0,0
20339,5,32,5,0,1
20061,5,32,13,0,1
20369,5,32,22,0,1
20366,5,37,8,0,0
20365,5,32,19,0,1
20368,5,37,7,0,0
20367,5,32,21,0,1
20362,5,37,11,0,0
20361,5,32,17,0,1
20364,5,37,10,0,0
20363,5,32,18,0,1
20360,5,37,12,0,0
20394,5,37,28,0,0
20359,5,32,16,0,1
20395,5,37,29,0,0
20358,5,37,13,0,0
20295,5,37,19,0,0
20296,5,32,10,0,1
20290,5,32,15,0,1
20012,5,37,17,0,0
20014,5,37,18,0,0
20292,5,32,11,0,1
20013,5,32,12,0,1
20291,5,37,14,0,0
20393,5,37,27,0,0
20392,5,37,26,0,0
20391,5,37,22,0,0
20390,5,37,21,0,0
20100,3,5,29,0,1
20102,3,5,28,0,1
20107,3,5,25,0,1
20197,3,5,20,0,1
20196,3,10,23,0,0
20063,3,10,3,0,0
20160,3,5,6,0,1
20165,3,5,27,0,1
21054,3,10,1,0,0
20064,3,5,43,0,1
20065,3,10,4,0,0
20066,3,5,42,0,1
20067,3,10,37,0,0
20069,3,5,40,0,1
20151,3,5,2,0,1
20150,3,5,1,0,1
20158,3,5,5,0,1
20159,3,10,33,0,0
20156,3,5,4,0,1
20157,3,10,34,0,0
20154,3,5,3,0,1
21189,3,5,23,0,1
20155,3,10,35,0,0
20152,3,10,37,0,0
20153,3,10,36,0,0
20140,3,10,39,0,0
20098,3,10,16,0,0
20097,3,5,30,0,1
20099,3,10,17,0,0
20093,3,5,32,0,1
20853,3,10,8,0,0
20854,3,10,2,0,0
20094,3,10,14,0,0
20095,3,5,31,0,1
20096,3,10,15,0,0
20858,3,5,44,0,1
20090,3,10,12,0,0
20091,3,5,33,0,1
20859,3,10,1,0,0
20092,3,10,13,0,0
20142,3,10,40,0,0
20141,3,5,4,0,1
20144,3,10,41,0,0
20143,3,5,3,0,1
20145,3,5,2,0,1
20850,3,10,33,0,0
20009,3,10,19,0,0
20851,3,5,10,0,1
20148,3,5,6,0,1
20852,3,5,38,0,1
20008,3,5,24,0,1
20866,3,53,45,0,1
20867,3,10,5,0,0
20139,3,5,5,0,1
20864,3,10,3,0,0
20865,3,10,2,0,0
20138,3,10,38,0,0
20133,3,5,8,0,1
20132,3,10,35,0,0
20131,3,5,9,0,1
20130,3,10,34,0,0
20862,3,55,45,0,1
20863,3,10,2,0,0
20135,3,5,7,0,1
20861,3,10,4,0,0
20134,3,10,36,0,0
20076,3,10,1,0,0
20078,3,43,43,0,1
20077,3,10,2,0,0
20828,3,10,1,0,0
20079,3,43,42,0,1
20020,3,5,26,0,1
20070,3,10,6,0,0
20071,3,43,41,0,1
20128,3,10,32,0,0
20790,3,5,1,0,1
20127,3,5,12,0,1
20072,3,10,5,0,0
20024,3,10,18,0,0
20073,3,5,41,0,1
20027,3,5,21,0,1
20074,3,43,44,0,1
20129,3,5,11,0,1
20026,3,10,22,0,0
20124,3,10,30,0,0
20123,3,5,14,0,1
20126,3,10,31,0,0
20125,3,5,13,0,1
20120,3,10,28,0,0
20122,3,10,29,0,0
20121,3,5,15,0,1
20089,3,5,34,0,1
20088,3,10,11,0,0
20087,3,5,35,0,1
20086,3,10,10,0,0
20080,3,10,3,0,0
20081,3,5,39,0,1
20016,3,10,21,0,0
20119,3,5,16,0,1
20084,3,10,9,0,0
20085,3,5,36,0,1
20015,3,5,22,0,1
20118,3,10,27,0,0
20117,3,5,17,0,1
20082,3,10,7,0,0
20083,3,5,37,0,1
20116,3,10,26,0,0
20115,3,5,18,0,1
20019,3,12,1,0,0
20114,3,10,25,0,0
20113,3,5,19,0,1
20112,3,10,24,0,0
20110,3,10,20,0,0
20439,6,22,28,0,0
20436,6,12,5,0,1
20435,6,22,25,0,0
20438,6,12,3,0,1
20437,6,22,26,0,0
20432,6,22,24,0,0
20431,6,12,8,0,1
20434,6,12,6,0,1
21101,6,22,22,0,0
20433,6,12,7,0,1
21102,6,12,9,0,1
20430,6,22,23,0,0
20400,6,22,7,0,0
20401,6,12,24,0,1
20408,6,22,11,0,0
20409,6,12,20,0,1
20406,6,22,10,0,0
20407,6,12,21,0,1
20442,6,12,1,0,1
20404,6,22,9,0,0
20441,6,22,29,0,0
20405,6,12,22,0,1
20440,6,12,2,0,1
20402,6,22,8,0,0
20403,6,12,23,0,1
20410,6,22,12,0,0
20411,6,12,19,0,1
20412,6,12,18,0,1
20413,6,22,13,0,0
20414,6,12,17,0,1
20415,6,22,14,0,0
20416,6,12,16,0,1
21190,6,12,29,0,1
20417,6,22,15,0,0
20418,6,12,15,0,1
20419,6,22,16,0,0
21191,6,22,3,0,0
20398,6,22,6,0,0
20399,6,12,25,0,1
20422,6,22,18,0,0
20397,6,12,26,0,1
20423,6,12,13,0,1
20420,6,12,14,0,1
20421,6,22,17,0,0
20426,6,22,20,0,0
21081,6,22,27,0,0
20427,6,12,11,0,1
20424,6,22,19,0,0
20295,6,22,4,0,0
20296,6,12,27,0,1
21080,6,12,4,0,1
20425,6,12,12,0,1
20428,6,22,21,0,0
20429,6,12,10,0,1
20011,6,22,1,0,0
21189,6,12,30,0,1
20292,6,12,28,0,1
20017,6,22,5,0,0
20110,6,22,2,0,0
20100,8,7,28,0,1
20102,8,7,27,0,1
20470,8,29,7,0,0
20107,8,7,24,0,1
20384,8,7,35,0,1
20383,8,29,3,0,0
20386,8,7,34,0,1
20106,8,29,2,0,0
20385,8,29,4,0,0
20192,8,12,17,0,1
20388,8,7,33,0,1
20387,8,29,5,0,0
20194,8,12,18,0,1
20099,8,29,11,0,0
20478,8,29,16,0,0
20500,8,7,5,0,1
20475,8,7,30,0,1
20476,8,29,1,0,0
20473,8,7,31,0,1
20474,8,29,9,0,0
20380,8,29,2,0,0
20471,8,7,32,0,1
20472,8,29,8,0,0
20382,8,7,36,0,1
20506,8,7,3,0,1
20505,8,29,29,0,0
20508,8,7,1,0,1
20507,8,29,30,0,0
20501,8,29,28,0,0
20504,8,7,4,0,1
20009,8,29,13,0,0
20008,8,7,23,0,1
20481,8,29,17,0,0
20480,8,7,16,0,1
20486,8,7,13,0,1
20487,8,29,20,0,0
20488,8,29,21,0,0
20175,8,77,1,0,0
20489,8,7,12,0,1
20482,8,7,15,0,1
20483,8,29,18,0,0
20484,8,7,14,0,1
20485,8,29,19,0,0
20136,8,29,10,0,0
20516,8,7,18,0,1
20518,8,7,29,0,1
20459,8,39,38,0,1
20519,8,7,37,0,1
20512,8,29,23,0,0
20513,8,7,10,0,1
20514,8,7,17,0,1
20510,8,7,2,0,1
20454,8,29,1,0,0
21190,8,7,21,0,1
20492,8,7,9,0,1
20491,8,7,11,0,1
20490,8,29,22,0,0
21191,8,29,15,0,0
20495,8,29,25,0,0
20496,8,7,7,0,1
20020,8,7,25,0,1
20493,8,29,24,0,0
20494,8,7,8,0,1
20499,8,29,27,0,0
20024,8,29,12,0,0
20165,8,7,26,0,1
20497,8,29,26,0,0
20498,8,7,6,0,1
20469,8,39,33,0,1
20468,8,29,6,0,0
20463,8,29,4,0,0
20462,8,39,36,0,1
20461,8,29,3,0,0
20460,8,39,37,0,1
20467,8,39,34,0,1
20466,8,29,6,0,0
20465,8,29,5,0,0
20464,8,39,35,0,1
20350,8,7,19,0,1
21189,8,7,22,0,1
20292,8,7,20,0,1
20019,8,12,1,0,0
20019,8,12,19,0,1
20110,8,29,14,0,0
21220,10,14,2,0,1
21204,10,17,1,0,0
20107,10,14,21,0,1
21101,10,17,22,0,0
21102,10,14,3,0,1
21190,10,14,18,0,1
20418,10,14,8,0,1
21095,10,14,1,0,1
20559,10,14,9,0,1
20558,10,17,16,0,0
20389,10,17,9,0,0
21191,10,17,7,0,0
20021,10,17,1,0,0
20341,10,14,12,0,1
20342,10,17,12,0,0
20020,10,14,22,0,1
20023,10,17,3,0,0
20340,10,17,13,0,0
20022,10,17,2,0,0
20004,10,14,20,0,1
20024,10,17,4,0,0
20346,10,14,15,0,1
20343,10,14,13,0,1
20165,10,14,23,0,1
20344,10,14,14,0,1
20147,10,14,6,0,1
20565,10,17,17,0,0
20564,10,17,19,0,0
20561,10,17,18,0,0
20560,10,14,7,0,1
20426,10,17,20,0,0
20427,10,14,5,0,1
20295,10,17,8,0,0
20296,10,14,16,0,1
21219,10,17,23,0,0
20428,10,17,21,0,0
20429,10,14,4,0,1
21166,10,17,15,0,0
21164,10,17,14,0,0
20010,10,17,5,0,0
21165,10,14,10,0,1
21189,10,14,19,0,1
20292,10,14,17,0,1
20056,10,14,24,0,1
20391,10,17,11,0,0
20390,10,17,10,0,0
20339,10,14,11,0,1
20110,10,17,6,0,0
20057,10,14,25,0,1
20058,10,14,26,0,1
21106,36,44,4,0,1
21107,36,8,8,0,0
21108,36,8,9,0,0
21109,36,44,3,0,1
20103,36,44,1,0,1
21185,36,8,4,0,0
21170,36,8,5,0,0
20829,36,8,1,0,0
21171,36,44,7,0,1
21104,36,44,5,0,1
21105,36,8,7,0,0
20846,36,44,2,0,1
20847,36,8,10,0,0
20831,36,44,9,0,1
20844,36,8,2,0,0
20832,36,44,6,0,1
20845,36,44,10,0,1
20833,36,8,6,0,0
21186,36,44,8,0,1
20830,36,8,3,0,0
20245,12,4,5,0,0
20244,12,8,38,0,1
21202,12,8,37,0,1
21203,12,8,37,0,1
20247,12,8,36,0,1
20246,12,4,5,0,0
20103,12,4,1,0,0
20241,12,4,4,0,0
20436,12,8,1,0,1
20240,12,8,38,0,1
20435,12,4,35,0,0
20243,12,8,39,0,1
20102,12,77,20,0,1
20242,12,8,37,0,1
20107,12,8,26,0,1
20434,12,8,2,0,1
20182,12,4,9,0,0
20192,12,4,12,0,0
20193,12,8,30,0,1
20184,12,4,10,0,0
20194,12,4,13,0,0
20195,12,8,29,0,1
20185,12,8,32,0,1
20306,12,8,15,0,1
20303,12,77,12,0,1
20004,12,8,25,0,1
20188,12,4,11,0,0
20189,12,8,31,0,1
20307,12,4,24,0,0
20637,12,8,33,0,1
20633,12,8,35,0,1
20634,12,4,7,0,0
20300,12,77,13,0,1
20635,12,8,34,0,1
20636,12,4,8,0,0
21156,12,4,21,0,0
21155,12,8,18,0,1
21154,12,4,20,0,0
21153,12,8,19,0,1
21157,12,8,17,0,1
21163,12,4,6,0,0
20441,12,4,32,0,0
20239,12,4,3,0,0
20440,12,8,5,0,1
20238,12,4,2,0,0
20642,12,4,23,0,0
20643,12,8,16,0,1
20641,12,4,22,0,0
20649,12,8,11,0,1
21068,12,77,18,0,1
20647,12,8,12,0,1
20644,12,4,25,0,0
20680,12,77,19,0,1
20645,12,8,13,0,1
21190,12,8,23,0,1
21191,12,4,17,0,0
20167,12,4,6,0,0
20020,12,8,27,0,1
21398,12,4,30,0,0
20754,12,4,26,0,0
21399,12,8,7,0,1
20652,12,4,27,0,0
20653,12,8,10,0,1
20654,12,8,9,0,1
20655,12,4,28,0,0
20656,12,4,29,0,0
20657,12,8,8,0,1
20658,12,4,31,0,0
20659,12,8,6,0,1
20297,12,8,20,0,1
20298,12,4,19,0,0
20296,12,8,21,0,1
20660,12,4,33,0,0
20661,12,8,4,0,1
20010,12,4,15,0,0
20294,12,4,18,0,0
21189,12,8,24,0,1
20292,12,8,22,0,1
20662,12,4,34,0,0
20663,12,8,3,0,1
20669,12,8,28,0,1
20019,12,4,14,0,0
20667,12,8,14,0,1
20110,12,4,16,0,0
20534,9,20,9,0,1
20535,9,1,22,0,0
20536,9,20,10,0,1
20537,9,1,21,0,0
20538,9,20,11,0,1
20539,9,1,20,0,0
20530,9,20,7,0,1
20531,9,1,24,0,0
20109,9,1,14,0,0
20532,9,20,8,0,1
20533,9,1,23,0,0
20478,9,1,17,0,0
20001,9,20,20,0,1
20030,9,20,23,0,1
20547,9,1,6,0,0
20548,9,20,28,0,1
20545,9,1,7,0,0
20546,9,20,27,0,1
20549,9,1,5,0,0
20540,9,20,12,0,1
20543,9,1,18,0,0
20544,9,20,26,0,1
20541,9,1,19,0,0
20542,9,20,13,0,1
20330,9,1,13,0,0
20037,9,1,8,0,0
20035,9,1,9,0,0
20033,9,1,10,0,0
20137,9,20,1,0,1
20034,9,20,25,0,1
20031,9,1,11,0,0
20032,9,20,24,0,1
20553,9,1,3,0,0
20516,9,20,15,0,1
20552,9,20,30,0,1
20555,9,1,2,0,0
20554,9,20,31,0,1
20061,9,20,19,0,1
20551,9,1,4,0,0
20514,9,20,14,0,1
20550,9,20,29,0,1
20556,9,1,1,0,0
20029,9,1,12,0,0
20028,9,20,22,0,1
20529,9,1,25,0,0
20527,9,1,26,0,0
20528,9,20,6,0,1
20525,9,1,27,0,0
20526,9,20,5,0,1
20523,9,1,28,0,0
20524,9,20,4,0,1
20521,9,1,29,0,0
20522,9,20,3,0,1
20520,9,20,2,0,1
20350,9,20,16,0,1
20290,9,20,21,0,1
20012,9,1,15,0,0
20014,9,1,16,0,0
20292,9,20,17,0,1
20013,9,20,18,0,1
20571,11,12,10,0,1
20601,11,12,19,0,1
20600,11,3,15,0,0
20807,11,12,3,0,1
20573,11,12,9,0,1
20603,11,12,20,0,1
20602,11,3,14,0,0
20575,11,12,8,0,1
20605,11,12,21,0,1
20604,11,3,13,0,0
20577,11,12,6,0,1
20607,11,12,22,0,1
20606,11,3,12,0,0
20576,11,12,7,0,1
20579,11,12,5,0,1
20007,11,3,1,0,0
20584,11,12,2,0,1
20030,11,3,4,0,0
20588,11,3,20,0,0
20587,11,12,13,0,1
20586,11,3,21,0,0
20589,11,12,14,0,1
20330,11,12,32,0,1
20039,11,12,26,0,1
20037,11,12,27,0,1
20035,11,12,28,0,1
20036,11,3,7,0,0
20033,11,12,29,0,1
20034,11,3,6,0,0
20580,11,12,4,0,1
20031,11,12,30,0,1
20032,11,3,5,0,0
20591,11,12,15,0,1
20590,11,3,19,0,0
20166,11,12,1,0,1
20029,11,12,31,0,1
20598,11,3,16,0,0
20028,11,3,3,0,0
20599,11,12,18,0,1
20596,11,3,17,0,0
20597,11,12,17,0,1
20592,11,3,18,0,0
20593,11,12,16,0,1
20566,11,3,22,0,0
20614,11,3,8,0,0
20613,11,12,25,0,1
20612,11,3,9,0,0
20611,11,12,24,0,1
20610,11,3,10,0,0
20569,11,12,11,0,1
20567,11,12,12,0,1
20290,11,3,2,0,0
20608,11,3,11,0,0
20609,11,12,23,0,1
20516,13,12,9,0,1
20627,13,41,14,0,0
20626,13,41,13,0,0
20629,13,41,15,0,0
20629,13,12,1,0,1
20061,13,12,13,0,1
20623,13,41,10,0,0
20514,13,12,8,0,1
20625,13,41,12,0,0
20624,13,41,11,0,0
20621,13,41,9,0,0
20620,13,41,8,0,0
20478,13,41,3,0,0
20630,13,41,16,0,0
20630,13,12,2,0,1
20169,13,13,3,0,0
20631,13,13,2,0,0
20631,13,12,2,0,1
20632,13,13,1,0,0
20632,13,12,1,0,1
21008,13,13,4,0,0
21007,13,41,6,0,0
20937,13,13,5,0,0
20936,13,41,5,0,0
20619,13,12,3,0,1
20813,13,41,1,0,0
20815,13,41,2,0,0
20618,13,41,7,0,0
20617,13,12,4,0,1
20616,13,41,6,0,0
20996,13,41,2,0,0
20615,13,12,5,0,1
20540,13,12,6,0,1
20938,13,41,4,0,0
20939,13,13,6,0,0
20543,13,41,4,0,0
20541,13,41,5,0,0
20350,13,12,10,0,1
20542,13,12,7,0,1
20012,13,41,1,0,0
20012,13,68,1,0,1
20942,13,41,1,0,0
20941,13,13,7,0,0
20292,13,12,11,0,1
20014,13,41,2,0,0
20013,13,12,12,0,1
20940,13,41,3,0,0
20458,7,30,13,0,0
20100,7,30,6,0,0
20102,7,30,5,0,0
20107,7,30,2,0,0
20450,7,12,4,0,1
20452,7,12,10,0,1
20451,7,30,14,0,0
20098,7,12,11,0,1
20454,7,30,16,0,0
20453,7,30,8,0,0
20097,7,30,7,0,0
20099,7,12,12,0,1
20020,7,30,3,0,0
20024,7,12,13,0,1
20165,7,30,4,0,0
21077,7,12,5,0,1
20008,7,30,1,0,0
20449,7,30,15,0,0
20448,7,30,17,0,0
20447,7,30,18,0,0
20375,7,30,10,0,0
20445,7,12,3,0,1
20374,7,12,8,0,1
20373,7,30,9,0,0
20443,7,12,2,0,1
20372,7,12,9,0,1
20379,7,30,12,0,0
20378,7,12,6,0,1
20377,7,30,11,0,0
20376,7,12,7,0,1
20018,7,12,1,0,1
20245,20,12,5,0,0
20439,20,82,24,0,0
20247,20,8,14,0,1
20241,20,12,4,0,0
20103,20,12,1,0,0
20435,20,82,21,0,0
20240,20,8,16,0,1
20437,20,82,22,0,0
20242,20,8,15,0,1
20432,20,82,20,0,0
20107,20,8,2,0,1
20431,20,12,5,0,1
21101,20,82,18,0,0
20433,20,12,4,0,1
20192,20,12,11,0,0
20182,20,12,8,0,0
21102,20,12,6,0,1
20193,20,8,6,0,1
20181,20,8,9,0,1
20194,20,12,12,0,0
20184,20,12,9,0,0
20430,20,82,19,0,0
20195,20,8,5,0,1
20185,20,8,8,0,1
20306,20,12,14,0,1
20188,20,12,10,0,0
20004,20,8,1,0,1
20189,20,8,7,0,1
20309,20,82,11,0,0
20307,20,82,10,0,0
20633,20,8,13,0,1
20635,20,8,12,0,1
20636,20,12,7,0,0
21156,20,82,7,0,0
21155,20,12,17,0,1
21154,20,82,6,0,0
21153,20,12,18,0,1
21157,20,12,16,0,1
21163,20,12,6,0,0
20441,20,12,1,0,1
20239,20,12,3,0,0
20238,20,12,2,0,0
20642,20,82,9,0,0
20176,20,8,11,0,1
20643,20,12,15,0,1
20174,20,8,10,0,1
20641,20,82,8,0,0
20647,20,12,11,0,1
21190,20,12,22,0,1
21191,20,82,3,0,0
20020,20,8,3,0,1
20754,20,12,12,0,1
20422,20,82,14,0,0
20423,20,12,10,0,1
20421,20,82,13,0,0
21081,20,82,23,0,0
20426,20,82,16,0,0
20297,20,12,19,0,1
20427,20,12,8,0,1
20298,20,82,5,0,0
20424,20,82,15,0,0
20425,20,12,9,0,1
20296,20,12,20,0,1
20428,20,82,17,0,0
20429,20,12,7,0,1
20660,20,12,2,0,1
20310,20,12,13,0,1
20311,20,82,12,0,0
20010,20,82,1,0,0
20294,20,82,4,0,0
21189,20,12,23,0,1
20662,20,12,3,0,1
20292,20,12,21,0,1
20019,20,12,13,0,0
20669,20,8,4,0,1
20110,20,82,2,0,0
20100,63,70,11,0,1
20107,63,70,2,0,1
21101,63,17,18,0,0
20098,63,12,4,0,0
21102,63,12,1,0,1
20097,63,70,12,0,1
20099,63,12,5,0,0
20093,63,70,14,0,1
20306,63,12,9,0,1
20094,63,12,2,0,0
20095,63,70,13,0,1
20096,63,12,3,0,0
20004,63,70,1,0,1
20092,63,12,1,0,0
20307,63,65,10,0,0
21156,63,65,7,0,0
21155,63,12,12,0,1
21154,63,65,6,0,0
21153,63,12,13,0,1
21157,63,12,11,0,1
21219,63,17,19,0,0
20642,63,65,9,0,0
20643,63,12,10,0,1
20641,63,65,8,0,0
20647,63,12,6,0,1
20644,63,65,11,0,0
20645,63,12,7,0,1
21220,63,12,2,0,1
21190,63,12,17,0,1
21095,63,12,1,0,1
21191,63,65,3,0,0
20021,63,12,8,0,0
20021,63,70,8,0,1
20020,63,70,3,0,1
20023,63,12,10,0,0
20023,63,70,10,0,1
20022,63,12,9,0,0
20022,63,70,9,0,1
20754,63,65,12,0,0
20024,63,12,11,0,0
20165,63,70,4,0,1
20422,63,65,14,0,0
20423,63,12,5,0,1
20421,63,65,13,0,0
20297,63,12,14,0,1
20426,63,65,16,0,0
20298,63,65,5,0,0
20427,63,12,3,0,1
20424,63,65,15,0,0
20296,63,12,15,0,1
20425,63,12,4,0,1
20428,63,65,17,0,0
20429,63,12,2,0,1
20010,63,65,1,0,0
20294,63,65,4,0,0
21189,63,12,18,0,1
20292,63,12,16,0,1
20056,63,70,5,0,1
20667,63,12,8,0,1
20110,63,65,2,0,0
20057,63,12,6,0,0
20057,63,70,6,0,1
20058,63,12,7,0,0
20058,63,70,7,0,1
20063,83,12,3,0,0
20365,83,5,7,0,1
20362,83,12,14,0,0
20361,83,5,5,0,1
20109,83,12,19,0,0
20364,83,12,13,0,0
20363,83,5,6,0,1
20853,83,12,8,0,0
20854,83,12,2,0,0
20360,83,12,15,0,0
20070,83,12,6,0,0
20090,83,12,12,0,0
20858,83,5,18,0,1
20072,83,12,5,0,0
20073,83,5,15,0,1
20064,83,12,1,0,0
20064,83,5,17,0,1
21054,83,12,1,0,0
20065,83,12,4,0,0
20066,83,5,16,0,1
20069,83,5,14,0,1
20852,83,5,12,0,1
20008,83,5,1,0,1
20359,83,5,4,0,1
20358,83,12,16,0,0
20089,83,5,8,0,1
20088,83,12,11,0,0
20087,83,5,9,0,1
20086,83,12,10,0,0
20290,83,5,3,0,1
20081,83,5,13,0,1
20330,83,12,18,0,0
20331,83,5,2,0,1
20084,83,12,9,0,0
20085,83,5,10,0,1
20082,83,12,7,0,0
20291,83,12,17,0,0
20083,83,5,11,0,1
20740,60,19,7,0,1
21075,60,19,1,0,1
20741,60,19,8,0,1
20061,60,19,4,0,1
20737,60,19,5,0,1
20736,60,27,7,0,0
20735,60,19,6,0,1
20717,60,27,3,0,0
20734,60,27,6,0,0
20716,60,27,2,0,0
20718,60,27,4,0,0
20719,60,27,5,0,0
20025,60,27,8,0,0
20014,60,27,9,0,0
20013,60,19,2,0,1
20668,60,27,1,0,0
20752,60,19,3,0,1
21079,60,19,9,0,1
20896,97,11,6,0,1
20895,97,69,3,0,0
20894,97,11,5,0,1
20893,97,69,4,0,0
21051,97,11,1,0,1
20892,97,11,4,0,1
20891,97,69,5,0,0
20890,97,11,3,0,1
20887,97,69,7,0,0
21412,97,69,2,0,0
21413,97,11,7,0,1
20889,97,69,6,0,0
20888,97,11,2,0,1
20271,97,69,1,0,0
20703,15,67,5,0,0
20704,15,20,21,0,1
20262,15,67,3,0,0
20705,15,67,2,0,0
20700,15,20,17,0,1
20701,15,67,6,0,0
20702,15,20,18,0,1
20180,15,20,7,0,1
20556,15,67,1,0,0
20228,15,20,1,0,1
20699,15,67,7,0,0
20283,15,20,13,0,1
20282,15,67,10,0,0
20692,15,67,11,0,0
20048,15,20,4,0,1
20694,15,67,9,0,0
20693,15,20,12,0,1
20049,15,67,18,0,0
20696,15,67,8,0,0
20695,15,20,14,0,1
20698,15,20,16,0,1
20260,15,67,4,0,0
20261,15,20,19,0,1
20697,15,20,15,0,1
20547,15,20,11,0,1
20236,15,20,3,0,1
20548,15,67,13,0,0
20235,15,67,19,0,0
20546,15,67,12,0,0
20052,15,20,6,0,1
20232,15,20,2,0,1
20051,15,67,17,0,0
20231,15,67,20,0,0
20549,15,20,10,0,1
20050,15,20,5,0,1
20610,15,67,14,0,0
20707,15,20,20,0,1
20708,15,20,9,0,1
20688,15,67,15,0,0
20687,15,20,8,0,1
20053,15,67,16,0,0
20063,41,28,7,0,0
21082,41,28,5,0,0
20900,41,28,6,0,0
20905,41,35,8,0,1
20901,41,35,4,0,1
20906,41,28,1,0,0
20902,41,28,3,0,0
20903,41,35,7,0,1
21083,41,35,5,0,1
20904,41,28,2,0,0
20073,41,35,1,0,1
21004,41,28,4,0,0
20064,41,35,3,0,1
20065,41,28,8,0,0
20066,41,35,2,0,1
21005,41,35,6,0,1
21042,99,45,4,0,1
21041,99,34,2,0,0
21003,99,45,2,0,1
21000,99,34,3,0,0
21002,99,34,4,0,0
20907,99,34,1,0,0
21001,99,45,3,0,1
20852,99,45,1,0,1
21029,40,38,4,0,1
21030,40,28,2,0,0
20073,40,38,1,0,1
20076,40,28,4,0,0
20076,40,38,2,0,1
20899,40,28,1,0,0
20898,40,28,3,0,0
20897,40,38,3,0,1
20601,32,24,14,0,0
20600,32,56,14,0,1
20607,32,24,10,0,0
20606,32,56,13,0,1
21209,32,56,1,0,1
20197,32,56,2,0,1
20196,32,24,21,0,0
20030,32,56,5,0,1
20588,32,24,11,0,0
20587,32,56,16,0,1
20586,32,24,12,0,0
20589,32,56,17,0,1
20330,32,24,20,0,0
20331,32,56,3,0,1
20039,32,24,14,0,0
20869,32,56,17,0,1
20037,32,24,15,0,0
20035,32,24,16,0,0
20036,32,56,8,0,1
20033,32,24,17,0,0
20034,32,56,7,0,1
20031,32,24,18,0,0
20032,32,56,6,0,1
20591,32,56,18,0,1
20590,32,24,10,0,0
20880,32,24,7,0,0
20885,32,56,14,0,1
20886,32,24,9,0,0
21099,32,24,8,0,0
21551,32,24,13,0,0
21098,32,56,15,0,1
20029,32,24,19,0,0
20028,32,56,4,0,1
20592,32,24,9,0,0
20593,32,56,19,0,1
20870,32,24,6,0,0
20874,32,24,4,0,0
20614,32,56,9,0,1
20613,32,24,13,0,0
20873,32,56,19,0,1
20872,32,24,5,0,0
20612,32,56,10,0,1
20611,32,24,12,0,0
20871,32,56,18,0,1
20878,32,24,2,0,0
20610,32,56,11,0,1
20877,32,56,21,0,1
20876,32,24,3,0,0
20875,32,56,20,0,1
20567,32,56,15,0,1
20879,32,24,1,0,0
20805,32,56,16,0,1
20608,32,56,12,0,1
20609,32,24,11,0,0
21051,55,24,4,0,0
21050,55,49,18,0,1
20887,55,49,17,0,1
20889,55,49,16,0,1
20888,55,24,5,0,0
21208,55,49,1,0,1
20197,55,49,2,0,1
20196,55,24,20,0,0
20029,55,24,18,0,0
20028,55,49,4,0,1
20030,55,49,5,0,1
21214,55,24,8,0,0
21213,55,49,14,0,1
20614,55,49,9,0,1
20892,55,24,7,0,0
20891,55,49,15,0,1
20613,55,24,12,0,0
20612,55,49,10,0,1
20890,55,24,6,0,0
20611,55,24,11,0,0
20610,55,49,11,0,1
21085,55,24,10,0,0
21086,55,49,12,0,1
21084,55,49,13,0,1
20330,55,24,19,0,0
20331,55,49,3,0,1
20039,55,24,13,0,0
21045,55,24,1,0,0
20037,55,24,14,0,0
21046,55,49,20,0,1
20035,55,24,15,0,0
20036,55,49,8,0,1
21049,55,24,3,0,0
20033,55,24,16,0,0
20034,55,49,7,0,1
21047,55,24,2,0,0
20031,55,24,17,0,0
21048,55,49,19,0,1
20032,55,49,6,0,1
20784,55,24,9,0,0
21020,48,51,6,0,1
21209,48,51,1,0,1
21100,48,51,12,0,1
21103,48,51,10,0,1
21096,48,24,3,0,0
21097,48,51,15,0,1
20197,48,51,2,0,1
21396,48,24,2,0,0
20196,48,24,16,0,0
21397,48,51,16,0,1
21021,48,24,12,0,0
20959,48,24,6,0,0
21023,48,51,4,0,1
21215,48,24,1,0,0
21401,48,24,5,0,0
21402,48,51,13,0,1
20080,48,24,14,0,0
21088,48,51,11,0,1
21087,48,24,7,0,0
21019,48,24,10,0,0
21018,48,51,8,0,1
21017,48,24,9,0,0
21016,48,51,9,0,1
21015,48,24,13,0,0
21014,48,51,5,0,1
21013,48,24,11,0,0
20111,48,51,3,0,1
20110,48,24,15,0,0
21012,48,51,7,0,1
20963,48,24,4,0,0
20964,48,51,14,0,1
21010,48,24,8,0,0
20100,80,52,7,0,1
20518,80,52,8,0,1
21221,80,24,2,0,0
21222,80,52,17,0,1
21223,80,24,4,0,0
21224,80,52,15,0,1
21225,80,24,5,0,0
21226,80,52,14,0,1
20102,80,52,6,0,1
20075,80,24,7,0,0
21229,80,24,14,0,0
20099,80,24,12,0,0
20197,80,52,2,0,1
20196,80,24,16,0,0
20475,80,52,9,0,1
20473,80,52,10,0,1
20163,80,24,6,0,0
20164,80,52,13,0,1
20474,80,24,10,0,0
20024,80,24,13,0,0
20165,80,52,5,0,1
20472,80,24,9,0,0
21230,80,52,4,0,1
21211,80,52,1,0,1
20173,80,52,11,0,1
21218,80,24,1,0,0
20172,80,24,8,0,0
20171,80,52,12,0,1
20844,80,24,3,0,0
20845,80,52,16,0,1
20291,80,24,15,0,0
20111,80,52,3,0,1
20136,80,24,11,0,0
20100,43,36,7,0,1
20102,43,36,6,0,1
20470,43,24,22,0,0
21209,43,36,1,0,1
20909,43,36,14,0,1
20908,43,24,19,0,0
20099,43,24,26,0,0
20197,43,36,2,0,1
20913,43,36,16,0,1
20912,43,24,17,0,0
20196,43,24,30,0,0
20475,43,36,9,0,1
20915,43,36,17,0,1
20914,43,24,16,0,0
20473,43,36,10,0,1
20474,43,24,24,0,0
20471,43,36,11,0,1
20911,43,36,15,0,1
20472,43,24,23,0,0
20910,43,24,18,0,0
20918,43,24,14,0,0
20919,43,36,19,0,1
20916,43,24,15,0,0
20917,43,36,18,0,1
20926,43,24,10,0,0
20926,43,36,22,0,1
20925,43,36,26,0,1
20924,43,24,7,0,0
20923,43,24,9,0,0
20923,43,36,21,0,1
20922,43,24,12,0,0
20922,43,36,24,0,1
20921,43,24,8,0,0
20921,43,36,20,0,1
20920,43,24,13,0,0
20920,43,36,25,0,1
20136,43,24,25,0,0
20518,43,36,8,0,1
21229,43,24,28,0,0
20024,43,24,27,0,0
20165,43,36,5,0,1
20978,43,24,1,0,0
20979,43,24,2,0,0
21028,43,24,11,0,0
21028,43,36,23,0,1
21230,43,36,4,0,1
20469,43,36,12,0,1
20468,43,24,21,0,0
20467,43,36,13,0,1
20466,43,24,20,0,0
20980,43,36,31,0,1
20983,43,24,6,0,0
20984,43,36,27,0,1
20981,43,24,3,0,0
20982,43,36,30,0,1
20291,43,24,29,0,0
20987,43,24,5,0,0
20988,43,36,28,0,1
20985,43,24,4,0,0
20986,43,36,29,0,1
20111,43,36,3,0,1
20100,62,48,7,0,1
20518,62,48,8,0,1
20102,62,48,6,0,1
20909,62,48,14,0,1
20470,62,24,9,0,0
21229,62,24,15,0,0
20908,62,24,6,0,0
20099,62,24,13,0,0
20931,62,24,3,0,0
20197,62,48,2,0,1
20196,62,24,17,0,0
20475,62,48,9,0,1
20933,62,24,2,0,0
20932,62,48,17,0,1
20473,62,48,10,0,1
20935,62,24,1,0,0
20934,62,48,18,0,1
20474,62,24,11,0,0
20024,62,24,14,0,0
20911,62,48,15,0,1
20471,62,48,11,0,1
20165,62,48,5,0,1
20472,62,24,10,0,0
20910,62,24,5,0,0
21232,62,48,16,0,1
20469,62,48,12,0,1
21230,62,48,4,0,1
20468,62,24,8,0,0
21231,62,24,4,0,0
21211,62,48,1,0,1
20467,62,48,13,0,1
20466,62,24,7,0,0
20291,62,24,16,0,0
20111,62,48,3,0,1
20136,62,24,12,0,0
20516,45,24,14,0,0
20514,45,24,13,0,0
20620,45,13,9,0,1
21207,45,13,1,0,1
20478,45,13,4,0,1
20169,45,13,10,0,1
21008,45,13,11,0,1
21007,45,24,6,0,0
20937,45,13,12,0,1
20936,45,24,5,0,0
20349,45,13,3,0,1
20619,45,24,8,0,0
20815,45,24,7,0,0
20618,45,13,8,0,1
20617,45,24,9,0,0
20616,45,13,7,0,1
20996,45,24,2,0,0
20615,45,24,10,0,0
20540,45,24,11,0,0
20938,45,24,4,0,0
21239,45,24,16,0,0
20939,45,13,13,0,1
20543,45,13,5,0,1
20541,45,13,6,0,1
20350,45,24,15,0,0
20542,45,24,12,0,0
20942,45,24,1,0,0
20941,45,13,14,0,1
20940,45,24,3,0,0
21152,45,24,17,0,0
21150,45,13,2,0,1
20534,46,24,16,0,0
20516,46,24,22,0,0
20535,46,42,9,0,1
20536,46,24,17,0,0
20537,46,42,8,0,1
20538,46,24,18,0,0
20539,46,42,7,0,1
20949,46,24,3,0,0
20514,46,24,21,0,0
20530,46,24,14,0,0
20531,46,42,11,0,1
20532,46,24,15,0,0
20533,46,42,10,0,1
20478,46,42,4,0,1
21552,46,24,1,0,0
20950,46,42,22,0,1
20951,46,24,2,0,0
21554,46,42,23,0,1
20349,46,42,3,0,1
20529,46,42,12,0,1
20527,46,42,13,0,1
20528,46,24,13,0,0
20525,46,42,14,0,1
21211,46,42,1,0,1
20526,46,24,12,0,0
20523,46,42,15,0,1
20524,46,24,11,0,0
20521,46,42,16,0,1
20522,46,24,10,0,0
20540,46,24,19,0,0
20520,46,24,9,0,0
21239,46,24,24,0,0
20543,46,42,5,0,1
20541,46,42,6,0,1
20542,46,24,20,0,0
20350,46,24,23,0,0
20944,46,42,17,0,1
20943,46,24,8,0,0
20948,46,42,20,0,1
20947,46,24,5,0,0
20946,46,42,19,0,1
20945,46,24,6,0,0
21035,46,42,18,0,1
21034,46,24,7,0,0
21033,46,42,21,0,1
21032,46,24,4,0,0
21152,46,24,25,0,0
21150,46,42,2,0,1
20100,81,50,7,0,1
20102,81,50,6,0,1
21229,81,24,12,0,0
21242,81,50,15,0,1
21391,81,24,3,0,0
21241,81,24,2,0,0
21244,81,50,13,0,1
21104,81,24,5,0,0
21105,81,50,12,0,1
20099,81,24,10,0,0
21243,81,24,4,0,0
20167,81,24,7,0,0
20197,81,50,2,0,1
20196,81,24,14,0,0
21240,81,24,1,0,0
20024,81,24,11,0,0
20832,81,24,6,0,0
20833,81,50,11,0,1
20165,81,50,5,0,1
20637,81,50,8,0,1
20633,81,50,10,0,1
20634,81,24,8,0,0
20635,81,50,9,0,1
20636,81,24,9,0,0
21230,81,50,4,0,1
21211,81,50,1,0,1
21400,81,50,14,0,1
20291,81,24,13,0,0
20111,81,50,3,0,1
21245,24,24,6,0,0
21245,24,47,14,0,1
21229,24,24,16,0,0
20192,24,24,12,0,0
20193,24,47,7,0,1
20194,24,24,13,0,0
21207,24,47,1,0,1
20195,24,47,6,0,1
20776,24,24,5,0,0
20197,24,47,2,0,1
20777,24,47,14,0,1
20196,24,24,18,0,0
20778,24,24,7,0,0
20855,24,24,6,0,0
20856,24,47,13,0,1
20779,24,47,12,0,1
20678,24,24,11,0,0
20024,24,24,15,0,0
20165,24,24,14,0,0
20679,24,47,8,0,1
20812,24,47,9,0,1
20770,24,24,2,0,0
20771,24,47,17,0,1
20811,24,24,10,0,0
20772,24,24,3,0,0
20773,24,47,16,0,1
20774,24,24,4,0,0
20775,24,47,15,0,1
21230,24,47,4,0,1
20769,24,24,1,0,0
20291,24,24,17,0,0
20781,24,47,11,0,1
20782,24,24,9,0,0
20669,24,47,5,0,1
20780,24,24,8,0,0
20111,24,47,3,0,1
20783,24,47,10,0,1
21429,93,54,10,0,1
20435,93,54,8,0,1
21430,93,24,2,0,0
20424,93,54,6,0,1
20295,93,54,2,0,1
20434,93,24,5,0,0
21101,93,54,7,0,1
20425,93,24,6,0,0
20296,93,24,10,0,0
21102,93,24,5,0,0
21208,93,54,1,0,1
20848,93,54,8,0,1
20306,93,24,8,0,0
20342,93,54,3,0,1
21089,93,24,1,0,0
20849,93,24,4,0,0
20664,93,24,3,0,0
20664,93,54,9,0,1
20343,93,24,9,0,0
20307,93,54,4,0,1
20646,93,54,5,0,1
20647,93,24,7,0,0
20160,65,24,7,0,0
21207,65,9,1,0,1
20128,65,9,10,0,1
20970,65,9,15,0,1
20971,65,24,3,0,0
20127,65,24,9,0,0
20973,65,24,2,0,0
20129,65,24,8,0,0
20124,65,9,8,0,1
20974,65,24,1,0,0
20123,65,24,11,0,0
20126,65,9,9,0,1
20125,65,24,10,0,0
20120,65,9,6,0,1
20122,65,9,7,0,1
20121,65,24,12,0,0
20158,65,24,6,0,0
20159,65,9,11,0,1
20156,65,24,5,0,0
20157,65,9,12,0,1
20119,65,24,13,0,0
20118,65,9,5,0,1
20155,65,9,13,0,1
20117,65,24,14,0,0
20116,65,9,4,0,1
20115,65,24,15,0,0
20969,65,24,4,0,0
20114,65,9,3,0,1
20113,65,24,16,0,0
20112,65,9,2,0,1
20968,65,9,14,0,1
20627,95,46,16,0,1
20626,95,46,15,0,1
20536,95,63,12,0,0
20629,95,46,17,0,1
20537,95,46,9,0,1
20538,95,63,13,0,0
20539,95,46,8,0,1
20625,95,46,14,0,1
20621,95,63,2,0,0
20192,95,63,17,0,0
20193,95,46,4,0,1
20194,95,63,18,0,0
20195,95,46,3,0,1
20630,95,46,18,0,1
20631,95,46,20,0,1
20169,95,63,1,0,0
20632,95,63,3,0,0
20632,95,46,19,0,1
20678,95,63,16,0,0
20677,95,46,10,0,1
20024,95,46,1,0,1
20165,95,63,19,0,0
20679,95,46,5,0,1
20674,95,63,10,0,0
20673,95,46,12,0,1
20676,95,63,11,0,0
20812,95,46,6,0,1
20811,95,63,15,0,0
20675,95,46,11,0,1
20670,95,63,8,0,0
20672,95,63,9,0,0
20671,95,46,13,0,1
20540,95,63,14,0,0
20541,95,46,7,0,1
20170,95,63,7,0,0
20669,95,46,2,0,1
20686,95,63,4,0,0
20685,95,63,5,0,0
20684,95,63,6,0,0
