arret_id,trajet_id,heure_depart,stop_sequence,terminus
21207,8,1145,1,0
20112,8,1146,2,0
20114,8,1147,3,0
20116,8,1148,4,0
20118,8,1150,5,0
20120,8,1152,6,0
20122,8,1154,7,0
20124,8,1154,8,0
20126,8,1155,9,0
20128,8,1156,10,0
20159,8,1158,11,0
20157,8,1158,12,0
20155,8,1158,13,0
20968,8,1162,14,0
20970,8,1163,15,0
20974,8,1164,16,1
20974,3255,961,1,0
20973,3255,961,2,0
20971,3255,962,3,0
20969,3255,962,4,0
20156,3255,967,5,0
20158,3255,968,6,0
20160,3255,969,7,0
20129,3255,970,8,0
20127,3255,971,9,0
20125,3255,972,10,0
20123,3255,973,11,0
20121,3255,975,12,0
20119,3255,978,13,0
20117,3255,980,14,0
20115,3255,981,15,0
20113,3255,983,16,0
21206,3255,985,17,1
21207,3386,1055,1,0
20112,3386,1056,2,0
20114,3386,1057,3,0
20116,3386,1058,4,0
20118,3386,1060,5,0
20120,3386,1062,6,0
20122,3386,1064,7,0
20124,3386,1064,8,0
20126,3386,1065,9,0
20128,3386,1066,10,0
20159,3386,1068,11,0
20157,3386,1068,12,0
20155,3386,1068,13,0
20968,3386,1072,14,0
20970,3386,1073,15,0
20974,3386,1074,16,1
20974,3468,751,1,0
20973,3468,751,2,0
20971,3468,752,3,0
20969,3468,752,4,0
20156,3468,757,5,0
20158,3468,758,6,0
20160,3468,759,7,0
20129,3468,760,8,0
20127,3468,761,9,0
20125,3468,762,10,0
20123,3468,763,11,0
20121,3468,765,12,0
20119,3468,768,13,0
20117,3468,770,14,0
20115,3468,771,15,0
20113,3468,773,16,0
21206,3468,775,17,1
21207,3510,520,1,0
20112,3510,521,2,0
20114,3510,522,3,0
20116,3510,523,4,0
20118,3510,525,5,0
20120,3510,527,6,0
20122,3510,529,7,0
20124,3510,529,8,0
20126,3510,530,9,0
20128,3510,531,10,0
20159,3510,533,11,0
20157,3510,533,12,0
20155,3510,533,13,0
20968,3510,537,14,0
20970,3510,538,15,0
20974,3510,539,16,1
20974,2081,1201,1,0
20973,2081,1201,2,0
20971,2081,1202,3,0
20969,2081,1202,4,0
20156,2081,1207,5,0
20158,2081,1208,6,0
20160,2081,1209,7,0
20129,2081,1210,8,0
20127,2081,1211,9,0
20125,2081,1212,10,0
20123,2081,1213,11,0
20121,2081,1215,12,0
20119,2081,1218,13,0
20117,2081,1220,14,0
20115,2081,1221,15,0
20113,2081,1223,16,0
21206,2081,1225,17,1
21207,3831,875,1,0
20112,3831,876,2,0
20114,3831,877,3,0
20116,3831,878,4,0
20118,3831,880,5,0
20120,3831,882,6,0
20122,3831,884,7,0
20124,3831,884,8,0
20126,3831,885,9,0
20128,3831,886,10,0
20159,3831,888,11,0
20157,3831,888,12,0
20155,3831,888,13,0
20968,3831,892,14,0
20970,3831,893,15,0
20974,3831,894,16,1
20974,1886,781,1,0
20973,1886,781,2,0
20971,1886,782,3,0
20969,1886,782,4,0
20156,1886,787,5,0
20158,1886,788,6,0
20160,1886,789,7,0
20129,1886,790,8,0
20127,1886,791,9,0
20125,1886,792,10,0
20123,1886,793,11,0
20121,1886,795,12,0
20119,1886,798,13,0
20117,1886,800,14,0
20115,1886,801,15,0
20113,1886,803,16,0
21206,1886,805,17,1
21207,4617,905,1,0
20112,4617,906,2,0
20114,4617,907,3,0
20116,4617,908,4,0
20118,4617,910,5,0
20120,4617,912,6,0
20122,4617,914,7,0
20124,4617,914,8,0
20126,4617,915,9,0
20128,4617,916,10,0
20159,4617,918,11,0
20157,4617,918,12,0
20155,4617,918,13,0
20968,4617,922,14,0
20970,4617,923,15,0
20974,4617,924,16,1
21207,4640,995,1,0
20112,4640,996,2,0
20114,4640,997,3,0
20116,4640,998,4,0
20118,4640,1000,5,0
20120,4640,1002,6,0
20122,4640,1004,7,0
20124,4640,1004,8,0
20126,4640,1005,9,0
20128,4640,1006,10,0
20159,4640,1008,11,0
20157,4640,1008,12,0
20155,4640,1008,13,0
20968,4640,1012,14,0
20970,4640,1013,15,0
20974,4640,1014,16,1
21207,4628,1175,1,0
20112,4628,1176,2,0
20114,4628,1177,3,0
20116,4628,1178,4,0
20118,4628,1180,5,0
20120,4628,1182,6,0
20122,4628,1184,7,0
20124,4628,1184,8,0
20126,4628,1185,9,0
20128,4628,1186,10,0
20159,4628,1188,11,0
20157,4628,1188,12,0
20155,4628,1188,13,0
20968,4628,1192,14,0
20970,4628,1193,15,0
20974,4628,1194,16,1
20974,4671,1081,1,0
20973,4671,1081,2,0
20971,4671,1082,3,0
20969,4671,1082,4,0
20156,4671,1087,5,0
20158,4671,1088,6,0
20160,4671,1089,7,0
20129,4671,1090,8,0
20127,4671,1091,9,0
20125,4671,1092,10,0
20123,4671,1093,11,0
20121,4671,1095,12,0
20119,4671,1098,13,0
20117,4671,1100,14,0
20115,4671,1101,15,0
20113,4671,1103,16,0
21206,4671,1105,17,1
20974,416,661,1,0
20973,416,661,2,0
20971,416,662,3,0
20969,416,662,4,0
20156,416,667,5,0
20158,416,668,6,0
20160,416,669,7,0
20129,416,670,8,0
20127,416,671,9,0
20125,416,672,10,0
20123,416,673,11,0
20121,416,675,12,0
20119,416,678,13,0
20117,416,680,14,0
20115,416,681,15,0
20113,416,683,16,0
21206,416,685,17,1
20974,2863,601,1,0
20973,2863,601,2,0
20971,2863,602,3,0
20969,2863,602,4,0
20156,2863,607,5,0
20158,2863,608,6,0
20160,2863,609,7,0
20129,2863,610,8,0
20127,2863,611,9,0
20125,2863,612,10,0
20123,2863,613,11,0
20121,2863,615,12,0
20119,2863,618,13,0
20117,2863,620,14,0
20115,2863,621,15,0
20113,2863,623,16,0
21206,2863,625,17,1
21207,1779,545,1,0
20112,1779,546,2,0
20114,1779,547,3,0
20116,1779,548,4,0
20118,1779,550,5,0
20120,1779,552,6,0
20122,1779,554,7,0
20124,1779,554,8,0
20126,1779,555,9,0
20128,1779,556,10,0
20159,1779,558,11,0
20157,1779,558,12,0
20155,1779,558,13,0
20968,1779,562,14,0
20970,1779,563,15,0
20974,1779,564,16,1
21207,1755,935,1,0
20112,1755,936,2,0
20114,1755,937,3,0
20116,1755,938,4,0
20118,1755,940,5,0
20120,1755,942,6,0
20122,1755,944,7,0
20124,1755,944,8,0
20126,1755,945,9,0
20128,1755,946,10,0
20159,1755,948,11,0
20157,1755,948,12,0
20155,1755,948,13,0
20968,1755,952,14,0
20970,1755,953,15,0
20974,1755,954,16,1
20974,332,841,1,0
20973,332,841,2,0
20971,332,842,3,0
20969,332,842,4,0
20156,332,847,5,0
20158,332,848,6,0
20160,332,849,7,0
20129,332,850,8,0
20127,332,851,9,0
20125,332,852,10,0
20123,332,853,11,0
20121,332,855,12,0
20119,332,858,13,0
20117,332,860,14,0
20115,332,861,15,0
20113,332,863,16,0
21206,332,865,17,1
20974,1647,901,1,0
20973,1647,901,2,0
20971,1647,902,3,0
20969,1647,902,4,0
20156,1647,907,5,0
20158,1647,908,6,0
20160,1647,909,7,0
20129,1647,910,8,0
20127,1647,911,9,0
20125,1647,912,10,0
20123,1647,913,11,0
20121,1647,915,12,0
20119,1647,918,13,0
20117,1647,920,14,0
20115,1647,921,15,0
20113,1647,923,16,0
21206,1647,925,17,1
20974,243,512,1,0
20973,243,512,2,0
20971,243,513,3,0
20969,243,513,4,0
20156,243,518,5,0
20158,243,519,6,0
20160,243,520,7,0
20129,243,521,8,0
20127,243,522,9,0
20125,243,523,10,0
20123,243,524,11,0
20121,243,526,12,0
20119,243,528,13,0
20117,243,530,14,0
20115,243,531,15,0
20113,243,533,16,0
21206,243,535,17,1
21207,264,485,1,0
20112,264,486,2,0
20114,264,487,3,0
20116,264,488,4,0
20118,264,490,5,0
20120,264,492,6,0
20122,264,494,7,0
20124,264,494,8,0
20126,264,495,9,0
20128,264,496,10,0
20159,264,498,11,0
20157,264,498,12,0
20155,264,498,13,0
20968,264,502,14,0
20970,264,503,15,0
20974,264,504,16,1
21207,831,725,1,0
20112,831,726,2,0
20114,831,727,3,0
20116,831,728,4,0
20118,831,730,5,0
20120,831,732,6,0
20122,831,734,7,0
20124,831,734,8,0
20126,831,735,9,0
20128,831,736,10,0
20159,831,738,11,0
20157,831,738,12,0
20155,831,738,13,0
20968,831,742,14,0
20970,831,743,15,0
20974,831,744,16,1
20974,5643,358,1,0
20973,5643,358,2,0
20971,5643,359,3,0
20969,5643,359,4,0
20156,5643,364,5,0
20158,5643,365,6,0
20160,5643,366,7,0
20129,5643,367,8,0
20127,5643,368,9,0
20125,5643,369,10,0
20123,5643,370,11,0
20121,5643,372,12,0
20119,5643,375,13,0
20117,5643,377,14,0
20115,5643,378,15,0
20113,5643,380,16,0
21206,5643,382,17,1
20974,5662,490,1,0
20973,5662,490,2,0
20971,5662,491,3,0
20969,5662,491,4,0
20156,5662,496,5,0
20158,5662,497,6,0
20160,5662,498,7,0
20129,5662,499,8,0
20127,5662,500,9,0
20125,5662,502,10,0
20123,5662,503,11,0
20121,5662,505,12,0
20119,5662,507,13,0
20117,5662,509,14,0
20115,5662,510,15,0
20113,5662,511,16,0
21206,5662,513,17,1
20974,717,432,1,0
20973,717,432,2,0
20971,717,433,3,0
20969,717,433,4,0
20156,717,438,5,0
20158,717,439,6,0
20160,717,440,7,0
20129,717,441,8,0
20127,717,442,9,0
20125,717,444,10,0
20123,717,445,11,0
20121,717,447,12,0
20119,717,449,13,0
20117,717,451,14,0
20115,717,452,15,0
20113,717,453,16,0
21206,717,455,17,1
21207,2741,755,1,0
20112,2741,756,2,0
20114,2741,757,3,0
20116,2741,758,4,0
20118,2741,760,5,0
20120,2741,762,6,0
20122,2741,764,7,0
20124,2741,764,8,0
20126,2741,765,9,0
20128,2741,766,10,0
20159,2741,768,11,0
20157,2741,768,12,0
20155,2741,768,13,0
20968,2741,772,14,0
20970,2741,773,15,0
20974,2741,774,16,1
21207,2771,465,1,0
20112,2771,466,2,0
20114,2771,467,3,0
20116,2771,468,4,0
20118,2771,470,5,0
20120,2771,472,6,0
20122,2771,474,7,0
20124,2771,474,8,0
20126,2771,475,9,0
20128,2771,476,10,0
20159,2771,478,11,0
20157,2771,478,12,0
20155,2771,478,13,0
20968,2771,482,14,0
20970,2771,483,15,0
20974,2771,484,16,1
21207,777,575,1,0
20112,777,576,2,0
20114,777,577,3,0
20116,777,578,4,0
20118,777,580,5,0
20120,777,582,6,0
20122,777,584,7,0
20124,777,584,8,0
20126,777,585,9,0
20128,777,586,10,0
20159,777,588,11,0
20157,777,588,12,0
20155,777,588,13,0
20968,777,592,14,0
20970,777,593,15,0
20974,777,594,16,1
20974,2690,931,1,0
20973,2690,931,2,0
20971,2690,932,3,0
20969,2690,932,4,0
20156,2690,937,5,0
20158,2690,938,6,0
20160,2690,939,7,0
20129,2690,940,8,0
20127,2690,941,9,0
20125,2690,942,10,0
20123,2690,943,11,0
20121,2690,945,12,0
20119,2690,948,13,0
20117,2690,950,14,0
20115,2690,951,15,0
20113,2690,953,16,0
21206,2690,955,17,1
20974,4423,721,1,0
20973,4423,721,2,0
20971,4423,722,3,0
20969,4423,722,4,0
20156,4423,727,5,0
20158,4423,728,6,0
20160,4423,729,7,0
20129,4423,730,8,0
20127,4423,731,9,0
20125,4423,732,10,0
20123,4423,733,11,0
20121,4423,735,12,0
20119,4423,738,13,0
20117,4423,740,14,0
20115,4423,741,15,0
20113,4423,743,16,0
21206,4423,745,17,1
20974,4435,572,1,0
20973,4435,572,2,0
20971,4435,573,3,0
20969,4435,573,4,0
20156,4435,578,5,0
20158,4435,579,6,0
20160,4435,580,7,0
20129,4435,581,8,0
20127,4435,582,9,0
20125,4435,583,10,0
20123,4435,584,11,0
20121,4435,586,12,0
20119,4435,588,13,0
20117,4435,590,14,0
20115,4435,591,15,0
20113,4435,593,16,0
21206,4435,595,17,1
20974,4440,542,1,0
20973,4440,542,2,0
20971,4440,543,3,0
20969,4440,543,4,0
20156,4440,548,5,0
20158,4440,549,6,0
20160,4440,550,7,0
20129,4440,551,8,0
20127,4440,552,9,0
20125,4440,553,10,0
20123,4440,554,11,0
20121,4440,556,12,0
20119,4440,558,13,0
20117,4440,560,14,0
20115,4440,561,15,0
20113,4440,563,16,0
21206,4440,565,17,1
21207,2624,635,1,0
20112,2624,636,2,0
20114,2624,637,3,0
20116,2624,638,4,0
20118,2624,640,5,0
20120,2624,642,6,0
20122,2624,644,7,0
20124,2624,644,8,0
20126,2624,645,9,0
20128,2624,646,10,0
20159,2624,648,11,0
20157,2624,648,12,0
20155,2624,648,13,0
20968,2624,652,14,0
20970,2624,653,15,0
20974,2624,654,16,1
20974,657,1111,1,0
20973,657,1111,2,0
20971,657,1112,3,0
20969,657,1112,4,0
20156,657,1117,5,0
20158,657,1118,6,0
20160,657,1119,7,0
20129,657,1120,8,0
20127,657,1121,9,0
20125,657,1122,10,0
20123,657,1123,11,0
20121,657,1125,12,0
20119,657,1128,13,0
20117,657,1130,14,0
20115,657,1131,15,0
20113,657,1133,16,0
21206,657,1135,17,1
21207,1082,1115,1,0
20112,1082,1116,2,0
20114,1082,1117,3,0
20116,1082,1118,4,0
20118,1082,1120,5,0
20120,1082,1122,6,0
20122,1082,1124,7,0
20124,1082,1124,8,0
20126,1082,1125,9,0
20128,1082,1126,10,0
20159,1082,1128,11,0
20157,1082,1128,12,0
20155,1082,1128,13,0
20968,1082,1132,14,0
20970,1082,1133,15,0
20974,1082,1134,16,1
21207,4368,1210,1,0
20112,4368,1211,2,0
20114,4368,1212,3,0
20116,4368,1213,4,0
20118,4368,1215,5,0
20120,4368,1217,6,0
20122,4368,1219,7,0
20124,4368,1219,8,0
20126,4368,1220,9,0
20128,4368,1221,10,0
20159,4368,1223,11,0
20157,4368,1223,12,0
20155,4368,1223,13,0
20968,4368,1227,14,0
20970,4368,1228,15,0
20974,4368,1229,16,1
20974,5406,1021,1,0
20973,5406,1021,2,0
20971,5406,1022,3,0
20969,5406,1022,4,0
20156,5406,1027,5,0
20158,5406,1028,6,0
20160,5406,1029,7,0
20129,5406,1030,8,0
20127,5406,1031,9,0
20125,5406,1032,10,0
20123,5406,1033,11,0
20121,5406,1035,12,0
20119,5406,1038,13,0
20117,5406,1040,14,0
20115,5406,1041,15,0
20113,5406,1043,16,0
21206,5406,1045,17,1
21207,4018,815,1,0
20112,4018,816,2,0
20114,4018,817,3,0
20116,4018,818,4,0
20118,4018,820,5,0
20120,4018,822,6,0
20122,4018,824,7,0
20124,4018,824,8,0
20126,4018,825,9,0
20128,4018,826,10,0
20159,4018,828,11,0
20157,4018,828,12,0
20155,4018,828,13,0
20968,4018,832,14,0
20970,4018,833,15,0
20974,4018,834,16,1
21207,4016,695,1,0
20112,4016,696,2,0
20114,4016,697,3,0
20116,4016,698,4,0
20118,4016,700,5,0
20120,4016,702,6,0
20122,4016,704,7,0
20124,4016,704,8,0
20126,4016,705,9,0
20128,4016,706,10,0
20159,4016,708,11,0
20157,4016,708,12,0
20155,4016,708,13,0
20968,4016,712,14,0
20970,4016,713,15,0
20974,4016,714,16,1
21207,4058,1085,1,0
20112,4058,1086,2,0
20114,4058,1087,3,0
20116,4058,1088,4,0
20118,4058,1090,5,0
20120,4058,1092,6,0
20122,4058,1094,7,0
20124,4058,1094,8,0
20126,4058,1095,9,0
20128,4058,1096,10,0
20159,4058,1098,11,0
20157,4058,1098,12,0
20155,4058,1098,13,0
20968,4058,1102,14,0
20970,4058,1103,15,0
20974,4058,1104,16,1
20974,5012,1141,1,0
20973,5012,1141,2,0
20971,5012,1142,3,0
20969,5012,1142,4,0
20156,5012,1147,5,0
20158,5012,1148,6,0
20160,5012,1149,7,0
20129,5012,1150,8,0
20127,5012,1151,9,0
20125,5012,1152,10,0
20123,5012,1153,11,0
20121,5012,1155,12,0
20119,5012,1158,13,0
20117,5012,1160,14,0
20115,5012,1161,15,0
20113,5012,1163,16,0
21206,5012,1165,17,1
