arret_id,trajet_id,heure_depart,stop_sequence,terminus
21075,29,1160,1,0
20013,29,1163,2,0
20752,29,1164,3,0
20061,29,1165,4,0
20737,29,1167,5,0
20735,29,1168,6,0
20740,29,1169,7,0
20741,29,1170,8,0
21079,29,1171,9,0
20668,29,1173,10,1
20668,78,432,1,0
20716,78,433,2,0
20717,78,435,3,0
20718,78,435,4,0
20719,78,436,5,0
20734,78,437,6,0
20736,78,438,7,0
20025,78,439,8,0
20014,78,442,9,0
21075,78,445,10,1
20668,65,640,1,0
20716,65,641,2,0
20717,65,643,3,0
20718,65,643,4,0
20719,65,644,5,0
20734,65,645,6,0
20736,65,646,7,0
20025,65,647,8,0
20014,65,650,9,0
21075,65,653,10,1
21075,98,936,1,0
20013,98,939,2,0
20752,98,940,3,0
20061,98,941,4,0
20737,98,943,5,0
20735,98,944,6,0
20740,98,945,7,0
20741,98,946,8,0
21079,98,947,9,0
20668,98,949,10,1
21075,96,776,1,0
20013,96,779,2,0
20752,96,780,3,0
20061,96,781,4,0
20737,96,783,5,0
20735,96,784,6,0
20740,96,785,7,0
20741,96,786,8,0
21079,96,787,9,0
20668,96,789,10,1
20668,90,512,1,0
20716,90,514,2,0
20717,90,515,3,0
20718,90,515,4,0
20719,90,516,5,0
20734,90,517,6,0
20736,90,518,7,0
20025,90,520,8,0
20014,90,522,9,0
21075,90,525,10,1
21075,3285,496,1,0
20013,3285,499,2,0
20752,3285,500,3,0
20061,3285,501,4,0
20737,3285,503,5,0
20735,3285,504,6,0
20740,3285,505,7,0
20741,3285,506,8,0
21079,3285,507,9,0
20668,3285,509,10,1
21075,3299,648,1,0
20013,3299,651,2,0
20752,3299,652,3,0
20061,3299,653,4,0
20737,3299,655,5,0
20735,3299,656,6,0
20740,3299,657,7,0
20741,3299,658,8,0
21079,3299,659,9,0
20668,3299,661,10,1
21075,2110,672,1,0
20013,2110,675,2,0
20752,2110,676,3,0
20061,2110,677,4,0
20737,2110,679,5,0
20735,2110,680,6,0
20740,2110,681,7,0
20741,2110,682,8,0
21079,2110,683,9,0
20668,2110,685,10,1
20668,3243,936,1,0
20716,3243,937,2,0
20717,3243,939,3,0
20718,3243,939,4,0
20719,3243,940,5,0
20734,3243,941,6,0
20736,3243,942,7,0
20025,3243,943,8,0
20014,3243,946,9,0
21075,3243,949,10,1
20668,3266,432,1,0
20716,3266,434,2,0
20717,3266,435,3,0
20718,3266,435,4,0
20719,3266,436,5,0
20734,3266,437,6,0
20736,3266,438,7,0
20025,3266,440,8,0
20014,3266,442,9,0
21075,3266,445,10,1
20668,2161,1152,1,0
20716,2161,1154,2,0
20717,2161,1155,3,0
20718,2161,1155,4,0
20719,2161,1156,5,0
20734,2161,1157,6,0
20736,2161,1158,7,0
20025,2161,1160,8,0
20014,2161,1162,9,0
21075,2161,1165,10,1
20668,2162,808,1,0
20716,2162,810,2,0
20717,2162,811,3,0
20718,2162,811,4,0
20719,2162,812,5,0
20734,2162,813,6,0
20736,2162,814,7,0
20025,2162,816,8,0
20014,2162,818,9,0
21075,2162,821,10,1
20668,3215,952,1,0
20716,3215,954,2,0
20717,3215,955,3,0
20718,3215,955,4,0
20719,3215,956,5,0
20734,3215,957,6,0
20736,3215,958,7,0
20025,3215,960,8,0
20014,3215,962,9,0
21075,3215,965,10,1
20668,2169,1072,1,0
20716,2169,1073,2,0
20717,2169,1075,3,0
20718,2169,1075,4,0
20719,2169,1076,5,0
20734,2169,1077,6,0
20736,2169,1078,7,0
20025,2169,1079,8,0
20014,2169,1082,9,0
21075,2169,1085,10,1
20668,3229,632,1,0
20716,3229,633,2,0
20717,3229,635,3,0
20718,3229,635,4,0
20719,3229,636,5,0
20734,3229,637,6,0
20736,3229,638,7,0
20025,3229,639,8,0
20014,3229,642,9,0
21075,3229,645,10,1
20668,3232,680,1,0
20716,3232,681,2,0
20717,3232,683,3,0
20718,3232,683,4,0
20719,3232,684,5,0
20734,3232,685,6,0
20736,3232,686,7,0
20025,3232,687,8,0
20014,3232,690,9,0
21075,3232,693,10,1
21075,2194,520,1,0
20013,2194,523,2,0
20752,2194,524,3,0
20061,2194,525,4,0
20737,2194,527,5,0
20735,2194,528,6,0
20740,2194,529,7,0
20741,2194,530,8,0
21079,2194,531,9,0
20668,2194,533,10,1
20668,2197,1112,1,0
20716,2197,1113,2,0
20717,2197,1115,3,0
20718,2197,1115,4,0
20719,2197,1116,5,0
20734,2197,1117,6,0
20736,2197,1118,7,0
20025,2197,1119,8,0
20014,2197,1122,9,0
21075,2197,1125,10,1
20668,2203,1112,1,0
20716,2203,1114,2,0
20717,2203,1115,3,0
20718,2203,1115,4,0
20719,2203,1116,5,0
20734,2203,1117,6,0
20736,2203,1118,7,0
20025,2203,1120,8,0
20014,2203,1122,9,0
21075,2203,1125,10,1
21075,2215,960,1,0
20013,2215,963,2,0
20752,2215,964,3,0
20061,2215,965,4,0
20737,2215,967,5,0
20735,2215,968,6,0
20740,2215,969,7,0
20741,2215,970,8,0
21079,2215,971,9,0
20668,2215,973,10,1
20668,3378,656,1,0
20716,3378,658,2,0
20717,3378,659,3,0
20718,3378,659,4,0
20719,3378,660,5,0
20734,3378,661,6,0
20736,3378,662,7,0
20025,3378,664,8,0
20014,3378,666,9,0
21075,3378,669,10,1
20668,3395,576,1,0
20716,3395,578,2,0
20717,3395,579,3,0
20718,3395,579,4,0
20719,3395,580,5,0
20734,3395,581,6,0
20736,3395,582,7,0
20025,3395,584,8,0
20014,3395,586,9,0
21075,3395,589,10,1
20668,2223,968,1,0
20716,2223,970,2,0
20717,2223,971,3,0
20718,2223,971,4,0
20719,2223,972,5,0
20734,2223,973,6,0
20736,2223,974,7,0
20025,2223,976,8,0
20014,2223,978,9,0
21075,2223,981,10,1
21075,2229,1088,1,0
20013,2229,1091,2,0
20752,2229,1092,3,0
20061,2229,1093,4,0
20737,2229,1095,5,0
20735,2229,1096,6,0
20740,2229,1097,7,0
20741,2229,1098,8,0
21079,2229,1099,9,0
20668,2229,1101,10,1
20668,3373,560,1,0
20716,3373,562,2,0
20717,3373,563,3,0
20718,3373,563,4,0
20719,3373,564,5,0
20734,3373,565,6,0
20736,3373,566,7,0
20025,3373,568,8,0
20014,3373,570,9,0
21075,3373,573,10,1
20668,3368,528,1,0
20716,3368,529,2,0
20717,3368,531,3,0
20718,3368,531,4,0
20719,3368,532,5,0
20734,3368,533,6,0
20736,3368,534,7,0
20025,3368,535,8,0
20014,3368,538,9,0
21075,3368,541,10,1
21075,3337,576,1,0
20013,3337,579,2,0
20752,3337,580,3,0
20061,3337,581,4,0
20737,3337,583,5,0
20735,3337,584,6,0
20740,3337,585,7,0
20741,3337,586,8,0
21079,3337,587,9,0
20668,3337,589,10,1
20668,3338,704,1,0
20716,3338,706,2,0
20717,3338,707,3,0
20718,3338,707,4,0
20719,3338,708,5,0
20734,3338,709,6,0
20736,3338,710,7,0
20025,3338,712,8,0
20014,3338,714,9,0
21075,3338,717,10,1
21075,3345,864,1,0
20013,3345,867,2,0
20752,3345,868,3,0
20061,3345,869,4,0
20737,3345,871,5,0
20735,3345,872,6,0
20740,3345,873,7,0
20741,3345,874,8,0
21079,3345,875,9,0
20668,3345,877,10,1
21075,3351,896,1,0
20013,3351,899,2,0
20752,3351,900,3,0
20061,3351,901,4,0
20737,3351,903,5,0
20735,3351,904,6,0
20740,3351,905,7,0
20741,3351,906,8,0
21079,3351,907,9,0
20668,3351,909,10,1
21075,3317,1072,1,0
20013,3317,1075,2,0
20752,3317,1076,3,0
20061,3317,1077,4,0
20737,3317,1079,5,0
20735,3317,1080,6,0
20740,3317,1081,7,0
20741,3317,1082,8,0
21079,3317,1083,9,0
20668,3317,1085,10,1
21075,3320,992,1,0
20013,3320,995,2,0
20752,3320,996,3,0
20061,3320,997,4,0
20737,3320,999,5,0
20735,3320,1000,6,0
20740,3320,1001,7,0
20741,3320,1002,8,0
21079,3320,1003,9,0
20668,3320,1005,10,1
20668,3325,864,1,0
20716,3325,865,2,0
20717,3325,867,3,0
20718,3325,867,4,0
20719,3325,868,5,0
20734,3325,869,6,0
20736,3325,870,7,0
20025,3325,871,8,0
20014,3325,874,9,0
21075,3325,877,10,1
20668,3477,776,1,0
20716,3477,777,2,0
20717,3477,779,3,0
20718,3477,779,4,0
20719,3477,780,5,0
20734,3477,781,6,0
20736,3477,782,7,0
20025,3477,783,8,0
20014,3477,786,9,0
21075,3477,789,10,1
20668,3486,608,1,0
20716,3486,609,2,0
20717,3486,611,3,0
20718,3486,611,4,0
20719,3486,612,5,0
20734,3486,613,6,0
20736,3486,614,7,0
20025,3486,615,8,0
20014,3486,618,9,0
21075,3486,621,10,1
20668,3492,552,1,0
20716,3492,554,2,0
20717,3492,555,3,0
20718,3492,555,4,0
20719,3492,556,5,0
20734,3492,557,6,0
20736,3492,558,7,0
20025,3492,560,8,0
20014,3492,562,9,0
21075,3492,565,10,1
20668,3409,848,1,0
20716,3409,850,2,0
20717,3409,851,3,0
20718,3409,851,4,0
20719,3409,852,5,0
20734,3409,853,6,0
20736,3409,854,7,0
20025,3409,856,8,0
20014,3409,858,9,0
21075,3409,861,10,1
21075,3507,504,1,0
20013,3507,507,2,0
20752,3507,508,3,0
20061,3507,509,4,0
20737,3507,511,5,0
20735,3507,512,6,0
20740,3507,513,7,0
20741,3507,514,8,0
21079,3507,515,9,0
20668,3507,517,10,1
21075,2006,488,1,0
20013,2006,491,2,0
20752,2006,492,3,0
20061,2006,493,4,0
20737,2006,495,5,0
20735,2006,496,6,0
20740,2006,497,7,0
20741,2006,498,8,0
21079,2006,499,9,0
20668,2006,501,10,1
21075,2004,904,1,0
20013,2004,907,2,0
20752,2004,908,3,0
20061,2004,909,4,0
20737,2004,911,5,0
20735,2004,912,6,0
20740,2004,913,7,0
20741,2004,914,8,0
21079,2004,915,9,0
20668,2004,917,10,1
20668,2095,800,1,0
20716,2095,801,2,0
20717,2095,803,3,0
20718,2095,803,4,0
20719,2095,804,5,0
20734,2095,805,6,0
20736,2095,806,7,0
20025,2095,807,8,0
20014,2095,810,9,0
21075,2095,813,10,1
21075,3532,568,1,0
20013,3532,571,2,0
20752,3532,572,3,0
20061,3532,573,4,0
20737,3532,575,5,0
20735,3532,576,6,0
20740,3532,577,7,0
20741,3532,578,8,0
21079,3532,579,9,0
20668,3532,581,10,1
20668,3577,616,1,0
20716,3577,617,2,0
20717,3577,619,3,0
20718,3577,619,4,0
20719,3577,620,5,0
20734,3577,621,6,0
20736,3577,622,7,0
20025,3577,623,8,0
20014,3577,626,9,0
21075,3577,629,10,1
20668,2062,928,1,0
20716,2062,930,2,0
20717,2062,931,3,0
20718,2062,931,4,0
20719,2062,932,5,0
20734,2062,933,6,0
20736,2062,934,7,0
20025,2062,936,8,0
20014,2062,938,9,0
21075,2062,941,10,1
20668,2057,712,1,0
20716,2057,714,2,0
20717,2057,715,3,0
20718,2057,715,4,0
20719,2057,716,5,0
20734,2057,717,6,0
20736,2057,718,7,0
20025,2057,720,8,0
20014,2057,722,9,0
21075,2057,725,10,1
21075,3614,792,1,0
20013,3614,795,2,0
20752,3614,796,3,0
20061,3614,797,4,0
20737,3614,799,5,0
20735,3614,800,6,0
20740,3614,801,7,0
20741,3614,802,8,0
21079,3614,803,9,0
20668,3614,805,10,1
21075,3632,1048,1,0
20013,3632,1051,2,0
20752,3632,1052,3,0
20061,3632,1053,4,0
20737,3632,1055,5,0
20735,3632,1056,6,0
20740,3632,1057,7,0
20741,3632,1058,8,0
21079,3632,1059,9,0
20668,3632,1061,10,1
20668,3659,992,1,0
20716,3659,994,2,0
20717,3659,995,3,0
20718,3659,995,4,0
20719,3659,996,5,0
20734,3659,997,6,0
20736,3659,998,7,0
20025,3659,1000,8,0
20014,3659,1002,9,0
21075,3659,1005,10,1
20668,3671,792,1,0
20716,3671,793,2,0
20717,3671,795,3,0
20718,3671,795,4,0
20719,3671,796,5,0
20734,3671,797,6,0
20736,3671,798,7,0
20025,3671,799,8,0
20014,3671,802,9,0
21075,3671,805,10,1
20668,3749,488,1,0
20716,3749,490,2,0
20717,3749,491,3,0
20718,3749,491,4,0
20719,3749,492,5,0
20734,3749,493,6,0
20736,3749,494,7,0
20025,3749,496,8,0
20014,3749,498,9,0
21075,3749,501,10,1
20668,3748,1064,1,0
20716,3748,1065,2,0
20717,3748,1067,3,0
20718,3748,1067,4,0
20719,3748,1068,5,0
20734,3748,1069,6,0
20736,3748,1070,7,0
20025,3748,1071,8,0
20014,3748,1074,9,0
21075,3748,1077,10,1
20668,3707,944,1,0
20716,3707,946,2,0
20717,3707,947,3,0
20718,3707,947,4,0
20719,3707,948,5,0
20734,3707,949,6,0
20736,3707,950,7,0
20025,3707,952,8,0
20014,3707,954,9,0
21075,3707,957,10,1
20668,185,496,1,0
20716,185,498,2,0
20717,185,499,3,0
20718,185,499,4,0
20719,185,500,5,0
20734,185,501,6,0
20736,185,502,7,0
20025,185,504,8,0
20014,185,506,9,0
21075,185,509,10,1
20668,3758,744,1,0
20716,3758,746,2,0
20717,3758,747,3,0
20718,3758,747,4,0
20719,3758,748,5,0
20734,3758,749,6,0
20736,3758,750,7,0
20025,3758,752,8,0
20014,3758,754,9,0
21075,3758,757,10,1
20668,3865,1016,1,0
20716,3865,1017,2,0
20717,3865,1019,3,0
20718,3865,1019,4,0
20719,3865,1020,5,0
20734,3865,1021,6,0
20736,3865,1022,7,0
20025,3865,1023,8,0
20014,3865,1026,9,0
21075,3865,1029,10,1
20668,4982,896,1,0
20716,4982,897,2,0
20717,4982,899,3,0
20718,4982,899,4,0
20719,4982,900,5,0
20734,4982,901,6,0
20736,4982,902,7,0
20025,4982,903,8,0
20014,4982,906,9,0
21075,4982,909,10,1
21075,4975,1064,1,0
20013,4975,1067,2,0
20752,4975,1068,3,0
20061,4975,1069,4,0
20737,4975,1071,5,0
20735,4975,1072,6,0
20740,4975,1073,7,0
20741,4975,1074,8,0
21079,4975,1075,9,0
20668,4975,1077,10,1
20668,3006,520,1,0
20716,3006,522,2,0
20717,3006,523,3,0
20718,3006,523,4,0
20719,3006,524,5,0
20734,3006,525,6,0
20736,3006,526,7,0
20025,3006,528,8,0
20014,3006,530,9,0
21075,3006,533,10,1
20668,3007,448,1,0
20716,3007,449,2,0
20717,3007,451,3,0
20718,3007,451,4,0
20719,3007,452,5,0
20734,3007,453,6,0
20736,3007,454,7,0
20025,3007,455,8,0
20014,3007,458,9,0
21075,3007,461,10,1
21075,3000,544,1,0
20013,3000,547,2,0
20752,3000,548,3,0
20061,3000,549,4,0
20737,3000,551,5,0
20735,3000,552,6,0
20740,3000,553,7,0
20741,3000,554,8,0
21079,3000,555,9,0
20668,3000,557,10,1
20668,3894,1024,1,0
20716,3894,1026,2,0
20717,3894,1027,3,0
20718,3894,1027,4,0
20719,3894,1028,5,0
20734,3894,1029,6,0
20736,3894,1030,7,0
20025,3894,1032,8,0
20014,3894,1034,9,0
21075,3894,1037,10,1
21075,3021,1104,1,0
20013,3021,1107,2,0
20752,3021,1108,3,0
20061,3021,1109,4,0
20737,3021,1111,5,0
20735,3021,1112,6,0
20740,3021,1113,7,0
20741,3021,1114,8,0
21079,3021,1115,9,0
20668,3021,1117,10,1
20668,3064,576,1,0
20716,3064,577,2,0
20717,3064,579,3,0
20718,3064,579,4,0
20719,3064,580,5,0
20734,3064,581,6,0
20736,3064,582,7,0
20025,3064,583,8,0
20014,3064,586,9,0
21075,3064,589,10,1
20668,3085,816,1,0
20716,3085,818,2,0
20717,3085,819,3,0
20718,3085,819,4,0
20719,3085,820,5,0
20734,3085,821,6,0
20736,3085,822,7,0
20025,3085,824,8,0
20014,3085,826,9,0
21075,3085,829,10,1
20668,3928,440,1,0
20716,3928,442,2,0
20717,3928,443,3,0
20718,3928,443,4,0
20719,3928,444,5,0
20734,3928,445,6,0
20736,3928,446,7,0
20025,3928,448,8,0
20014,3928,450,9,0
21075,3928,453,10,1
21075,3927,840,1,0
20013,3927,843,2,0
20752,3927,844,3,0
20061,3927,845,4,0
20737,3927,847,5,0
20735,3927,848,6,0
20740,3927,849,7,0
20741,3927,850,8,0
21079,3927,851,9,0
20668,3927,853,10,1
20668,3918,456,1,0
20716,3918,458,2,0
20717,3918,459,3,0
20718,3918,459,4,0
20719,3918,460,5,0
20734,3918,461,6,0
20736,3918,462,7,0
20025,3918,464,8,0
20014,3918,466,9,0
21075,3918,469,10,1
21075,3935,1168,1,0
20013,3935,1171,2,0
20752,3935,1172,3,0
20061,3935,1173,4,0
20737,3935,1175,5,0
20735,3935,1176,6,0
20740,3935,1177,7,0
20741,3935,1178,8,0
21079,3935,1179,9,0
20668,3935,1181,10,1
21075,3930,736,1,0
20013,3930,739,2,0
20752,3930,740,3,0
20061,3930,741,4,0
20737,3930,743,5,0
20735,3930,744,6,0
20740,3930,745,7,0
20741,3930,746,8,0
21079,3930,747,9,0
20668,3930,749,10,1
20668,3933,824,1,0
20716,3933,826,2,0
20717,3933,827,3,0
20718,3933,827,4,0
20719,3933,828,5,0
20734,3933,829,6,0
20736,3933,830,7,0
20025,3933,832,8,0
20014,3933,834,9,0
21075,3933,837,10,1
20668,3970,864,1,0
20716,3970,866,2,0
20717,3970,867,3,0
20718,3970,867,4,0
20719,3970,868,5,0
20734,3970,869,6,0
20736,3970,870,7,0
20025,3970,872,8,0
20014,3970,874,9,0
21075,3970,877,10,1
20668,3951,1056,1,0
20716,3951,1057,2,0
20717,3951,1059,3,0
20718,3951,1059,4,0
20719,3951,1060,5,0
20734,3951,1061,6,0
20736,3951,1062,7,0
20025,3951,1063,8,0
20014,3951,1066,9,0
21075,3951,1069,10,1
21075,3988,1016,1,0
20013,3988,1019,2,0
20752,3988,1020,3,0
20061,3988,1021,4,0
20737,3988,1023,5,0
20735,3988,1024,6,0
20740,3988,1025,7,0
20741,3988,1026,8,0
21079,3988,1027,9,0
20668,3988,1029,10,1
20668,3974,968,1,0
20716,3974,969,2,0
20717,3974,971,3,0
20718,3974,971,4,0
20719,3974,972,5,0
20734,3974,973,6,0
20736,3974,974,7,0
20025,3974,975,8,0
20014,3974,978,9,0
21075,3974,981,10,1
21075,3995,744,1,0
20013,3995,747,2,0
20752,3995,748,3,0
20061,3995,749,4,0
20737,3995,751,5,0
20735,3995,752,6,0
20740,3995,753,7,0
20741,3995,754,8,0
21079,3995,755,9,0
20668,3995,757,10,1
20668,3134,600,1,0
20716,3134,602,2,0
20717,3134,603,3,0
20718,3134,603,4,0
20719,3134,604,5,0
20734,3134,605,6,0
20736,3134,606,7,0
20025,3134,608,8,0
20014,3134,610,9,0
21075,3134,613,10,1
21075,3113,720,1,0
20013,3113,723,2,0
20752,3113,724,3,0
20061,3113,725,4,0
20737,3113,727,5,0
20735,3113,728,6,0
20740,3113,729,7,0
20741,3113,730,8,0
21079,3113,731,9,0
20668,3113,733,10,1
20668,3192,624,1,0
20716,3192,626,2,0
20717,3192,627,3,0
20718,3192,627,4,0
20719,3192,628,5,0
20734,3192,629,6,0
20736,3192,630,7,0
20025,3192,632,8,0
20014,3192,634,9,0
21075,3192,637,10,1
21075,3187,1152,1,0
20013,3187,1155,2,0
20752,3187,1156,3,0
20061,3187,1157,4,0
20737,3187,1159,5,0
20735,3187,1160,6,0
20740,3187,1161,7,0
20741,3187,1162,8,0
21079,3187,1163,9,0
20668,3187,1165,10,1
20668,3188,464,1,0
20716,3188,465,2,0
20717,3188,467,3,0
20718,3188,467,4,0
20719,3188,468,5,0
20734,3188,469,6,0
20736,3188,470,7,0
20025,3188,471,8,0
20014,3188,474,9,0
21075,3188,477,10,1
20668,3184,920,1,0
20716,3184,921,2,0
20717,3184,923,3,0
20718,3184,923,4,0
20719,3184,924,5,0
20734,3184,925,6,0
20736,3184,926,7,0
20025,3184,927,8,0
20014,3184,930,9,0
21075,3184,933,10,1
21075,3175,552,1,0
20013,3175,555,2,0
20752,3175,556,3,0
20061,3175,557,4,0
20737,3175,559,5,0
20735,3175,560,6,0
20740,3175,561,7,0
20741,3175,562,8,0
21079,3175,563,9,0
20668,3175,565,10,1
20668,533,984,1,0
20716,533,986,2,0
20717,533,987,3,0
20718,533,987,4,0
20719,533,988,5,0
20734,533,989,6,0
20736,533,990,7,0
20025,533,992,8,0
20014,533,994,9,0
21075,533,997,10,1
20668,2940,688,1,0
20716,2940,690,2,0
20717,2940,691,3,0
20718,2940,691,4,0
20719,2940,692,5,0
20734,2940,693,6,0
20736,2940,694,7,0
20025,2940,696,8,0
20014,2940,698,9,0
21075,2940,701,10,1
20668,2949,1064,1,0
20716,2949,1066,2,0
20717,2949,1067,3,0
20718,2949,1067,4,0
20719,2949,1068,5,0
20734,2949,1069,6,0
20736,2949,1070,7,0
20025,2949,1072,8,0
20014,2949,1074,9,0
21075,2949,1077,10,1
21075,2989,1176,1,0
20013,2989,1179,2,0
20752,2989,1180,3,0
20061,2989,1181,4,0
20737,2989,1183,5,0
20735,2989,1184,6,0
20740,2989,1185,7,0
20741,2989,1186,8,0
21079,2989,1187,9,0
20668,2989,1189,10,1
20668,1895,1008,1,0
20716,1895,1010,2,0
20717,1895,1011,3,0
20718,1895,1011,4,0
20719,1895,1012,5,0
20734,1895,1013,6,0
20736,1895,1014,7,0
20025,1895,1016,8,0
20014,1895,1018,9,0
21075,1895,1021,10,1
20668,1868,880,1,0
20716,1868,882,2,0
20717,1868,883,3,0
20718,1868,883,4,0
20719,1868,884,5,0
20734,1868,885,6,0
20736,1868,886,7,0
20025,1868,888,8,0
20014,1868,890,9,0
21075,1868,893,10,1
20668,2912,1120,1,0
20716,2912,1121,2,0
20717,2912,1123,3,0
20718,2912,1123,4,0
20719,2912,1124,5,0
20734,2912,1125,6,0
20736,2912,1126,7,0
20025,2912,1127,8,0
20014,2912,1130,9,0
21075,2912,1133,10,1
20668,1853,816,1,0
20716,1853,817,2,0
20717,1853,819,3,0
20718,1853,819,4,0
20719,1853,820,5,0
20734,1853,821,6,0
20736,1853,822,7,0
20025,1853,823,8,0
20014,1853,826,9,0
21075,1853,829,10,1
20668,4703,1136,1,0
20716,4703,1137,2,0
20717,4703,1139,3,0
20718,4703,1139,4,0
20719,4703,1140,5,0
20734,4703,1141,6,0
20736,4703,1142,7,0
20025,4703,1143,8,0
20014,4703,1146,9,0
21075,4703,1149,10,1
20668,4623,784,1,0
20716,4623,785,2,0
20717,4623,787,3,0
20718,4623,787,4,0
20719,4623,788,5,0
20734,4623,789,6,0
20736,4623,790,7,0
20025,4623,791,8,0
20014,4623,794,9,0
21075,4623,797,10,1
21075,4625,808,1,0
20013,4625,811,2,0
20752,4625,812,3,0
20061,4625,813,4,0
20737,4625,815,5,0
20735,4625,816,6,0
20740,4625,817,7,0
20741,4625,818,8,0
21079,4625,819,9,0
20668,4625,821,10,1
20668,4660,1104,1,0
20716,4660,1106,2,0
20717,4660,1107,3,0
20718,4660,1107,4,0
20719,4660,1108,5,0
20734,4660,1109,6,0
20736,4660,1110,7,0
20025,4660,1112,8,0
20014,4660,1114,9,0
21075,4660,1117,10,1
21075,4652,600,1,0
20013,4652,603,2,0
20752,4652,604,3,0
20061,4652,605,4,0
20737,4652,607,5,0
20735,4652,608,6,0
20740,4652,609,7,0
20741,4652,610,8,0
21079,4652,611,9,0
20668,4652,613,10,1
20668,4670,1080,1,0
20716,4670,1081,2,0
20717,4670,1083,3,0
20718,4670,1083,4,0
20719,4670,1084,5,0
20734,4670,1085,6,0
20736,4670,1086,7,0
20025,4670,1087,8,0
20014,4670,1090,9,0
21075,4670,1093,10,1
20668,592,696,1,0
20716,592,697,2,0
20717,592,699,3,0
20718,592,699,4,0
20719,592,700,5,0
20734,592,701,6,0
20736,592,702,7,0
20025,592,703,8,0
20014,592,706,9,0
21075,592,709,10,1
21075,1718,592,1,0
20013,1718,595,2,0
20752,1718,596,3,0
20061,1718,597,4,0
20737,1718,599,5,0
20735,1718,600,6,0
20740,1718,601,7,0
20741,1718,602,8,0
21079,1718,603,9,0
20668,1718,605,10,1
20668,1715,752,1,0
20716,1715,754,2,0
20717,1715,755,3,0
20718,1715,755,4,0
20719,1715,756,5,0
20734,1715,757,6,0
20736,1715,758,7,0
20025,1715,760,8,0
20014,1715,762,9,0
21075,1715,765,10,1
20668,406,736,1,0
20716,406,738,2,0
20717,406,739,3,0
20718,406,739,4,0
20719,406,740,5,0
20734,406,741,6,0
20736,406,742,7,0
20025,406,744,8,0
20014,406,746,9,0
21075,406,749,10,1
21075,1709,816,1,0
20013,1709,819,2,0
20752,1709,820,3,0
20061,1709,821,4,0
20737,1709,823,5,0
20735,1709,824,6,0
20740,1709,825,7,0
20741,1709,826,8,0
21079,1709,827,9,0
20668,1709,829,10,1
20668,428,912,1,0
20716,428,913,2,0
20717,428,915,3,0
20718,428,915,4,0
20719,428,916,5,0
20734,428,917,6,0
20736,428,918,7,0
20025,428,919,8,0
20014,428,922,9,0
21075,428,925,10,1
20668,2828,856,1,0
20716,2828,858,2,0
20717,2828,859,3,0
20718,2828,859,4,0
20719,2828,860,5,0
20734,2828,861,6,0
20736,2828,862,7,0
20025,2828,864,8,0
20014,2828,866,9,0
21075,2828,869,10,1
20668,2898,952,1,0
20716,2898,953,2,0
20717,2898,955,3,0
20718,2898,955,4,0
20719,2898,956,5,0
20734,2898,957,6,0
20736,2898,958,7,0
20025,2898,959,8,0
20014,2898,962,9,0
21075,2898,965,10,1
20668,2899,632,1,0
20716,2899,634,2,0
20717,2899,635,3,0
20718,2899,635,4,0
20719,2899,636,5,0
20734,2899,637,6,0
20736,2899,638,7,0
20025,2899,640,8,0
20014,2899,642,9,0
21075,2899,645,10,1
20668,454,504,1,0
20716,454,505,2,0
20717,454,507,3,0
20718,454,507,4,0
20719,454,508,5,0
20734,454,509,6,0
20736,454,510,7,0
20025,454,511,8,0
20014,454,514,9,0
21075,454,517,10,1
21075,2874,784,1,0
20013,2874,787,2,0
20752,2874,788,3,0
20061,2874,789,4,0
20737,2874,791,5,0
20735,2874,792,6,0
20740,2874,793,7,0
20741,2874,794,8,0
21079,2874,795,9,0
20668,2874,797,10,1
21075,2877,696,1,0
20013,2877,699,2,0
20752,2877,700,3,0
20061,2877,701,4,0
20737,2877,703,5,0
20735,2877,704,6,0
20740,2877,705,7,0
20741,2877,706,8,0
21079,2877,707,9,0
20668,2877,709,10,1
20668,2867,1032,1,0
20716,2867,1034,2,0
20717,2867,1035,3,0
20718,2867,1035,4,0
20719,2867,1036,5,0
20734,2867,1037,6,0
20736,2867,1038,7,0
20025,2867,1040,8,0
20014,2867,1042,9,0
21075,2867,1045,10,1
20668,1798,808,1,0
20716,1798,809,2,0
20717,1798,811,3,0
20718,1798,811,4,0
20719,1798,812,5,0
20734,1798,813,6,0
20736,1798,814,7,0
20025,1798,815,8,0
20014,1798,818,9,0
21075,1798,821,10,1
20668,1795,584,1,0
20716,1795,586,2,0
20717,1795,587,3,0
20718,1795,587,4,0
20719,1795,588,5,0
20734,1795,589,6,0
20736,1795,590,7,0
20025,1795,592,8,0
20014,1795,594,9,0
21075,1795,597,10,1
20668,1778,1152,1,0
20716,1778,1153,2,0
20717,1778,1155,3,0
20718,1778,1155,4,0
20719,1778,1156,5,0
20734,1778,1157,6,0
20736,1778,1158,7,0
20025,1778,1159,8,0
20014,1778,1162,9,0
21075,1778,1165,10,1
21075,1737,1136,1,0
20013,1737,1139,2,0
20752,1737,1140,3,0
20061,1737,1141,4,0
20737,1737,1143,5,0
20735,1737,1144,6,0
20740,1737,1145,7,0
20741,1737,1146,8,0
21079,1737,1147,9,0
20668,1737,1149,10,1
20668,4517,728,1,0
20716,4517,729,2,0
20717,4517,731,3,0
20718,4517,731,4,0
20719,4517,732,5,0
20734,4517,733,6,0
20736,4517,734,7,0
20025,4517,735,8,0
20014,4517,738,9,0
21075,4517,741,10,1
21075,4552,800,1,0
20013,4552,803,2,0
20752,4552,804,3,0
20061,4552,805,4,0
20737,4552,807,5,0
20735,4552,808,6,0
20740,4552,809,7,0
20741,4552,810,8,0
21079,4552,811,9,0
20668,4552,813,10,1
20668,4542,592,1,0
20716,4542,593,2,0
20717,4542,595,3,0
20718,4542,595,4,0
20719,4542,596,5,0
20734,4542,597,6,0
20736,4542,598,7,0
20025,4542,599,8,0
20014,4542,602,9,0
21075,4542,605,10,1
21075,4541,512,1,0
20013,4541,515,2,0
20752,4541,516,3,0
20061,4541,517,4,0
20737,4541,519,5,0
20735,4541,520,6,0
20740,4541,521,7,0
20741,4541,522,8,0
21079,4541,523,9,0
20668,4541,525,10,1
20668,4585,1048,1,0
20716,4585,1049,2,0
20717,4585,1051,3,0
20718,4585,1051,4,0
20719,4585,1052,5,0
20734,4585,1053,6,0
20736,4585,1054,7,0
20025,4585,1055,8,0
20014,4585,1058,9,0
21075,4585,1061,10,1
21075,494,984,1,0
20013,494,987,2,0
20752,494,988,3,0
20061,494,989,4,0
20737,494,991,5,0
20735,494,992,6,0
20740,494,993,7,0
20741,494,994,8,0
21079,494,995,9,0
20668,494,997,10,1
21075,1609,632,1,0
20013,1609,635,2,0
20752,1609,636,3,0
20061,1609,637,4,0
20737,1609,639,5,0
20735,1609,640,6,0
20740,1609,641,7,0
20741,1609,642,8,0
21079,1609,643,9,0
20668,1609,645,10,1
21075,4960,952,1,0
20013,4960,955,2,0
20752,4960,956,3,0
20061,4960,957,4,0
20737,4960,959,5,0
20735,4960,960,6,0
20740,4960,961,7,0
20741,4960,962,8,0
21079,4960,963,9,0
20668,4960,965,10,1
20668,1637,920,1,0
20716,1637,922,2,0
20717,1637,923,3,0
20718,1637,923,4,0
20719,1637,924,5,0
20734,1637,925,6,0
20736,1637,926,7,0
20025,1637,928,8,0
20014,1637,930,9,0
21075,1637,933,10,1
21075,4955,928,1,0
20013,4955,931,2,0
20752,4955,932,3,0
20061,4955,933,4,0
20737,4955,935,5,0
20735,4955,936,6,0
20740,4955,937,7,0
20741,4955,938,8,0
21079,4955,939,9,0
20668,4955,941,10,1
21075,1634,872,1,0
20013,1634,875,2,0
20752,1634,876,3,0
20061,1634,877,4,0
20737,1634,879,5,0
20735,1634,880,6,0
20740,1634,881,7,0
20741,1634,882,8,0
21079,1634,883,9,0
20668,1634,885,10,1
20668,4908,872,1,0
20716,4908,874,2,0
20717,4908,875,3,0
20718,4908,875,4,0
20719,4908,876,5,0
20734,4908,877,6,0
20736,4908,878,7,0
20025,4908,880,8,0
20014,4908,882,9,0
21075,4908,885,10,1
20668,4911,1000,1,0
20716,4911,1001,2,0
20717,4911,1003,3,0
20718,4911,1003,4,0
20719,4911,1004,5,0
20734,4911,1005,6,0
20736,4911,1006,7,0
20025,4911,1007,8,0
20014,4911,1010,9,0
21075,4911,1013,10,1
20668,1574,696,1,0
20716,1574,698,2,0
20717,1574,699,3,0
20718,1574,699,4,0
20719,1574,700,5,0
20734,1574,701,6,0
20736,1574,702,7,0
20025,1574,704,8,0
20014,1574,706,9,0
21075,1574,709,10,1
20668,1580,1016,1,0
20716,1580,1018,2,0
20717,1580,1019,3,0
20718,1580,1019,4,0
20719,1580,1020,5,0
20734,1580,1021,6,0
20736,1580,1022,7,0
20025,1580,1024,8,0
20014,1580,1026,9,0
21075,1580,1029,10,1
20668,1598,480,1,0
20716,1598,481,2,0
20717,1598,483,3,0
20718,1598,483,4,0
20719,1598,484,5,0
20734,1598,485,6,0
20736,1598,486,7,0
20025,1598,487,8,0
20014,1598,490,9,0
21075,1598,493,10,1
20668,393,976,1,0
20716,393,978,2,0
20717,393,979,3,0
20718,393,979,4,0
20719,393,980,5,0
20734,393,981,6,0
20736,393,982,7,0
20025,393,984,8,0
20014,393,986,9,0
21075,393,989,10,1
21075,382,1120,1,0
20013,382,1123,2,0
20752,382,1124,3,0
20061,382,1125,4,0
20737,382,1127,5,0
20735,382,1128,6,0
20740,382,1129,7,0
20741,382,1130,8,0
21079,382,1131,9,0
20668,382,1133,10,1
21075,369,1056,1,0
20013,369,1059,2,0
20752,369,1060,3,0
20061,369,1061,4,0
20737,369,1063,5,0
20735,369,1064,6,0
20740,369,1065,7,0
20741,369,1066,8,0
21079,369,1067,9,0
20668,369,1069,10,1
21075,215,1024,1,0
20013,215,1027,2,0
20752,215,1028,3,0
20061,215,1029,4,0
20737,215,1031,5,0
20735,215,1032,6,0
20740,215,1033,7,0
20741,215,1034,8,0
21079,215,1035,9,0
20668,215,1037,10,1
20668,1520,1040,1,0
20716,1520,1042,2,0
20717,1520,1043,3,0
20718,1520,1043,4,0
20719,1520,1044,5,0
20734,1520,1045,6,0
20736,1520,1046,7,0
20025,1520,1048,8,0
20014,1520,1050,9,0
21075,1520,1053,10,1
20668,1512,880,1,0
20716,1512,881,2,0
20717,1512,883,3,0
20718,1512,883,4,0
20719,1512,884,5,0
20734,1512,885,6,0
20736,1512,886,7,0
20025,1512,887,8,0
20014,1512,890,9,0
21075,1512,893,10,1
20668,4812,656,1,0
20716,4812,657,2,0
20717,4812,659,3,0
20718,4812,659,4,0
20719,4812,660,5,0
20734,4812,661,6,0
20736,4812,662,7,0
20025,4812,663,8,0
20014,4812,666,9,0
21075,4812,669,10,1
20668,1548,552,1,0
20716,1548,553,2,0
20717,1548,555,3,0
20718,1548,555,4,0
20719,1548,556,5,0
20734,1548,557,6,0
20736,1548,558,7,0
20025,1548,559,8,0
20014,1548,562,9,0
21075,1548,565,10,1
20668,1544,1128,1,0
20716,1544,1129,2,0
20717,1544,1131,3,0
20718,1544,1131,4,0
20719,1544,1132,5,0
20734,1544,1133,6,0
20736,1544,1134,7,0
20025,1544,1135,8,0
20014,1544,1138,9,0
21075,1544,1141,10,1
20668,4787,1096,1,0
20716,4787,1098,2,0
20717,4787,1099,3,0
20718,4787,1099,4,0
20719,4787,1100,5,0
20734,4787,1101,6,0
20736,4787,1102,7,0
20025,4787,1104,8,0
20014,4787,1106,9,0
21075,4787,1109,10,1
20668,1486,568,1,0
20716,1486,570,2,0
20717,1486,571,3,0
20718,1486,571,4,0
20719,1486,572,5,0
20734,1486,573,6,0
20736,1486,574,7,0
20025,1486,576,8,0
20014,1486,578,9,0
21075,1486,581,10,1
21075,1456,1144,1,0
20013,1456,1147,2,0
20752,1456,1148,3,0
20061,1456,1149,4,0
20737,1456,1151,5,0
20735,1456,1152,6,0
20740,1456,1153,7,0
20741,1456,1154,8,0
21079,1456,1155,9,0
20668,1456,1157,10,1
20668,4782,488,1,0
20716,4782,489,2,0
20717,4782,491,3,0
20718,4782,491,4,0
20719,4782,492,5,0
20734,4782,493,6,0
20736,4782,494,7,0
20025,4782,495,8,0
20014,4782,498,9,0
21075,4782,501,10,1
21075,4780,752,1,0
20013,4780,755,2,0
20752,4780,756,3,0
20061,4780,757,4,0
20737,4780,759,5,0
20735,4780,760,6,0
20740,4780,761,7,0
20741,4780,762,8,0
21079,4780,763,9,0
20668,4780,765,10,1
20668,4749,1144,1,0
20716,4749,1146,2,0
20717,4749,1147,3,0
20718,4749,1147,4,0
20719,4749,1148,5,0
20734,4749,1149,6,0
20736,4749,1150,7,0
20025,4749,1152,8,0
20014,4749,1154,9,0
21075,4749,1157,10,1
20668,5844,824,1,0
20716,5844,825,2,0
20717,5844,827,3,0
20718,5844,827,4,0
20719,5844,828,5,0
20734,5844,829,6,0
20736,5844,830,7,0
20025,5844,831,8,0
20014,5844,834,9,0
21075,5844,837,10,1
21075,5828,456,1,0
20013,5828,459,2,0
20752,5828,460,3,0
20061,5828,461,4,0
20737,5828,463,5,0
20735,5828,464,6,0
20740,5828,465,7,0
20741,5828,466,8,0
21079,5828,467,9,0
20668,5828,469,10,1
21075,5810,944,1,0
20013,5810,947,2,0
20752,5810,948,3,0
20061,5810,949,4,0
20737,5810,951,5,0
20735,5810,952,6,0
20740,5810,953,7,0
20741,5810,954,8,0
21079,5810,955,9,0
20668,5810,957,10,1
20668,5818,1072,1,0
20716,5818,1074,2,0
20717,5818,1075,3,0
20718,5818,1075,4,0
20719,5818,1076,5,0
20734,5818,1077,6,0
20736,5818,1078,7,0
20025,5818,1080,8,0
20014,5818,1082,9,0
21075,5818,1085,10,1
21075,234,704,1,0
20013,234,707,2,0
20752,234,708,3,0
20061,234,709,4,0
20737,234,711,5,0
20735,234,712,6,0
20740,234,713,7,0
20741,234,714,8,0
21079,234,715,9,0
20668,234,717,10,1
20668,263,1160,1,0
20716,263,1162,2,0
20717,263,1163,3,0
20718,263,1163,4,0
20719,263,1164,5,0
20734,263,1165,6,0
20736,263,1166,7,0
20025,263,1168,8,0
20014,263,1170,9,0
21075,263,1173,10,1
20668,255,704,1,0
20716,255,705,2,0
20717,255,707,3,0
20718,255,707,4,0
20719,255,708,5,0
20734,255,709,6,0
20736,255,710,7,0
20025,255,711,8,0
20014,255,714,9,0
21075,255,717,10,1
21075,940,1000,1,0
20013,940,1003,2,0
20752,940,1004,3,0
20061,940,1005,4,0
20737,940,1007,5,0
20735,940,1008,6,0
20740,940,1009,7,0
20741,940,1010,8,0
21079,940,1011,9,0
20668,940,1013,10,1
20668,945,680,1,0
20716,945,682,2,0
20717,945,683,3,0
20718,945,683,4,0
20719,945,684,5,0
20734,945,685,6,0
20736,945,686,7,0
20025,945,688,8,0
20014,945,690,9,0
21075,945,693,10,1
20668,1422,608,1,0
20716,1422,610,2,0
20717,1422,611,3,0
20718,1422,611,4,0
20719,1422,612,5,0
20734,1422,613,6,0
20736,1422,614,7,0
20025,1422,616,8,0
20014,1422,618,9,0
21075,1422,621,10,1
20668,929,1144,1,0
20716,929,1145,2,0
20717,929,1147,3,0
20718,929,1147,4,0
20719,929,1148,5,0
20734,929,1149,6,0
20736,929,1150,7,0
20025,929,1151,8,0
20014,929,1154,9,0
21075,929,1157,10,1
20668,1437,848,1,0
20716,1437,849,2,0
20717,1437,851,3,0
20718,1437,851,4,0
20719,1437,852,5,0
20734,1437,853,6,0
20736,1437,854,7,0
20025,1437,855,8,0
20014,1437,858,9,0
21075,1437,861,10,1
21075,956,688,1,0
20013,956,691,2,0
20752,956,692,3,0
20061,956,693,4,0
20737,956,695,5,0
20735,956,696,6,0
20740,956,697,7,0
20741,956,698,8,0
21079,956,699,9,0
20668,956,701,10,1
20668,953,480,1,0
20716,953,482,2,0
20717,953,483,3,0
20718,953,483,4,0
20719,953,484,5,0
20734,953,485,6,0
20736,953,486,7,0
20025,953,488,8,0
20014,953,490,9,0
21075,953,493,10,1
20668,2504,720,1,0
20716,2504,721,2,0
20717,2504,723,3,0
20718,2504,723,4,0
20719,2504,724,5,0
20734,2504,725,6,0
20736,2504,726,7,0
20025,2504,727,8,0
20014,2504,730,9,0
21075,2504,733,10,1
21075,2538,480,1,0
20013,2538,483,2,0
20752,2538,484,3,0
20061,2538,485,4,0
20737,2538,487,5,0
20735,2538,488,6,0
20740,2538,489,7,0
20741,2538,490,8,0
21079,2538,491,9,0
20668,2538,493,10,1
20668,2533,496,1,0
20716,2533,497,2,0
20717,2533,499,3,0
20718,2533,499,4,0
20719,2533,500,5,0
20734,2533,501,6,0
20736,2533,502,7,0
20025,2533,503,8,0
20014,2533,506,9,0
21075,2533,509,10,1
20668,4209,912,1,0
20716,4209,914,2,0
20717,4209,915,3,0
20718,4209,915,4,0
20719,4209,916,5,0
20734,4209,917,6,0
20736,4209,918,7,0
20025,4209,920,8,0
20014,4209,922,9,0
21075,4209,925,10,1
20668,2431,520,1,0
20716,2431,521,2,0
20717,2431,523,3,0
20718,2431,523,4,0
20719,2431,524,5,0
20734,2431,525,6,0
20736,2431,526,7,0
20025,2431,527,8,0
20014,2431,530,9,0
21075,2431,533,10,1
20668,5747,792,1,0
20716,5747,794,2,0
20717,5747,795,3,0
20718,5747,795,4,0
20719,5747,796,5,0
20734,5747,797,6,0
20736,5747,798,7,0
20025,5747,800,8,0
20014,5747,802,9,0
21075,5747,805,10,1
21075,4223,656,1,0
20013,4223,659,2,0
20752,4223,660,3,0
20061,4223,661,4,0
20737,4223,663,5,0
20735,4223,664,6,0
20740,4223,665,7,0
20741,4223,666,8,0
21079,4223,667,9,0
20668,4223,669,10,1
20668,2430,832,1,0
20716,2430,834,2,0
20717,2430,835,3,0
20718,2430,835,4,0
20719,2430,836,5,0
20734,2430,837,6,0
20736,2430,838,7,0
20025,2430,840,8,0
20014,2430,842,9,0
21075,2430,845,10,1
21075,2454,584,1,0
20013,2454,587,2,0
20752,2454,588,3,0
20061,2454,589,4,0
20737,2454,591,5,0
20735,2454,592,6,0
20740,2454,593,7,0
20741,2454,594,8,0
21079,2454,595,9,0
20668,2454,597,10,1
21075,5763,560,1,0
20013,5763,563,2,0
20752,5763,564,3,0
20061,5763,565,4,0
20737,5763,567,5,0
20735,5763,568,6,0
20740,5763,569,7,0
20741,5763,570,8,0
21079,5763,571,9,0
20668,5763,573,10,1
20668,5770,768,1,0
20716,5770,770,2,0
20717,5770,771,3,0
20718,5770,771,4,0
20719,5770,772,5,0
20734,5770,773,6,0
20736,5770,774,7,0
20025,5770,776,8,0
20014,5770,778,9,0
21075,5770,781,10,1
20668,4247,720,1,0
20716,4247,722,2,0
20717,4247,723,3,0
20718,4247,723,4,0
20719,4247,724,5,0
20734,4247,725,6,0
20736,4247,726,7,0
20025,4247,728,8,0
20014,4247,730,9,0
21075,4247,733,10,1
20668,4273,672,1,0
20716,4273,674,2,0
20717,4273,675,3,0
20718,4273,675,4,0
20719,4273,676,5,0
20734,4273,677,6,0
20736,4273,678,7,0
20025,4273,680,8,0
20014,4273,682,9,0
21075,4273,685,10,1
20668,5721,904,1,0
20716,5721,905,2,0
20717,5721,907,3,0
20718,5721,907,4,0
20719,5721,908,5,0
20734,5721,909,6,0
20736,5721,910,7,0
20025,5721,911,8,0
20014,5721,914,9,0
21075,5721,917,10,1
20668,1389,544,1,0
20716,1389,546,2,0
20717,1389,547,3,0
20718,1389,547,4,0
20719,1389,548,5,0
20734,1389,549,6,0
20736,1389,550,7,0
20025,1389,552,8,0
20014,1389,554,9,0
21075,1389,557,10,1
20668,1379,1160,1,0
20716,1379,1161,2,0
20717,1379,1163,3,0
20718,1379,1163,4,0
20719,1379,1164,5,0
20734,1379,1165,6,0
20736,1379,1166,7,0
20025,1379,1167,8,0
20014,1379,1170,9,0
21075,1379,1173,10,1
20668,1397,1120,1,0
20716,1397,1122,2,0
20717,1397,1123,3,0
20718,1397,1123,4,0
20719,1397,1124,5,0
20734,1397,1125,6,0
20736,1397,1126,7,0
20025,1397,1128,8,0
20014,1397,1130,9,0
21075,1397,1133,10,1
20668,1399,784,1,0
20716,1399,786,2,0
20717,1399,787,3,0
20718,1399,787,4,0
20719,1399,788,5,0
20734,1399,789,6,0
20736,1399,790,7,0
20025,1399,792,8,0
20014,1399,794,9,0
21075,1399,797,10,1
20668,1351,472,1,0
20716,1351,473,2,0
20717,1351,475,3,0
20718,1351,475,4,0
20719,1351,476,5,0
20734,1351,477,6,0
20736,1351,478,7,0
20025,1351,479,8,0
20014,1351,482,9,0
21075,1351,485,10,1
21075,1338,856,1,0
20013,1338,859,2,0
20752,1338,860,3,0
20061,1338,861,4,0
20737,1338,863,5,0
20735,1338,864,6,0
20740,1338,865,7,0
20741,1338,866,8,0
21079,1338,867,9,0
20668,1338,869,10,1
20668,1315,944,1,0
20716,1315,945,2,0
20717,1315,947,3,0
20718,1315,947,4,0
20719,1315,948,5,0
20734,1315,949,6,0
20736,1315,950,7,0
20025,1315,951,8,0
20014,1315,954,9,0
21075,1315,957,10,1
21075,817,968,1,0
20013,817,971,2,0
20752,817,972,3,0
20061,817,973,4,0
20737,817,975,5,0
20735,817,976,6,0
20740,817,977,7,0
20741,817,978,8,0
21079,817,979,9,0
20668,817,981,10,1
20668,844,584,1,0
20716,844,585,2,0
20717,844,587,3,0
20718,844,587,4,0
20719,844,588,5,0
20734,844,589,6,0
20736,844,590,7,0
20025,844,591,8,0
20014,844,594,9,0
21075,844,597,10,1
21075,839,976,1,0
20013,839,979,2,0
20752,839,980,3,0
20061,839,981,4,0
20737,839,983,5,0
20735,839,984,6,0
20740,839,985,7,0
20741,839,986,8,0
21079,839,987,9,0
20668,839,989,10,1
20668,4189,616,1,0
20716,4189,618,2,0
20717,4189,619,3,0
20718,4189,619,4,0
20719,4189,620,5,0
20734,4189,621,6,0
20736,4189,622,7,0
20025,4189,624,8,0
20014,4189,626,9,0
21075,4189,629,10,1
20668,2419,1056,1,0
20716,2419,1058,2,0
20717,2419,1059,3,0
20718,2419,1059,4,0
20719,2419,1060,5,0
20734,2419,1061,6,0
20736,2419,1062,7,0
20025,2419,1064,8,0
20014,2419,1066,9,0
21075,2419,1069,10,1
20668,2333,536,1,0
20716,2333,537,2,0
20717,2333,539,3,0
20718,2333,539,4,0
20719,2333,540,5,0
20734,2333,541,6,0
20736,2333,542,7,0
20025,2333,543,8,0
20014,2333,546,9,0
21075,2333,549,10,1
20668,5650,904,1,0
20716,5650,906,2,0
20717,5650,907,3,0
20718,5650,907,4,0
20719,5650,908,5,0
20734,5650,909,6,0
20736,5650,910,7,0
20025,5650,912,8,0
20014,5650,914,9,0
21075,5650,917,10,1
21075,2315,760,1,0
20013,2315,763,2,0
20752,2315,764,3,0
20061,2315,765,4,0
20737,2315,767,5,0
20735,2315,768,6,0
20740,2315,769,7,0
20741,2315,770,8,0
21079,2315,771,9,0
20668,2315,773,10,1
20668,4100,440,1,0
20716,4100,441,2,0
20717,4100,443,3,0
20718,4100,443,4,0
20719,4100,444,5,0
20734,4100,445,6,0
20736,4100,446,7,0
20025,4100,447,8,0
20014,4100,450,9,0
21075,4100,453,10,1
21075,4102,624,1,0
20013,4102,627,2,0
20752,4102,628,3,0
20061,4102,629,4,0
20737,4102,631,5,0
20735,4102,632,6,0
20740,4102,633,7,0
20741,4102,634,8,0
21079,4102,635,9,0
20668,4102,637,10,1
20668,2385,840,1,0
20716,2385,842,2,0
20717,2385,843,3,0
20718,2385,843,4,0
20719,2385,844,5,0
20734,2385,845,6,0
20736,2385,846,7,0
20025,2385,848,8,0
20014,2385,850,9,0
21075,2385,853,10,1
20668,5603,960,1,0
20716,5603,961,2,0
20717,5603,963,3,0
20718,5603,963,4,0
20719,5603,964,5,0
20734,5603,965,6,0
20736,5603,966,7,0
20025,5603,967,8,0
20014,5603,970,9,0
21075,5603,973,10,1
20668,4126,640,1,0
20716,4126,642,2,0
20717,4126,643,3,0
20718,4126,643,4,0
20719,4126,644,5,0
20734,4126,645,6,0
20736,4126,646,7,0
20025,4126,648,8,0
20014,4126,650,9,0
21075,4126,653,10,1
20668,1280,800,1,0
20716,1280,802,2,0
20717,1280,803,3,0
20718,1280,803,4,0
20719,1280,804,5,0
20734,1280,805,6,0
20736,1280,806,7,0
20025,1280,808,8,0
20014,1280,810,9,0
21075,1280,813,10,1
21075,1264,768,1,0
20013,1264,771,2,0
20752,1264,772,3,0
20061,1264,773,4,0
20737,1264,775,5,0
20735,1264,776,6,0
20740,1264,777,7,0
20741,1264,778,8,0
21079,1264,779,9,0
20668,1264,781,10,1
21075,1259,920,1,0
20013,1259,923,2,0
20752,1259,924,3,0
20061,1259,925,4,0
20737,1259,927,5,0
20735,1259,928,6,0
20740,1259,929,7,0
20741,1259,930,8,0
21079,1259,931,9,0
20668,1259,933,10,1
20668,1220,760,1,0
20716,1220,762,2,0
20717,1220,763,3,0
20718,1220,763,4,0
20719,1220,764,5,0
20734,1220,765,6,0
20736,1220,766,7,0
20025,1220,768,8,0
20014,1220,770,9,0
21075,1220,773,10,1
20668,748,1128,1,0
20716,748,1130,2,0
20717,748,1131,3,0
20718,748,1131,4,0
20719,748,1132,5,0
20734,748,1133,6,0
20736,748,1134,7,0
20025,748,1136,8,0
20014,748,1138,9,0
21075,748,1141,10,1
20668,1202,712,1,0
20716,1202,713,2,0
20717,1202,715,3,0
20718,1202,715,4,0
20719,1202,716,5,0
20734,1202,717,6,0
20736,1202,718,7,0
20025,1202,719,8,0
20014,1202,722,9,0
21075,1202,725,10,1
20668,2750,560,1,0
20716,2750,561,2,0
20717,2750,563,3,0
20718,2750,563,4,0
20719,2750,564,5,0
20734,2750,565,6,0
20736,2750,566,7,0
20025,2750,567,8,0
20014,2750,570,9,0
21075,2750,573,10,1
20668,2753,448,1,0
20716,2753,450,2,0
20717,2753,451,3,0
20718,2753,451,4,0
20719,2753,452,5,0
20734,2753,453,6,0
20736,2753,454,7,0
20025,2753,456,8,0
20014,2753,458,9,0
21075,2753,461,10,1
21075,795,824,1,0
20013,795,827,2,0
20752,795,828,3,0
20061,795,829,4,0
20737,795,831,5,0
20735,795,832,6,0
20740,795,833,7,0
20741,795,834,8,0
21079,795,835,9,0
20668,795,837,10,1
20668,783,744,1,0
20716,783,745,2,0
20717,783,747,3,0
20718,783,747,4,0
20719,783,748,5,0
20734,783,749,6,0
20736,783,750,7,0
20025,783,751,8,0
20014,783,754,9,0
21075,783,757,10,1
20668,2706,728,1,0
20716,2706,730,2,0
20717,2706,731,3,0
20718,2706,731,4,0
20719,2706,732,5,0
20734,2706,733,6,0
20736,2706,734,7,0
20025,2706,736,8,0
20014,2706,738,9,0
21075,2706,741,10,1
20668,2715,472,1,0
20716,2715,474,2,0
20717,2715,475,3,0
20718,2715,475,4,0
20719,2715,476,5,0
20734,2715,477,6,0
20736,2715,478,7,0
20025,2715,480,8,0
20014,2715,482,9,0
21075,2715,485,10,1
21075,752,448,1,0
20013,752,451,2,0
20752,752,452,3,0
20061,752,453,4,0
20737,752,455,5,0
20735,752,456,6,0
20740,752,457,7,0
20741,752,458,8,0
21079,752,459,9,0
20668,752,461,10,1
20668,2737,1024,1,0
20716,2737,1025,2,0
20717,2737,1027,3,0
20718,2737,1027,4,0
20719,2737,1028,5,0
20734,2737,1029,6,0
20736,2737,1030,7,0
20025,2737,1031,8,0
20014,2737,1034,9,0
21075,2737,1037,10,1
20668,2738,832,1,0
20716,2738,833,2,0
20717,2738,835,3,0
20718,2738,835,4,0
20719,2738,836,5,0
20734,2738,837,6,0
20736,2738,838,7,0
20025,2738,839,8,0
20014,2738,842,9,0
21075,2738,845,10,1
21075,4460,888,1,0
20013,4460,891,2,0
20752,4460,892,3,0
20061,4460,893,4,0
20737,4460,895,5,0
20735,4460,896,6,0
20740,4460,897,7,0
20741,4460,898,8,0
21079,4460,899,9,0
20668,4460,901,10,1
21075,2668,528,1,0
20013,2668,531,2,0
20752,2668,532,3,0
20061,2668,533,4,0
20737,2668,535,5,0
20735,2668,536,6,0
20740,2668,537,7,0
20741,2668,538,8,0
21079,2668,539,9,0
20668,2668,541,10,1
20668,5521,648,1,0
20716,5521,649,2,0
20717,5521,651,3,0
20718,5521,651,4,0
20719,5521,652,5,0
20734,5521,653,6,0
20736,5521,654,7,0
20025,5521,655,8,0
20014,5521,658,9,0
21075,5521,661,10,1
20668,5512,688,1,0
20716,5512,689,2,0
20717,5512,691,3,0
20718,5512,691,4,0
20719,5512,692,5,0
20734,5512,693,6,0
20736,5512,694,7,0
20025,5512,695,8,0
20014,5512,698,9,0
21075,5512,701,10,1
20668,4486,888,1,0
20716,4486,890,2,0
20717,4486,891,3,0
20718,4486,891,4,0
20719,4486,892,5,0
20734,4486,893,6,0
20736,4486,894,7,0
20025,4486,896,8,0
20014,4486,898,9,0
21075,4486,901,10,1
20668,1106,976,1,0
20716,1106,977,2,0
20717,1106,979,3,0
20718,1106,979,4,0
20719,1106,980,5,0
20734,1106,981,6,0
20736,1106,982,7,0
20025,1106,983,8,0
20014,1106,986,9,0
21075,1106,989,10,1
20668,4411,1136,1,0
20716,4411,1138,2,0
20717,4411,1139,3,0
20718,4411,1139,4,0
20719,4411,1140,5,0
20734,4411,1141,6,0
20736,4411,1142,7,0
20025,4411,1144,8,0
20014,4411,1146,9,0
21075,4411,1149,10,1
21075,1124,1040,1,0
20013,1124,1043,2,0
20752,1124,1044,3,0
20061,1124,1045,4,0
20737,1124,1047,5,0
20735,1124,1048,6,0
20740,1124,1049,7,0
20741,1124,1050,8,0
21079,1124,1051,9,0
20668,1124,1053,10,1
20668,4428,752,1,0
20716,4428,753,2,0
20717,4428,755,3,0
20718,4428,755,4,0
20719,4428,756,5,0
20734,4428,757,6,0
20736,4428,758,7,0
20025,4428,759,8,0
20014,4428,762,9,0
21075,4428,765,10,1
20668,5569,984,1,0
20716,5569,985,2,0
20717,5569,987,3,0
20718,5569,987,4,0
20719,5569,988,5,0
20734,5569,989,6,0
20736,5569,990,7,0
20025,5569,991,8,0
20014,5569,994,9,0
21075,5569,997,10,1
20668,1116,840,1,0
20716,1116,841,2,0
20717,1116,843,3,0
20718,1116,843,4,0
20719,1116,844,5,0
20734,1116,845,6,0
20736,1116,846,7,0
20025,1116,847,8,0
20014,1116,850,9,0
21075,1116,853,10,1
21075,5573,536,1,0
20013,5573,539,2,0
20752,5573,540,3,0
20061,5573,541,4,0
20737,5573,543,5,0
20735,5573,544,6,0
20740,5573,545,7,0
20741,5573,546,8,0
21079,5573,547,9,0
20668,5573,549,10,1
20668,1144,992,1,0
20716,1144,993,2,0
20717,1144,995,3,0
20718,1144,995,4,0
20719,1144,996,5,0
20734,1144,997,6,0
20736,1144,998,7,0
20025,1144,999,8,0
20014,1144,1002,9,0
21075,1144,1005,10,1
21075,5584,608,1,0
20013,5584,611,2,0
20752,5584,612,3,0
20061,5584,613,4,0
20737,5584,615,5,0
20735,5584,616,6,0
20740,5584,617,7,0
20741,5584,618,8,0
21079,5584,619,9,0
20668,5584,621,10,1
20668,5597,1080,1,0
20716,5597,1082,2,0
20717,5597,1083,3,0
20718,5597,1083,4,0
20719,5597,1084,5,0
20734,5597,1085,6,0
20736,5597,1086,7,0
20025,5597,1088,8,0
20014,5597,1090,9,0
21075,5597,1093,10,1
21075,1142,832,1,0
20013,1142,835,2,0
20752,1142,836,3,0
20061,1142,837,4,0
20737,1142,839,5,0
20735,1142,840,6,0
20740,1142,841,7,0
20741,1142,842,8,0
21079,1142,843,9,0
20668,1142,845,10,1
20668,1172,872,1,0
20716,1172,873,2,0
20717,1172,875,3,0
20718,1172,875,4,0
20719,1172,876,5,0
20734,1172,877,6,0
20736,1172,878,7,0
20025,1172,879,8,0
20014,1172,882,9,0
21075,1172,885,10,1
20668,1174,896,1,0
20716,1174,898,2,0
20717,1174,899,3,0
20718,1174,899,4,0
20719,1174,900,5,0
20734,1174,901,6,0
20736,1174,902,7,0
20025,1174,904,8,0
20014,1174,906,9,0
21075,1174,909,10,1
20668,2645,664,1,0
20716,2645,665,2,0
20717,2645,667,3,0
20718,2645,667,4,0
20719,2645,668,5,0
20734,2645,669,6,0
20736,2645,670,7,0
20025,2645,671,8,0
20014,2645,674,9,0
21075,2645,677,10,1
21075,693,712,1,0
20013,693,715,2,0
20752,693,716,3,0
20061,693,717,4,0
20737,693,719,5,0
20735,693,720,6,0
20740,693,721,7,0
20741,693,722,8,0
21079,693,723,9,0
20668,693,725,10,1
21075,2634,1080,1,0
20013,2634,1083,2,0
20752,2634,1084,3,0
20061,2634,1085,4,0
20737,2634,1087,5,0
20735,2634,1088,6,0
20740,2634,1089,7,0
20741,2634,1090,8,0
21079,2634,1091,9,0
20668,2634,1093,10,1
20668,644,1088,1,0
20716,644,1089,2,0
20717,644,1091,3,0
20718,644,1091,4,0
20719,644,1092,5,0
20734,644,1093,6,0
20736,644,1094,7,0
20025,644,1095,8,0
20014,644,1098,9,0
21075,644,1101,10,1
20668,645,456,1,0
20716,645,457,2,0
20717,645,459,3,0
20718,645,459,4,0
20719,645,460,5,0
20734,645,461,6,0
20736,645,462,7,0
20025,645,463,8,0
20014,645,466,9,0
21075,645,469,10,1
20668,637,600,1,0
20716,637,601,2,0
20717,637,603,3,0
20718,637,603,4,0
20719,637,604,5,0
20734,637,605,6,0
20736,637,606,7,0
20025,637,607,8,0
20014,637,610,9,0
21075,637,613,10,1
20668,636,1096,1,0
20716,636,1097,2,0
20717,636,1099,3,0
20718,636,1099,4,0
20719,636,1100,5,0
20734,636,1101,6,0
20736,636,1102,7,0
20025,636,1103,8,0
20014,636,1106,9,0
21075,636,1109,10,1
20668,633,528,1,0
20716,633,530,2,0
20717,633,531,3,0
20718,633,531,4,0
20719,633,532,5,0
20734,633,533,6,0
20736,633,534,7,0
20025,633,536,8,0
20014,633,538,9,0
21075,633,541,10,1
21075,651,616,1,0
20013,651,619,2,0
20752,651,620,3,0
20061,651,621,4,0
20737,651,623,5,0
20735,651,624,6,0
20740,651,625,7,0
20741,651,626,8,0
21079,651,627,9,0
20668,651,629,10,1
21075,1087,1032,1,0
20013,1087,1035,2,0
20752,1087,1036,3,0
20061,1087,1037,4,0
20737,1087,1039,5,0
20735,1087,1040,6,0
20740,1087,1041,7,0
20741,1087,1042,8,0
21079,1087,1043,9,0
20668,1087,1045,10,1
20668,1069,1032,1,0
20716,1069,1033,2,0
20717,1069,1035,3,0
20718,1069,1035,4,0
20719,1069,1036,5,0
20734,1069,1037,6,0
20736,1069,1038,7,0
20025,1069,1039,8,0
20014,1069,1042,9,0
21075,1069,1045,10,1
20668,4360,776,1,0
20716,4360,778,2,0
20717,4360,779,3,0
20718,4360,779,4,0
20719,4360,780,5,0
20734,4360,781,6,0
20736,4360,782,7,0
20025,4360,784,8,0
20014,4360,786,9,0
21075,4360,789,10,1
20668,5404,592,1,0
20716,5404,594,2,0
20717,5404,595,3,0
20718,5404,595,4,0
20719,5404,596,5,0
20734,5404,597,6,0
20736,5404,598,7,0
20025,5404,600,8,0
20014,5404,602,9,0
21075,5404,605,10,1
20668,4331,960,1,0
20716,4331,962,2,0
20717,4331,963,3,0
20718,4331,963,4,0
20719,4331,964,5,0
20734,4331,965,6,0
20736,4331,966,7,0
20025,4331,968,8,0
20014,4331,970,9,0
21075,4331,973,10,1
20668,2553,624,1,0
20716,2553,625,2,0
20717,2553,627,3,0
20718,2553,627,4,0
20719,2553,628,5,0
20734,2553,629,6,0
20736,2553,630,7,0
20025,2553,631,8,0
20014,2553,634,9,0
21075,2553,637,10,1
21075,2546,472,1,0
20013,2546,475,2,0
20752,2546,476,3,0
20061,2546,477,4,0
20737,2546,479,5,0
20735,2546,480,6,0
20740,2546,481,7,0
20741,2546,482,8,0
21079,2546,483,9,0
20668,2546,485,10,1
20668,2548,928,1,0
20716,2548,929,2,0
20717,2548,931,3,0
20718,2548,931,4,0
20719,2548,932,5,0
20734,2548,933,6,0
20736,2548,934,7,0
20025,2548,935,8,0
20014,2548,938,9,0
21075,2548,941,10,1
20668,4311,768,1,0
20716,4311,769,2,0
20717,4311,771,3,0
20718,4311,771,4,0
20719,4311,772,5,0
20734,4311,773,6,0
20736,4311,774,7,0
20025,4311,775,8,0
20014,4311,778,9,0
21075,4311,781,10,1
20668,5452,1104,1,0
20716,5452,1105,2,0
20717,5452,1107,3,0
20718,5452,1107,4,0
20719,5452,1108,5,0
20734,5452,1109,6,0
20736,5452,1110,7,0
20025,5452,1111,8,0
20014,5452,1114,9,0
21075,5452,1117,10,1
20668,4322,664,1,0
20716,4322,666,2,0
20717,4322,667,3,0
20718,4322,667,4,0
20719,4322,668,5,0
20734,4322,669,6,0
20736,4322,670,7,0
20025,4322,672,8,0
20014,4322,674,9,0
21075,4322,677,10,1
21075,1035,1128,1,0
20013,1035,1131,2,0
20752,1035,1132,3,0
20061,1035,1133,4,0
20737,1035,1135,5,0
20735,1035,1136,6,0
20740,1035,1137,7,0
20741,1035,1138,8,0
21079,1035,1139,9,0
20668,1035,1141,10,1
20668,5491,568,1,0
20716,5491,569,2,0
20717,5491,571,3,0
20718,5491,571,4,0
20719,5491,572,5,0
20734,5491,573,6,0
20736,5491,574,7,0
20025,5491,575,8,0
20014,5491,578,9,0
21075,5491,581,10,1
20668,1025,760,1,0
20716,1025,761,2,0
20717,1025,763,3,0
20718,1025,763,4,0
20719,1025,764,5,0
20734,1025,765,6,0
20736,1025,766,7,0
20025,1025,767,8,0
20014,1025,770,9,0
21075,1025,773,10,1
20668,1023,464,1,0
20716,1023,466,2,0
20717,1023,467,3,0
20718,1023,467,4,0
20719,1023,468,5,0
20734,1023,469,6,0
20736,1023,470,7,0
20025,1023,472,8,0
20014,1023,474,9,0
21075,1023,477,10,1
21075,5460,880,1,0
20013,5460,883,2,0
20752,5460,884,3,0
20061,5460,885,4,0
20737,5460,887,5,0
20735,5460,888,6,0
20740,5460,889,7,0
20741,5460,890,8,0
21079,5460,891,9,0
20668,5460,893,10,1
21075,1021,728,1,0
20013,1021,731,2,0
20752,1021,732,3,0
20061,1021,733,4,0
20737,1021,735,5,0
20735,1021,736,6,0
20740,1021,737,7,0
20741,1021,738,8,0
21079,1021,739,9,0
20668,1021,741,10,1
20668,5470,888,1,0
20716,5470,889,2,0
20717,5470,891,3,0
20718,5470,891,4,0
20719,5470,892,5,0
20734,5470,893,6,0
20736,5470,894,7,0
20025,5470,895,8,0
20014,5470,898,9,0
21075,5470,901,10,1
20668,5377,536,1,0
20716,5377,538,2,0
20717,5377,539,3,0
20718,5377,539,4,0
20719,5377,540,5,0
20734,5377,541,6,0
20736,5377,542,7,0
20025,5377,544,8,0
20014,5377,546,9,0
21075,5377,549,10,1
21075,5345,1008,1,0
20013,5345,1011,2,0
20752,5345,1012,3,0
20061,5345,1013,4,0
20737,5345,1015,5,0
20735,5345,1016,6,0
20740,5345,1017,7,0
20741,5345,1018,8,0
21079,5345,1019,9,0
20668,5345,1021,10,1
21075,5332,1096,1,0
20013,5332,1099,2,0
20752,5332,1100,3,0
20061,5332,1101,4,0
20737,5332,1103,5,0
20735,5332,1104,6,0
20740,5332,1105,7,0
20741,5332,1106,8,0
21079,5332,1107,9,0
20668,5332,1109,10,1
20668,5329,1088,1,0
20716,5329,1090,2,0
20717,5329,1091,3,0
20718,5329,1091,4,0
20719,5329,1092,5,0
20734,5329,1093,6,0
20736,5329,1094,7,0
20025,5329,1096,8,0
20014,5329,1098,9,0
21075,5329,1101,10,1
21075,5218,464,1,0
20013,5218,467,2,0
20752,5218,468,3,0
20061,5218,469,4,0
20737,5218,471,5,0
20735,5218,472,6,0
20740,5218,473,7,0
20741,5218,474,8,0
21079,5218,475,9,0
20668,5218,477,10,1
20668,5214,1040,1,0
20716,5214,1041,2,0
20717,5214,1043,3,0
20718,5214,1043,4,0
20719,5214,1044,5,0
20734,5214,1045,6,0
20736,5214,1046,7,0
20025,5214,1047,8,0
20014,5214,1050,9,0
21075,5214,1053,10,1
20668,5252,544,1,0
20716,5252,545,2,0
20717,5252,547,3,0
20718,5252,547,4,0
20719,5252,548,5,0
20734,5252,549,6,0
20736,5252,550,7,0
20025,5252,551,8,0
20014,5252,554,9,0
21075,5252,557,10,1
20668,5239,504,1,0
20716,5239,506,2,0
20717,5239,507,3,0
20718,5239,507,4,0
20719,5239,508,5,0
20734,5239,509,6,0
20736,5239,510,7,0
20025,5239,512,8,0
20014,5239,514,9,0
21075,5239,517,10,1
20668,5126,736,1,0
20716,5126,737,2,0
20717,5126,739,3,0
20718,5126,739,4,0
20719,5126,740,5,0
20734,5126,741,6,0
20736,5126,742,7,0
20025,5126,743,8,0
20014,5126,746,9,0
21075,5126,749,10,1
21075,4074,1112,1,0
20013,4074,1115,2,0
20752,4074,1116,3,0
20061,4074,1117,4,0
20737,4074,1119,5,0
20735,4074,1120,6,0
20740,4074,1121,7,0
20741,4074,1122,8,0
21079,4074,1123,9,0
20668,4074,1125,10,1
20668,4059,648,1,0
20716,4059,650,2,0
20717,4059,651,3,0
20718,4059,651,4,0
20719,4059,652,5,0
20734,4059,653,6,0
20736,4059,654,7,0
20025,4059,656,8,0
20014,4059,658,9,0
21075,4059,661,10,1
21075,5167,848,1,0
20013,5167,851,2,0
20752,5167,852,3,0
20061,5167,853,4,0
20737,5167,855,5,0
20735,5167,856,6,0
20740,5167,857,7,0
20741,5167,858,8,0
21079,5167,859,9,0
20668,5167,861,10,1
20668,5174,936,1,0
20716,5174,938,2,0
20717,5174,939,3,0
20718,5174,939,4,0
20719,5174,940,5,0
20734,5174,941,6,0
20736,5174,942,7,0
20025,5174,944,8,0
20014,5174,946,9,0
21075,5174,949,10,1
21075,5183,664,1,0
20013,5183,667,2,0
20752,5183,668,3,0
20061,5183,669,4,0
20737,5183,671,5,0
20735,5183,672,6,0
20740,5183,673,7,0
20741,5183,674,8,0
21079,5183,675,9,0
20668,5183,677,10,1
21075,5005,912,1,0
20013,5005,915,2,0
20752,5005,916,3,0
20061,5005,917,4,0
20737,5005,919,5,0
20735,5005,920,6,0
20740,5005,921,7,0
20741,5005,922,8,0
21079,5005,923,9,0
20668,5005,925,10,1
20668,5006,1000,1,0
20716,5006,1002,2,0
20717,5006,1003,3,0
20718,5006,1003,4,0
20719,5006,1004,5,0
20734,5006,1005,6,0
20736,5006,1006,7,0
20025,5006,1008,8,0
20014,5006,1010,9,0
21075,5006,1013,10,1
20668,5004,1008,1,0
20716,5004,1009,2,0
20717,5004,1011,3,0
20718,5004,1011,4,0
20719,5004,1012,5,0
20734,5004,1013,6,0
20736,5004,1014,7,0
20025,5004,1015,8,0
20014,5004,1018,9,0
21075,5004,1021,10,1
21075,5038,680,1,0
20013,5038,683,2,0
20752,5038,684,3,0
20061,5038,685,4,0
20737,5038,687,5,0
20735,5038,688,6,0
20740,5038,689,7,0
20741,5038,690,8,0
21079,5038,691,9,0
20668,5038,693,10,1
20668,5096,1048,1,0
20716,5096,1050,2,0
20717,5096,1051,3,0
20718,5096,1051,4,0
20719,5096,1052,5,0
20734,5096,1053,6,0
20736,5096,1054,7,0
20025,5096,1056,8,0
20014,5096,1058,9,0
21075,5096,1061,10,1
21075,5099,640,1,0
20013,5099,643,2,0
20752,5099,644,3,0
20061,5099,645,4,0
20737,5099,647,5,0
20735,5099,648,6,0
20740,5099,649,7,0
20741,5099,650,8,0
21079,5099,651,9,0
20668,5099,653,10,1
20668,1999,512,1,0
20716,1999,513,2,0
20717,1999,515,3,0
20718,1999,515,4,0
20719,1999,516,5,0
20734,1999,517,6,0
20736,1999,518,7,0
20025,1999,519,8,0
20014,1999,522,9,0
21075,1999,525,10,1
20668,1907,856,1,0
20716,1907,857,2,0
20717,1907,859,3,0
20718,1907,859,4,0
20719,1907,860,5,0
20734,1907,861,6,0
20736,1907,862,7,0
20025,1907,863,8,0
20014,1907,866,9,0
21075,1907,869,10,1
20668,1913,672,1,0
20716,1913,673,2,0
20717,1913,675,3,0
20718,1913,675,4,0
20719,1913,676,5,0
20734,1913,677,6,0
20736,1913,678,7,0
20025,1913,679,8,0
20014,1913,682,9,0
21075,1913,685,10,1
