arret_id,trajet_id,heure_depart,stop_sequence,terminus
20907,61,857,1,0
21041,61,858,2,0
21000,61,859,3,0
21002,61,861,4,0
20853,61,863,5,1
20907,2144,798,1,0
21041,2144,799,2,0
21000,2144,800,3,0
21002,2144,802,4,0
20853,2144,804,5,1
20852,2152,964,1,0
21003,2152,965,2,0
21001,2152,967,3,0
21042,2152,968,4,0
20907,2152,970,5,1
20852,3365,1055,1,0
21003,3365,1056,2,0
21001,3365,1058,3,0
21042,3365,1059,4,0
20907,3365,1061,5,1
20852,3413,933,1,0
21003,3413,934,2,0
21001,3413,936,3,0
21042,3413,937,4,0
20907,3413,939,5,1
20907,3429,918,1,0
21041,3429,919,2,0
21000,3429,920,3,0
21002,3429,922,4,0
20853,3429,924,5,1
20852,2048,810,1,0
21003,2048,811,2,0
21001,2048,813,3,0
21042,2048,814,4,0
20907,2048,816,5,1
20907,124,819,1,0
21041,124,820,2,0
21000,124,821,3,0
21002,124,823,4,0
20853,124,825,5,1
20852,120,1181,1,0
21003,120,1182,2,0
21001,120,1184,3,0
21042,120,1185,4,0
20907,120,1187,5,1
20852,3816,752,1,0
21003,3816,753,2,0
21001,3816,755,3,0
21042,3816,756,4,0
20907,3816,758,5,1
20852,3803,997,1,0
21003,3803,998,2,0
21001,3803,1000,3,0
21042,3803,1001,4,0
20907,3803,1003,5,1
20907,3889,1094,1,0
21041,3889,1095,2,0
21000,3889,1096,3,0
21002,3889,1098,4,0
20853,3889,1100,5,1
20852,3953,665,1,0
21003,3953,666,2,0
21001,3953,668,3,0
21042,3953,669,4,0
20907,3953,671,5,1
20907,3144,851,1,0
21041,3144,852,2,0
21000,3144,853,3,0
21002,3144,855,4,0
20853,3144,857,5,1
20907,3173,914,1,0
21041,3173,915,2,0
21000,3173,916,3,0
21002,3173,918,4,0
20853,3173,920,5,1
20907,3167,484,1,0
21041,3167,485,2,0
21000,3167,486,3,0
21002,3167,488,4,0
20853,3167,490,5,1
20907,1832,1155,1,0
21041,1832,1156,2,0
21000,1832,1157,3,0
21002,1832,1159,4,0
20853,1832,1161,5,1
20907,2928,1034,1,0
21041,2928,1035,2,0
21000,2928,1036,3,0
21002,2928,1038,4,0
20853,2928,1040,5,1
20907,4710,561,1,0
21041,4710,562,2,0
21000,4710,563,3,0
21002,4710,565,4,0
20853,4710,567,5,1
20907,4624,984,1,0
21041,4624,985,2,0
21000,4624,986,3,0
21002,4624,988,4,0
20853,4624,990,5,1
20907,423,1098,1,0
21041,423,1099,2,0
21000,423,1100,3,0
21002,423,1102,4,0
20853,423,1104,5,1
20907,1771,501,1,0
21041,1771,502,2,0
21000,1771,503,3,0
21002,1771,505,4,0
20853,1771,507,5,1
20852,2804,1065,1,0
21003,2804,1066,2,0
21001,2804,1068,3,0
21042,2804,1069,4,0
20907,2804,1071,5,1
20907,1734,730,1,0
21041,1734,731,2,0
21000,1734,732,3,0
21002,1734,734,4,0
20853,1734,736,5,1
20852,4514,570,1,0
21003,4514,571,2,0
21001,4514,573,3,0
21042,4514,574,4,0
20907,4514,576,5,1
20907,1695,547,1,0
21041,1695,548,2,0
21000,1695,549,3,0
21002,1695,551,4,0
20853,1695,553,5,1
20907,476,320,1,0
21041,476,321,2,0
21000,476,322,3,0
21002,476,324,4,0
20853,476,326,5,1
20852,336,1173,1,0
21003,336,1174,2,0
21001,336,1176,3,0
21042,336,1177,4,0
20907,336,1179,5,1
20907,4939,716,1,0
21041,4939,717,2,0
21000,4939,718,3,0
21002,4939,720,4,0
20853,4939,722,5,1
20907,4876,517,1,0
21041,4876,518,2,0
21000,4876,519,3,0
21002,4876,521,4,0
20853,4876,523,5,1
20852,4883,565,1,0
21003,4883,566,2,0
21001,4883,568,3,0
21042,4883,569,4,0
20907,4883,571,5,1
20907,1554,1172,1,0
21041,1554,1173,2,0
21000,1554,1174,3,0
21002,1554,1176,4,0
20853,1554,1178,5,1
20907,236,974,1,0
21041,236,975,2,0
21000,236,976,3,0
21002,236,978,4,0
20853,236,980,5,1
20907,946,610,1,0
21041,946,611,2,0
21000,946,612,3,0
21002,946,614,4,0
20853,946,616,5,1
20907,918,794,1,0
21041,918,795,2,0
21000,918,796,3,0
21002,918,798,4,0
20853,918,800,5,1
20852,2445,517,1,0
21003,2445,518,2,0
21001,2445,520,3,0
21042,2445,521,4,0
20907,2445,523,5,1
20852,1378,1059,1,0
21003,1378,1060,2,0
21001,1378,1062,3,0
21042,1378,1063,4,0
20907,1378,1065,5,1
20852,1345,1145,1,0
21003,1345,1146,2,0
21001,1345,1148,3,0
21042,1345,1149,4,0
20907,1345,1151,5,1
20852,1370,634,1,0
21003,1370,635,2,0
21001,1370,637,3,0
21042,1370,638,4,0
20907,1370,640,5,1
20907,1304,1104,1,0
21041,1304,1105,2,0
21000,1304,1106,3,0
21002,1304,1108,4,0
20853,1304,1110,5,1
20852,858,389,1,0
21003,858,390,2,0
21001,858,392,3,0
21042,858,393,4,0
20907,858,395,5,1
20852,2321,387,1,0
21003,2321,388,2,0
21001,2321,390,3,0
21042,2321,391,4,0
20907,2321,393,5,1
20852,4121,1246,1,0
21003,4121,1247,2,0
21001,4121,1249,3,0
21042,4121,1250,4,0
20907,4121,1252,5,1
20852,2330,872,1,0
21003,2330,873,2,0
21001,2330,875,3,0
21042,2330,876,4,0
20907,2330,878,5,1
20852,5617,1114,1,0
21003,5617,1115,2,0
21001,5617,1117,3,0
21042,5617,1118,4,0
20907,5617,1120,5,1
20852,5606,1115,1,0
21003,5606,1116,2,0
21001,5606,1118,3,0
21042,5606,1119,4,0
20907,5606,1121,5,1
20907,5609,440,1,0
21041,5609,441,2,0
21000,5609,442,3,0
21002,5609,444,4,0
20853,5609,446,5,1
20852,1282,749,1,0
21003,1282,750,2,0
21001,1282,752,3,0
21042,1282,753,4,0
20907,1282,755,5,1
20907,723,731,1,0
21041,723,732,2,0
21000,723,733,3,0
21002,723,735,4,0
20853,723,737,5,1
20852,713,451,1,0
21003,713,452,2,0
21001,713,454,3,0
21042,713,455,4,0
20907,713,457,5,1
20852,756,520,1,0
21003,756,521,2,0
21001,756,523,3,0
21042,756,524,4,0
20907,756,526,5,1
20852,1192,812,1,0
21003,1192,813,2,0
21001,1192,815,3,0
21042,1192,816,4,0
20907,1192,818,5,1
20907,4490,617,1,0
21041,4490,618,2,0
21000,4490,619,3,0
21002,4490,621,4,0
20853,4490,623,5,1
20907,2682,376,1,0
21041,2682,377,2,0
21000,2682,378,3,0
21002,2682,380,4,0
20853,2682,382,5,1
20852,4408,690,1,0
21003,4408,691,2,0
21001,4408,693,3,0
21042,4408,694,4,0
20907,4408,696,5,1
20852,5562,760,1,0
21003,5562,761,2,0
21001,5562,763,3,0
21042,5562,764,4,0
20907,5562,766,5,1
20852,4432,1020,1,0
21003,4432,1021,2,0
21001,4432,1023,3,0
21042,4432,1024,4,0
20907,4432,1026,5,1
20852,1117,939,1,0
21003,1117,940,2,0
21001,1117,942,3,0
21042,1117,943,4,0
20907,1117,945,5,1
20907,5590,608,1,0
21041,5590,609,2,0
21000,5590,610,3,0
21002,5590,612,4,0
20853,5590,614,5,1
20852,2651,461,1,0
21003,2651,462,2,0
21001,2651,464,3,0
21042,2651,465,4,0
20907,2651,467,5,1
20907,630,1019,1,0
21041,630,1020,2,0
21000,630,1021,3,0
21002,630,1023,4,0
20853,630,1025,5,1
20852,4394,695,1,0
21003,4394,696,2,0
21001,4394,698,3,0
21042,4394,699,4,0
20907,4394,701,5,1
20852,2570,1249,1,0
21003,2570,1250,2,0
21001,2570,1252,3,0
21042,2570,1253,4,0
20907,2570,1255,5,1
20907,1036,672,1,0
21041,1036,673,2,0
21000,1036,674,3,0
21002,1036,676,4,0
20853,1036,678,5,1
20907,5473,1043,1,0
21041,5473,1044,2,0
21000,5473,1045,3,0
21002,5473,1047,4,0
20853,5473,1049,5,1
20907,5339,670,1,0
21041,5339,671,2,0
21000,5339,672,3,0
21002,5339,674,4,0
20853,5339,676,5,1
20852,5130,560,1,0
21003,5130,561,2,0
21001,5130,563,3,0
21042,5130,564,4,0
20907,5130,566,5,1
20907,5108,434,1,0
21041,5108,435,2,0
21000,5108,436,3,0
21002,5108,438,4,0
20853,5108,440,5,1
20852,5102,620,1,0
21003,5102,621,2,0
21001,5102,623,3,0
21042,5102,624,4,0
20907,5102,626,5,1
20852,4076,865,1,0
21003,4076,866,2,0
21001,4076,868,3,0
21042,4076,869,4,0
20907,4076,871,5,1
20907,1944,315,1,0
21041,1944,316,2,0
21000,1944,317,3,0
21002,1944,319,4,0
20853,1944,321,5,1
