arret_id,trajet_id,heure_depart,stop_sequence,terminus
20935,99,1230,1,0
20933,99,1231,2,0
20931,99,1232,3,0
21231,99,1233,4,0
20910,99,1233,5,0
20908,99,1235,6,0
20466,99,1236,7,0
20468,99,1237,8,0
20470,99,1237,9,0
20472,99,1238,10,0
20474,99,1239,11,0
20136,99,1240,12,0
20099,99,1242,13,0
20024,99,1244,14,0
21229,99,1248,15,0
20291,99,1251,16,0
20196,99,1253,17,0
21210,99,1255,18,1
21211,3397,1145,1,0
20197,3397,1146,2,0
20111,3397,1149,3,0
21230,3397,1153,4,0
20165,3397,1154,5,0
20102,3397,1155,6,0
20100,3397,1157,7,0
20518,3397,1158,8,0
20475,3397,1158,9,0
20473,3397,1159,10,0
20471,3397,1160,11,0
20469,3397,1161,12,0
20467,3397,1161,13,0
20909,3397,1163,14,0
20911,3397,1164,15,0
21232,3397,1164,16,0
20932,3397,1166,17,0
20934,3397,1167,18,0
20935,3397,1170,19,1
21211,2288,815,1,0
20197,2288,816,2,0
20111,2288,819,3,0
21230,2288,823,4,0
20165,2288,824,5,0
20102,2288,825,6,0
20100,2288,827,7,0
20518,2288,828,8,0
20475,2288,828,9,0
20473,2288,829,10,0
20471,2288,830,11,0
20469,2288,831,12,0
20467,2288,831,13,0
20909,2288,833,14,0
20911,2288,834,15,0
21232,2288,834,16,0
20932,2288,836,17,0
20934,2288,837,18,0
20935,2288,840,19,1
21211,2291,605,1,0
20197,2291,606,2,0
20111,2291,609,3,0
21230,2291,613,4,0
20165,2291,614,5,0
20102,2291,615,6,0
20100,2291,617,7,0
20518,2291,618,8,0
20475,2291,618,9,0
20473,2291,619,10,0
20471,2291,620,11,0
20469,2291,621,12,0
20467,2291,621,13,0
20909,2291,623,14,0
20911,2291,624,15,0
21232,2291,624,16,0
20932,2291,626,17,0
20934,2291,627,18,0
20935,2291,630,19,1
20935,3315,990,1,0
20933,3315,991,2,0
20931,3315,992,3,0
21231,3315,993,4,0
20910,3315,993,5,0
20908,3315,995,6,0
20466,3315,996,7,0
20468,3315,997,8,0
20470,3315,997,9,0
20472,3315,999,10,0
20474,3315,999,11,0
20136,3315,1000,12,0
20099,3315,1003,13,0
20024,3315,1005,14,0
21229,3315,1008,15,0
20291,3315,1011,16,0
20196,3315,1013,17,0
21210,3315,1015,18,1
20935,3795,510,1,0
20933,3795,511,2,0
20931,3795,512,3,0
21231,3795,513,4,0
20910,3795,513,5,0
20908,3795,515,6,0
20466,3795,516,7,0
20468,3795,517,8,0
20470,3795,518,9,0
20472,3795,519,10,0
20474,3795,520,11,0
20136,3795,522,12,0
20099,3795,525,13,0
20024,3795,527,14,0
21229,3795,530,15,0
20291,3795,532,16,0
20196,3795,533,17,0
21210,3795,535,18,1
21211,3752,1085,1,0
20197,3752,1086,2,0
20111,3752,1089,3,0
21230,3752,1093,4,0
20165,3752,1094,5,0
20102,3752,1095,6,0
20100,3752,1097,7,0
20518,3752,1098,8,0
20475,3752,1098,9,0
20473,3752,1099,10,0
20471,3752,1100,11,0
20469,3752,1101,12,0
20467,3752,1101,13,0
20909,3752,1103,14,0
20911,3752,1104,15,0
21232,3752,1104,16,0
20932,3752,1106,17,0
20934,3752,1107,18,0
20935,3752,1110,19,1
21211,3800,1025,1,0
20197,3800,1026,2,0
20111,3800,1029,3,0
21230,3800,1033,4,0
20165,3800,1034,5,0
20102,3800,1035,6,0
20100,3800,1037,7,0
20518,3800,1038,8,0
20475,3800,1038,9,0
20473,3800,1039,10,0
20471,3800,1040,11,0
20469,3800,1041,12,0
20467,3800,1041,13,0
20909,3800,1043,14,0
20911,3800,1044,15,0
21232,3800,1044,16,0
20932,3800,1046,17,0
20934,3800,1047,18,0
20935,3800,1050,19,1
21211,103,845,1,0
20197,103,846,2,0
20111,103,849,3,0
21230,103,853,4,0
20165,103,854,5,0
20102,103,855,6,0
20100,103,857,7,0
20518,103,858,8,0
20475,103,858,9,0
20473,103,859,10,0
20471,103,860,11,0
20469,103,861,12,0
20467,103,861,13,0
20909,103,863,14,0
20911,103,864,15,0
21232,103,864,16,0
20932,103,866,17,0
20934,103,867,18,0
20935,103,870,19,1
20935,571,1055,1,0
20933,571,1056,2,0
20931,571,1057,3,0
21231,571,1058,4,0
20910,571,1058,5,0
20908,571,1060,6,0
20466,571,1061,7,0
20468,571,1062,8,0
20470,571,1062,9,0
20472,571,1064,10,0
20474,571,1064,11,0
20136,571,1065,12,0
20099,571,1068,13,0
20024,571,1070,14,0
21229,571,1073,15,0
20291,571,1076,16,0
20196,571,1078,17,0
21210,571,1080,18,1
21211,566,365,1,0
20197,566,366,2,0
20111,566,369,3,0
21230,566,373,4,0
20165,566,374,5,0
20102,566,375,6,0
20100,566,377,7,0
20518,566,378,8,0
20475,566,378,9,0
20473,566,379,10,0
20471,566,380,11,0
20469,566,381,12,0
20467,566,381,13,0
20909,566,383,14,0
20911,566,384,15,0
21232,566,384,16,0
20932,566,386,17,0
20934,566,387,18,0
20935,566,390,19,1
20935,450,310,1,0
20933,450,311,2,0
20931,450,312,3,0
21231,450,313,4,0
20910,450,313,5,0
20908,450,315,6,0
20466,450,316,7,0
20468,450,317,8,0
20470,450,317,9,0
20472,450,318,10,0
20474,450,319,11,0
20136,450,320,12,0
20099,450,322,13,0
20024,450,324,14,0
21229,450,328,15,0
20291,450,331,16,0
20196,450,333,17,0
21210,450,335,18,1
20935,1797,477,1,0
20933,1797,478,2,0
20931,1797,479,3,0
21231,1797,480,4,0
20910,1797,480,5,0
20908,1797,482,6,0
20466,1797,483,7,0
20468,1797,484,8,0
20470,1797,485,9,0
20472,1797,487,10,0
20474,1797,489,11,0
20136,1797,491,12,0
20099,1797,495,13,0
20024,1797,497,14,0
21229,1797,500,15,0
20291,1797,502,16,0
20196,1797,503,17,0
21210,1797,505,18,1
21211,498,735,1,0
20197,498,736,2,0
20111,498,739,3,0
21230,498,743,4,0
20165,498,744,5,0
20102,498,745,6,0
20100,498,747,7,0
20518,498,748,8,0
20475,498,748,9,0
20473,498,749,10,0
20471,498,750,11,0
20469,498,751,12,0
20467,498,751,13,0
20909,498,753,14,0
20911,498,754,15,0
21232,498,754,16,0
20932,498,756,17,0
20934,498,757,18,0
20935,498,760,19,1
20935,492,480,1,0
20933,492,481,2,0
20931,492,482,3,0
21231,492,483,4,0
20910,492,483,5,0
20908,492,485,6,0
20466,492,486,7,0
20468,492,487,8,0
20470,492,488,9,0
20472,492,489,10,0
20474,492,490,11,0
20136,492,492,12,0
20099,492,495,13,0
20024,492,497,14,0
21229,492,500,15,0
20291,492,502,16,0
20196,492,503,17,0
21210,492,505,18,1
21211,4959,785,1,0
20197,4959,786,2,0
20111,4959,789,3,0
21230,4959,793,4,0
20165,4959,794,5,0
20102,4959,795,6,0
20100,4959,797,7,0
20518,4959,798,8,0
20475,4959,798,9,0
20473,4959,799,10,0
20471,4959,800,11,0
20469,4959,801,12,0
20467,4959,801,13,0
20909,4959,803,14,0
20911,4959,804,15,0
21232,4959,804,16,0
20932,4959,806,17,0
20934,4959,807,18,0
20935,4959,810,19,1
20935,1652,840,1,0
20933,1652,841,2,0
20931,1652,842,3,0
21231,1652,843,4,0
20910,1652,843,5,0
20908,1652,845,6,0
20466,1652,846,7,0
20468,1652,847,8,0
20470,1652,847,9,0
20472,1652,849,10,0
20474,1652,849,11,0
20136,1652,850,12,0
20099,1652,853,13,0
20024,1652,855,14,0
21229,1652,858,15,0
20291,1652,861,16,0
20196,1652,863,17,0
21210,1652,865,18,1
20935,4912,445,1,0
20933,4912,446,2,0
20931,4912,447,3,0
21231,4912,448,4,0
20910,4912,448,5,0
20908,4912,450,6,0
20466,4912,451,7,0
20468,4912,452,8,0
20470,4912,453,9,0
20472,4912,455,10,0
20474,4912,457,11,0
20136,4912,459,12,0
20099,4912,463,13,0
20024,4912,464,14,0
21229,4912,466,15,0
20291,4912,468,16,0
20196,4912,469,17,0
21210,4912,470,18,1
20935,4829,570,1,0
20933,4829,571,2,0
20931,4829,572,3,0
21231,4829,573,4,0
20910,4829,573,5,0
20908,4829,575,6,0
20466,4829,576,7,0
20468,4829,577,8,0
20470,4829,577,9,0
20472,4829,579,10,0
20474,4829,579,11,0
20136,4829,580,12,0
20099,4829,583,13,0
20024,4829,585,14,0
21229,4829,589,15,0
20291,4829,592,16,0
20196,4829,593,17,0
21210,4829,595,18,1
21211,5816,1235,1,0
20197,5816,1236,2,0
20111,5816,1239,3,0
21230,5816,1243,4,0
20165,5816,1244,5,0
20102,5816,1245,6,0
20100,5816,1247,7,0
20518,5816,1248,8,0
20475,5816,1248,9,0
20473,5816,1249,10,0
20471,5816,1250,11,0
20469,5816,1251,12,0
20467,5816,1251,13,0
20909,5816,1253,14,0
20911,5816,1254,15,0
21232,5816,1254,16,0
20932,5816,1256,17,0
20934,5816,1257,18,0
20935,5816,1260,19,1
20935,248,630,1,0
20933,248,631,2,0
20931,248,632,3,0
21231,248,633,4,0
20910,248,633,5,0
20908,248,635,6,0
20466,248,636,7,0
20468,248,637,8,0
20470,248,637,9,0
20472,248,639,10,0
20474,248,639,11,0
20136,248,640,12,0
20099,248,643,13,0
20024,248,645,14,0
21229,248,648,15,0
20291,248,651,16,0
20196,248,653,17,0
21210,248,655,18,1
21211,238,995,1,0
20197,238,996,2,0
20111,238,999,3,0
21230,238,1003,4,0
20165,238,1004,5,0
20102,238,1005,6,0
20100,238,1007,7,0
20518,238,1008,8,0
20475,238,1008,9,0
20473,238,1009,10,0
20471,238,1010,11,0
20469,238,1011,12,0
20467,238,1011,13,0
20909,238,1013,14,0
20911,238,1014,15,0
21232,238,1014,16,0
20932,238,1016,17,0
20934,238,1017,18,0
20935,238,1020,19,1
20935,1402,930,1,0
20933,1402,931,2,0
20931,1402,932,3,0
21231,1402,933,4,0
20910,1402,933,5,0
20908,1402,935,6,0
20466,1402,936,7,0
20468,1402,937,8,0
20470,1402,937,9,0
20472,1402,939,10,0
20474,1402,939,11,0
20136,1402,940,12,0
20099,1402,943,13,0
20024,1402,945,14,0
21229,1402,948,15,0
20291,1402,951,16,0
20196,1402,953,17,0
21210,1402,955,18,1
21211,806,635,1,0
20197,806,636,2,0
20111,806,639,3,0
21230,806,643,4,0
20165,806,644,5,0
20102,806,645,6,0
20100,806,647,7,0
20518,806,648,8,0
20475,806,648,9,0
20473,806,649,10,0
20471,806,650,11,0
20469,806,651,12,0
20467,806,651,13,0
20909,806,653,14,0
20911,806,654,15,0
21232,806,654,16,0
20932,806,656,17,0
20934,806,657,18,0
20935,806,660,19,1
21211,1322,425,1,0
20197,1322,426,2,0
20111,1322,429,3,0
21230,1322,433,4,0
20165,1322,434,5,0
20102,1322,435,6,0
20100,1322,437,7,0
20518,1322,438,8,0
20475,1322,438,9,0
20473,1322,439,10,0
20471,1322,440,11,0
20469,1322,441,12,0
20467,1322,441,13,0
20909,1322,443,14,0
20911,1322,444,15,0
21232,1322,444,16,0
20932,1322,446,17,0
20934,1322,447,18,0
20935,1322,450,19,1
20935,4196,390,1,0
20933,4196,391,2,0
20931,4196,392,3,0
21231,4196,393,4,0
20910,4196,393,5,0
20908,4196,395,6,0
20466,4196,396,7,0
20468,4196,397,8,0
20470,4196,397,9,0
20472,4196,398,10,0
20474,4196,399,11,0
20136,4196,400,12,0
20099,4196,402,13,0
20024,4196,404,14,0
21229,4196,408,15,0
20291,4196,411,16,0
20196,4196,413,17,0
21210,4196,415,18,1
20935,4183,690,1,0
20933,4183,691,2,0
20931,4183,692,3,0
21231,4183,693,4,0
20910,4183,693,5,0
20908,4183,695,6,0
20466,4183,696,7,0
20468,4183,697,8,0
20470,4183,697,9,0
20472,4183,699,10,0
20474,4183,699,11,0
20136,4183,700,12,0
20099,4183,703,13,0
20024,4183,705,14,0
21229,4183,708,15,0
20291,4183,711,16,0
20196,4183,713,17,0
21210,4183,715,18,1
20935,5630,810,1,0
20933,5630,811,2,0
20931,5630,812,3,0
21231,5630,813,4,0
20910,5630,813,5,0
20908,5630,815,6,0
20466,5630,816,7,0
20468,5630,817,8,0
20470,5630,818,9,0
20472,5630,819,10,0
20474,5630,820,11,0
20136,5630,821,12,0
20099,5630,824,13,0
20024,5630,826,14,0
21229,5630,829,15,0
20291,5630,832,16,0
20196,5630,833,17,0
21210,5630,835,18,1
20935,2358,750,1,0
20933,2358,751,2,0
20931,2358,752,3,0
21231,2358,753,4,0
20910,2358,753,5,0
20908,2358,755,6,0
20466,2358,756,7,0
20468,2358,757,8,0
20470,2358,757,9,0
20472,2358,759,10,0
20474,2358,759,11,0
20136,2358,760,12,0
20099,2358,763,13,0
20024,2358,765,14,0
21229,2358,768,15,0
20291,2358,771,16,0
20196,2358,773,17,0
21210,2358,775,18,1
20935,4491,660,1,0
20933,4491,661,2,0
20931,4491,662,3,0
21231,4491,663,4,0
20910,4491,663,5,0
20908,4491,665,6,0
20466,4491,666,7,0
20468,4491,667,8,0
20470,4491,667,9,0
20472,4491,669,10,0
20474,4491,669,11,0
20136,4491,670,12,0
20099,4491,673,13,0
20024,4491,675,14,0
21229,4491,678,15,0
20291,4491,681,16,0
20196,4491,683,17,0
21210,4491,685,18,1
21211,4453,905,1,0
20197,4453,906,2,0
20111,4453,909,3,0
21230,4453,913,4,0
20165,4453,914,5,0
20102,4453,915,6,0
20100,4453,917,7,0
20518,4453,918,8,0
20475,4453,918,9,0
20473,4453,919,10,0
20471,4453,920,11,0
20469,4453,921,12,0
20467,4453,921,13,0
20909,4453,923,14,0
20911,4453,924,15,0
21232,4453,924,16,0
20932,4453,926,17,0
20934,4453,927,18,0
20935,4453,930,19,1
21211,4483,665,1,0
20197,4483,666,2,0
20111,4483,669,3,0
21230,4483,673,4,0
20165,4483,674,5,0
20102,4483,675,6,0
20100,4483,677,7,0
20518,4483,678,8,0
20475,4483,678,9,0
20473,4483,679,10,0
20471,4483,680,11,0
20469,4483,681,12,0
20467,4483,681,13,0
20909,4483,683,14,0
20911,4483,684,15,0
21232,4483,684,16,0
20932,4483,686,17,0
20934,4483,687,18,0
20935,4483,690,19,1
21211,1119,545,1,0
20197,1119,546,2,0
20111,1119,549,3,0
21230,1119,553,4,0
20165,1119,554,5,0
20102,1119,555,6,0
20100,1119,557,7,0
20518,1119,558,8,0
20475,1119,558,9,0
20473,1119,559,10,0
20471,1119,560,11,0
20469,1119,561,12,0
20467,1119,561,13,0
20909,1119,563,14,0
20911,1119,564,15,0
21232,1119,564,16,0
20932,1119,566,17,0
20934,1119,567,18,0
20935,1119,570,19,1
20935,1115,900,1,0
20933,1115,901,2,0
20931,1115,902,3,0
21231,1115,903,4,0
20910,1115,903,5,0
20908,1115,905,6,0
20466,1115,906,7,0
20468,1115,907,8,0
20470,1115,907,9,0
20472,1115,909,10,0
20474,1115,909,11,0
20136,1115,910,12,0
20099,1115,913,13,0
20024,1115,915,14,0
21229,1115,918,15,0
20291,1115,921,16,0
20196,1115,923,17,0
21210,1115,925,18,1
20935,686,1110,1,0
20933,686,1111,2,0
20931,686,1112,3,0
21231,686,1113,4,0
20910,686,1113,5,0
20908,686,1115,6,0
20466,686,1116,7,0
20468,686,1117,8,0
20470,686,1117,9,0
20472,686,1119,10,0
20474,686,1119,11,0
20136,686,1120,12,0
20099,686,1123,13,0
20024,686,1125,14,0
21229,686,1128,15,0
20291,686,1131,16,0
20196,686,1133,17,0
21210,686,1135,18,1
21211,681,1175,1,0
20197,681,1176,2,0
20111,681,1179,3,0
21230,681,1183,4,0
20165,681,1184,5,0
20102,681,1185,6,0
20100,681,1187,7,0
20518,681,1188,8,0
20475,681,1188,9,0
20473,681,1189,10,0
20471,681,1190,11,0
20469,681,1191,12,0
20467,681,1191,13,0
20909,681,1193,14,0
20911,681,1194,15,0
21232,681,1194,16,0
20932,681,1196,17,0
20934,681,1197,18,0
20935,681,1200,19,1
20935,1094,1170,1,0
20933,1094,1171,2,0
20931,1094,1172,3,0
21231,1094,1173,4,0
20910,1094,1173,5,0
20908,1094,1175,6,0
20466,1094,1176,7,0
20468,1094,1177,8,0
20470,1094,1177,9,0
20472,1094,1178,10,0
20474,1094,1179,11,0
20136,1094,1180,12,0
20099,1094,1182,13,0
20024,1094,1184,14,0
21229,1094,1188,15,0
20291,1094,1191,16,0
20196,1094,1193,17,0
21210,1094,1195,18,1
20935,4362,1020,1,0
20933,4362,1021,2,0
20931,4362,1022,3,0
21231,4362,1023,4,0
20910,4362,1023,5,0
20908,4362,1025,6,0
20466,4362,1026,7,0
20468,4362,1027,8,0
20470,4362,1027,9,0
20472,4362,1029,10,0
20474,4362,1029,11,0
20136,4362,1030,12,0
20099,4362,1033,13,0
20024,4362,1035,14,0
21229,4362,1038,15,0
20291,4362,1041,16,0
20196,4362,1043,17,0
21210,4362,1045,18,1
21211,5465,965,1,0
20197,5465,966,2,0
20111,5465,969,3,0
21230,5465,973,4,0
20165,5465,974,5,0
20102,5465,975,6,0
20100,5465,977,7,0
20518,5465,978,8,0
20475,5465,978,9,0
20473,5465,979,10,0
20471,5465,980,11,0
20469,5465,981,12,0
20467,5465,981,13,0
20909,5465,983,14,0
20911,5465,984,15,0
21232,5465,984,16,0
20932,5465,986,17,0
20934,5465,987,18,0
20935,5465,990,19,1
21211,1958,725,1,0
20197,1958,726,2,0
20111,1958,729,3,0
21230,1958,733,4,0
20165,1958,734,5,0
20102,1958,735,6,0
20100,1958,737,7,0
20518,1958,738,8,0
20475,1958,738,9,0
20473,1958,739,10,0
20471,1958,740,11,0
20469,1958,741,12,0
20467,1958,741,13,0
20909,1958,743,14,0
20911,1958,744,15,0
21232,1958,744,16,0
20932,1958,746,17,0
20934,1958,747,18,0
20935,1958,750,19,1
21211,1966,480,1,0
20197,1966,481,2,0
20111,1966,484,3,0
21230,1966,488,4,0
20165,1966,489,5,0
20102,1966,490,6,0
20100,1966,492,7,0
20518,1966,493,8,0
20475,1966,493,9,0
20473,1966,494,10,0
20471,1966,495,11,0
20469,1966,496,12,0
20467,1966,496,13,0
20909,1966,498,14,0
20911,1966,499,15,0
21232,1966,499,16,0
20932,1966,501,17,0
20934,1966,502,18,0
20935,1966,505,19,1
