arret_id,trajet_id,heure_depart,stop_sequence,terminus
20008,3295,830,1,0
20331,3295,834,2,0
20290,3295,835,3,0
20359,3295,838,4,0
20361,3295,838,5,0
20363,3295,838,6,0
20365,3295,839,7,0
20089,3295,840,8,0
20087,3295,841,9,0
20085,3295,842,10,0
20083,3295,843,11,0
20852,3295,844,12,0
20081,3295,844,13,0
20069,3295,845,14,0
20073,3295,847,15,0
20066,3295,848,16,0
20064,3295,849,17,0
20858,3295,850,18,0
21054,3295,851,19,1
21054,3271,542,1,0
20854,3271,543,2,0
20063,3271,544,3,0
20065,3271,546,4,0
20072,3271,548,5,0
20070,3271,548,6,0
20082,3271,550,7,0
20853,3271,551,8,0
20084,3271,552,9,0
20086,3271,553,10,0
20088,3271,554,11,0
20090,3271,555,12,0
20364,3271,558,13,0
20362,3271,559,14,0
20360,3271,559,15,0
20358,3271,561,16,0
20291,3271,563,17,0
20330,3271,564,18,0
20109,3271,565,19,0
20008,3271,567,20,1
21054,2207,433,1,0
20854,2207,434,2,0
20063,2207,435,3,0
20065,2207,436,4,0
20072,2207,438,5,0
20070,2207,438,6,0
20082,2207,440,7,0
20853,2207,441,8,0
20084,2207,442,9,0
20086,2207,443,10,0
20088,2207,444,11,0
20090,2207,445,12,0
20364,2207,449,13,0
20362,2207,450,14,0
20360,2207,451,15,0
20358,2207,453,16,0
20291,2207,455,17,0
20330,2207,457,18,0
20109,2207,458,19,0
20008,2207,460,20,1
20008,3336,745,1,0
20331,3336,749,2,0
20290,3336,750,3,0
20359,3336,753,4,0
20361,3336,753,5,0
20363,3336,753,6,0
20365,3336,754,7,0
20089,3336,755,8,0
20087,3336,756,9,0
20085,3336,757,10,0
20083,3336,758,11,0
20852,3336,759,12,0
20081,3336,760,13,0
20069,3336,761,14,0
20073,3336,763,15,0
20066,3336,764,16,0
20064,3336,765,17,0
20858,3336,766,18,0
21054,3336,767,19,1
20008,2281,465,1,0
20331,2281,469,2,0
20290,2281,470,3,0
20359,2281,473,4,0
20361,2281,473,5,0
20363,2281,473,6,0
20365,2281,474,7,0
20089,2281,475,8,0
20087,2281,476,9,0
20085,2281,477,10,0
20083,2281,477,11,0
20852,2281,478,12,0
20081,2281,479,13,0
20069,2281,479,14,0
20073,2281,481,15,0
20066,2281,482,16,0
20064,2281,483,17,0
20858,2281,484,18,0
21054,2281,485,19,1
21054,3811,485,1,0
20854,3811,487,2,0
20063,3811,488,3,0
20065,3811,490,4,0
20072,3811,493,5,0
20070,3811,494,6,0
20082,3811,496,7,0
20853,3811,497,8,0
20084,3811,498,9,0
20086,3811,499,10,0
20088,3811,501,11,0
20090,3811,502,12,0
20364,3811,506,13,0
20362,3811,507,14,0
20360,3811,508,15,0
20358,3811,509,16,0
20291,3811,512,17,0
20330,3811,514,18,0
20109,3811,515,19,0
20008,3811,516,20,1
21054,3043,1086,1,0
20854,3043,1088,2,0
20063,3043,1089,3,0
20065,3043,1090,4,0
20072,3043,1093,5,0
20070,3043,1093,6,0
20082,3043,1095,7,0
20853,3043,1096,8,0
20084,3043,1097,9,0
20086,3043,1098,10,0
20088,3043,1099,11,0
20090,3043,1100,12,0
20364,3043,1103,13,0
20362,3043,1104,14,0
20360,3043,1104,15,0
20358,3043,1106,16,0
20291,3043,1108,17,0
20330,3043,1109,18,0
20109,3043,1110,19,0
20008,3043,1112,20,1
20008,3089,1117,1,0
20331,3089,1121,2,0
20290,3089,1122,3,0
20359,3089,1125,4,0
20361,3089,1125,5,0
20363,3089,1125,6,0
20365,3089,1126,7,0
20089,3089,1127,8,0
20087,3089,1128,9,0
20085,3089,1129,10,0
20083,3089,1130,11,0
20852,3089,1131,12,0
20081,3089,1133,13,0
20069,3089,1133,14,0
20073,3089,1136,15,0
20066,3089,1137,16,0
20064,3089,1139,17,0
20858,3089,1140,18,0
21054,3089,1142,19,1
21054,3095,799,1,0
20854,3095,800,2,0
20063,3095,801,3,0
20065,3095,803,4,0
20072,3095,805,5,0
20070,3095,805,6,0
20082,3095,807,7,0
20853,3095,808,8,0
20084,3095,809,9,0
20086,3095,810,10,0
20088,3095,811,11,0
20090,3095,812,12,0
20364,3095,815,13,0
20362,3095,816,14,0
20360,3095,816,15,0
20358,3095,818,16,0
20291,3095,820,17,0
20330,3095,821,18,0
20109,3095,822,19,0
20008,3095,824,20,1
20359,1809,465,1,0
20361,1809,465,2,0
20363,1809,465,3,0
20365,1809,466,4,0
20089,1809,467,5,0
20087,1809,468,6,0
20085,1809,469,7,0
20083,1809,469,8,0
20852,1809,470,9,0
20081,1809,471,10,0
20069,1809,471,11,0
20073,1809,473,12,0
20066,1809,474,13,0
20064,1809,475,14,0
20858,1809,476,15,0
21054,1809,477,16,1
21054,4706,1141,1,0
20854,4706,1142,2,0
20063,4706,1142,3,0
20065,4706,1143,4,0
20072,4706,1145,5,0
20070,4706,1145,6,0
20082,4706,1146,7,0
20853,4706,1147,8,0
20084,4706,1148,9,0
20086,4706,1149,10,0
20088,4706,1150,11,0
20090,4706,1151,12,0
20364,4706,1154,13,0
20362,4706,1155,14,0
20360,4706,1155,15,0
20358,4706,1157,16,0
20291,4706,1159,17,0
20330,4706,1160,18,0
20109,4706,1161,19,0
20008,4706,1163,20,1
21054,4616,859,1,0
20854,4616,860,2,0
20063,4616,861,3,0
20065,4616,863,4,0
20072,4616,865,5,0
20070,4616,865,6,0
20082,4616,867,7,0
20853,4616,868,8,0
20084,4616,869,9,0
20086,4616,870,10,0
20088,4616,871,11,0
20090,4616,872,12,0
20364,4616,875,13,0
20362,4616,876,14,0
20360,4616,876,15,0
20358,4616,878,16,0
20291,4616,880,17,0
20330,4616,881,18,0
20109,4616,882,19,0
20008,4616,884,20,1
21054,1624,1023,1,0
20854,1624,1025,2,0
20063,1624,1026,3,0
20065,1624,1027,4,0
20072,1624,1030,5,0
20070,1624,1030,6,0
20082,1624,1032,7,0
20853,1624,1033,8,0
20084,1624,1034,9,0
20086,1624,1035,10,0
20088,1624,1036,11,0
20090,1624,1037,12,0
20364,1624,1040,13,0
20362,1624,1041,14,0
20360,1624,1041,15,0
20358,1624,1043,16,0
20291,1624,1045,17,0
20330,1624,1046,18,0
20109,1624,1047,19,0
20008,1624,1049,20,1
20008,1613,990,1,0
20331,1613,994,2,0
20290,1613,995,3,0
20359,1613,998,4,0
20361,1613,998,5,0
20363,1613,998,6,0
20365,1613,999,7,0
20089,1613,1000,8,0
20087,1613,1001,9,0
20085,1613,1002,10,0
20083,1613,1003,11,0
20852,1613,1004,12,0
20081,1613,1005,13,0
20069,1613,1006,14,0
20073,1613,1008,15,0
20066,1613,1009,16,0
20064,1613,1011,17,0
20858,1613,1012,18,0
21054,1613,1014,19,1
20008,1683,1110,1,0
20331,1683,1114,2,0
20290,1683,1115,3,0
20359,1683,1118,4,0
20361,1683,1118,5,0
20363,1683,1118,6,0
20365,1683,1119,7,0
20089,1683,1120,8,0
20087,1683,1121,9,0
20085,1683,1122,10,0
20083,1683,1123,11,0
20852,1683,1124,12,0
20081,1683,1125,13,0
20069,1683,1126,14,0
20073,1683,1128,15,0
20066,1683,1129,16,0
20064,1683,1130,17,0
20858,1683,1131,18,0
21054,1683,1133,19,1
20008,1678,990,1,0
20331,1678,994,2,0
20290,1678,995,3,0
20359,1678,998,4,0
20361,1678,998,5,0
20363,1678,998,6,0
20365,1678,999,7,0
20089,1678,1000,8,0
20087,1678,1001,9,0
20085,1678,1002,10,0
20083,1678,1003,11,0
20852,1678,1004,12,0
20081,1678,1004,13,0
20069,1678,1005,14,0
20073,1678,1007,15,0
20066,1678,1008,16,0
20064,1678,1009,17,0
20858,1678,1010,18,0
21054,1678,1011,19,1
20008,389,1054,1,0
20331,389,1058,2,0
20290,389,1059,3,0
20359,389,1062,4,0
20361,389,1062,5,0
20363,389,1062,6,0
20365,389,1063,7,0
20089,389,1064,8,0
20087,389,1065,9,0
20085,389,1066,10,0
20083,389,1067,11,0
20852,389,1068,12,0
20081,389,1070,13,0
20069,389,1070,14,0
20073,389,1073,15,0
20066,389,1074,16,0
20064,389,1076,17,0
20858,389,1077,18,0
21054,389,1079,19,1
21054,919,1081,1,0
20854,919,1082,2,0
20063,919,1083,3,0
20065,919,1084,4,0
20072,919,1086,5,0
20070,919,1086,6,0
20082,919,1088,7,0
20853,919,1089,8,0
20084,919,1090,9,0
20086,919,1091,10,0
20088,919,1092,11,0
20090,919,1093,12,0
20364,919,1096,13,0
20362,919,1097,14,0
20360,919,1097,15,0
20358,919,1099,16,0
20291,919,1101,17,0
20330,919,1102,18,0
20109,919,1103,19,0
20008,919,1105,20,1
21054,5703,1148,1,0
20854,5703,1150,2,0
20063,5703,1151,3,0
20065,5703,1152,4,0
20072,5703,1155,5,0
20070,5703,1155,6,0
20082,5703,1157,7,0
20853,5703,1158,8,0
20084,5703,1159,9,0
20086,5703,1160,10,0
20088,5703,1161,11,0
20090,5703,1162,12,0
20364,5703,1165,13,0
20362,5703,1166,14,0
20360,5703,1166,15,0
20358,5703,1168,16,0
20291,5703,1170,17,0
20330,5703,1171,18,0
20109,5703,1172,19,0
20008,5703,1174,20,1
21054,807,786,1,0
20854,807,787,2,0
20063,807,788,3,0
20065,807,789,4,0
20072,807,791,5,0
20070,807,791,6,0
20082,807,793,7,0
20853,807,794,8,0
20084,807,795,9,0
20086,807,796,10,0
20088,807,797,11,0
20090,807,798,12,0
20364,807,801,13,0
20362,807,802,14,0
20360,807,802,15,0
20358,807,804,16,0
20291,807,806,17,0
20330,807,807,18,0
20109,807,808,19,0
20008,807,810,20,1
21054,1306,490,1,0
20854,1306,491,2,0
20063,1306,492,3,0
20065,1306,493,4,0
20072,1306,495,5,0
20070,1306,495,6,0
20082,1306,497,7,0
20853,1306,498,8,0
20084,1306,499,9,0
20086,1306,500,10,0
20088,1306,501,11,0
20090,1306,502,12,0
20364,1306,506,13,0
20362,1306,507,14,0
20360,1306,508,15,0
20358,1306,510,16,0
20291,1306,512,17,0
20330,1306,514,18,0
20109,1306,515,19,0
20008,1306,517,20,1
21054,796,1021,1,0
20854,796,1022,2,0
20063,796,1023,3,0
20065,796,1024,4,0
20072,796,1026,5,0
20070,796,1026,6,0
20082,796,1028,7,0
20853,796,1029,8,0
20084,796,1030,9,0
20086,796,1031,10,0
20088,796,1032,11,0
20090,796,1033,12,0
20364,796,1036,13,0
20362,796,1037,14,0
20360,796,1037,15,0
20358,796,1039,16,0
20291,796,1041,17,0
20330,796,1042,18,0
20109,796,1043,19,0
20008,796,1045,20,1
20008,5516,745,1,0
20331,5516,749,2,0
20290,5516,750,3,0
20359,5516,753,4,0
20361,5516,753,5,0
20363,5516,753,6,0
20365,5516,754,7,0
20089,5516,755,8,0
20087,5516,756,9,0
20085,5516,757,10,0
20083,5516,758,11,0
20852,5516,759,12,0
20081,5516,759,13,0
20069,5516,760,14,0
20073,5516,762,15,0
20066,5516,763,16,0
20064,5516,764,17,0
20858,5516,765,18,0
21054,5516,767,19,1
20008,1123,1050,1,0
20331,1123,1054,2,0
20290,1123,1055,3,0
20359,1123,1058,4,0
20361,1123,1058,5,0
20363,1123,1058,6,0
20365,1123,1059,7,0
20089,1123,1060,8,0
20087,1123,1061,9,0
20085,1123,1062,10,0
20083,1123,1063,11,0
20852,1123,1064,12,0
20081,1123,1064,13,0
20069,1123,1065,14,0
20073,1123,1067,15,0
20066,1123,1068,16,0
20064,1123,1069,17,0
20858,1123,1070,18,0
21054,1123,1071,19,1
21054,5583,841,1,0
20854,5583,842,2,0
20063,5583,843,3,0
20065,5583,844,4,0
20072,5583,846,5,0
20070,5583,846,6,0
20082,5583,848,7,0
20853,5583,849,8,0
20084,5583,850,9,0
20086,5583,851,10,0
20088,5583,852,11,0
20090,5583,853,12,0
20364,5583,856,13,0
20362,5583,857,14,0
20360,5583,857,15,0
20358,5583,859,16,0
20291,5583,861,17,0
20330,5583,862,18,0
20109,5583,863,19,0
20008,5583,865,20,1
20064,2597,430,1,0
20854,2597,431,2,0
20063,2597,432,3,0
20065,2597,434,4,0
20072,2597,436,5,0
20070,2597,437,6,0
20082,2597,438,7,0
20853,2597,439,8,0
20084,2597,440,9,0
20086,2597,441,10,0
20088,2597,442,11,0
20090,2597,444,12,0
20364,2597,448,13,0
20362,2597,448,14,0
20360,2597,449,15,0
20358,2597,451,16,0
20291,2597,453,17,0
20330,2597,455,18,0
20109,2597,457,19,0
20008,2597,458,20,1
20008,2552,815,1,0
20331,2552,819,2,0
20290,2552,820,3,0
20359,2552,823,4,0
20361,2552,823,5,0
20363,2552,823,6,0
20365,2552,824,7,0
20089,2552,825,8,0
20087,2552,826,9,0
20085,2552,827,10,0
20083,2552,827,11,0
20852,2552,828,12,0
20081,2552,829,13,0
20069,2552,829,14,0
20073,2552,831,15,0
20066,2552,832,16,0
20064,2552,833,17,0
20858,2552,834,18,0
21054,2552,835,19,1
