arret_id,trajet_id,heure_depart,stop_sequence,terminus
21207,42,1005,1,0
21150,42,1006,2,0
20349,42,1008,3,0
20478,42,1009,4,0
20543,42,1012,5,0
20541,42,1014,6,0
20616,42,1014,7,0
20618,42,1016,8,0
20620,42,1016,9,0
20169,42,1018,10,0
21008,42,1020,11,0
20937,42,1023,12,0
20939,42,1024,13,0
20941,42,1026,14,0
20942,42,1027,15,1
21207,3238,460,1,0
21150,3238,461,2,0
20349,3238,463,3,0
20478,3238,464,4,0
20543,3238,467,5,0
20541,3238,469,6,0
20616,3238,469,7,0
20618,3238,471,8,0
20620,3238,471,9,0
20169,3238,473,10,0
21008,3238,475,11,0
20937,3238,478,12,0
20939,3238,479,13,0
20941,3238,481,14,0
20942,3238,482,15,1
20942,2148,940,1,0
20996,2148,940,2,0
20940,2148,941,3,0
20938,2148,943,4,0
20936,2148,943,5,0
21007,2148,946,6,0
20815,2148,948,7,0
20619,2148,950,8,0
20617,2148,950,9,0
20615,2148,952,10,0
20540,2148,953,11,0
20542,2148,956,12,0
20514,2148,959,13,0
20516,2148,960,14,0
20350,2148,961,15,0
21239,2148,961,16,0
21152,2148,964,17,0
21206,2148,965,18,1
20942,3201,580,1,0
20996,3201,580,2,0
20940,3201,581,3,0
20938,3201,583,4,0
20936,3201,583,5,0
21007,3201,586,6,0
20815,3201,588,7,0
20619,3201,590,8,0
20617,3201,590,9,0
20615,3201,592,10,0
20540,3201,593,11,0
20542,3201,596,12,0
20514,3201,599,13,0
20516,3201,600,14,0
20350,3201,601,15,0
21239,3201,601,16,0
21152,3201,604,17,0
21206,3201,605,18,1
21207,2168,795,1,0
21150,2168,796,2,0
20349,2168,798,3,0
20478,2168,799,4,0
20543,2168,802,5,0
20541,2168,804,6,0
20616,2168,804,7,0
20618,2168,806,8,0
20620,2168,806,9,0
20169,2168,808,10,0
21008,2168,810,11,0
20937,2168,813,12,0
20939,2168,814,13,0
20941,2168,816,14,0
20942,2168,817,15,1
20942,3303,490,1,0
20996,3303,490,2,0
20940,3303,491,3,0
20938,3303,493,4,0
20936,3303,493,5,0
21007,3303,496,6,0
20815,3303,498,7,0
20619,3303,500,8,0
20617,3303,500,9,0
20615,3303,502,10,0
20540,3303,503,11,0
20542,3303,506,12,0
20514,3303,509,13,0
20516,3303,510,14,0
20350,3303,511,15,0
21239,3303,511,16,0
21152,3303,514,17,0
21206,3303,515,18,1
20942,3481,790,1,0
20996,3481,790,2,0
20940,3481,791,3,0
20938,3481,793,4,0
20936,3481,793,5,0
21007,3481,796,6,0
20815,3481,798,7,0
20619,3481,800,8,0
20617,3481,800,9,0
20615,3481,802,10,0
20540,3481,803,11,0
20542,3481,806,12,0
20514,3481,809,13,0
20516,3481,810,14,0
20350,3481,811,15,0
21239,3481,811,16,0
21152,3481,814,17,0
21206,3481,815,18,1
20942,2046,910,1,0
20996,2046,910,2,0
20940,2046,911,3,0
20938,2046,913,4,0
20936,2046,913,5,0
21007,2046,916,6,0
20815,2046,918,7,0
20619,2046,920,8,0
20617,2046,920,9,0
20615,2046,922,10,0
20540,2046,923,11,0
20542,2046,926,12,0
20514,2046,929,13,0
20516,2046,930,14,0
20350,2046,931,15,0
21239,2046,931,16,0
21152,2046,934,17,0
21206,2046,935,18,1
21207,3744,375,1,0
21150,3744,376,2,0
20349,3744,378,3,0
20478,3744,379,4,0
20543,3744,382,5,0
20541,3744,384,6,0
20616,3744,384,7,0
20618,3744,386,8,0
20620,3744,386,9,0
20169,3744,388,10,0
21008,3744,390,11,0
20937,3744,393,12,0
20939,3744,394,13,0
20941,3744,396,14,0
20942,3744,397,15,1
20942,199,320,1,0
20996,199,320,2,0
20940,199,321,3,0
20938,199,323,4,0
20936,199,323,5,0
21007,199,326,6,0
20815,199,328,7,0
20619,199,330,8,0
20617,199,330,9,0
20615,199,332,10,0
20540,199,333,11,0
20542,199,336,12,0
20514,199,339,13,0
20516,199,340,14,0
20350,199,341,15,0
21239,199,341,16,0
21152,199,344,17,0
21206,199,345,18,1
21207,3119,1065,1,0
21150,3119,1066,2,0
20349,3119,1068,3,0
20478,3119,1069,4,0
20543,3119,1072,5,0
20541,3119,1074,6,0
20616,3119,1074,7,0
20618,3119,1076,8,0
20620,3119,1076,9,0
20169,3119,1078,10,0
21008,3119,1080,11,0
20937,3119,1083,12,0
20939,3119,1084,13,0
20941,3119,1086,14,0
20942,3119,1087,15,1
20942,2987,1210,1,0
20996,2987,1210,2,0
20940,2987,1211,3,0
20938,2987,1213,4,0
20936,2987,1213,5,0
21007,2987,1216,6,0
20815,2987,1218,7,0
20619,2987,1220,8,0
20617,2987,1220,9,0
20615,2987,1222,10,0
20540,2987,1223,11,0
20542,2987,1226,12,0
20514,2987,1229,13,0
20516,2987,1230,14,0
20350,2987,1231,15,0
21239,2987,1231,16,0
21152,2987,1234,17,0
21206,2987,1235,18,1
21207,1701,585,1,0
21150,1701,586,2,0
20349,1701,588,3,0
20478,1701,589,4,0
20543,1701,592,5,0
20541,1701,594,6,0
20616,1701,594,7,0
20618,1701,596,8,0
20620,1701,596,9,0
20169,1701,598,10,0
21008,1701,600,11,0
20937,1701,603,12,0
20939,1701,604,13,0
20941,1701,606,14,0
20942,1701,607,15,1
20942,1744,730,1,0
20996,1744,730,2,0
20940,1744,731,3,0
20938,1744,733,4,0
20936,1744,733,5,0
21007,1744,736,6,0
20815,1744,738,7,0
20619,1744,740,8,0
20617,1744,740,9,0
20615,1744,742,10,0
20540,1744,743,11,0
20542,1744,746,12,0
20514,1744,749,13,0
20516,1744,750,14,0
20350,1744,751,15,0
21239,1744,751,16,0
21152,1744,754,17,0
21206,1744,755,18,1
21207,2783,1095,1,0
21150,2783,1096,2,0
20349,2783,1098,3,0
20478,2783,1099,4,0
20543,2783,1102,5,0
20541,2783,1104,6,0
20616,2783,1104,7,0
20618,2783,1106,8,0
20620,2783,1106,9,0
20169,2783,1108,10,0
21008,2783,1110,11,0
20937,2783,1113,12,0
20939,2783,1114,13,0
20941,2783,1116,14,0
20942,2783,1117,15,1
20942,1610,1030,1,0
20996,1610,1030,2,0
20940,1610,1031,3,0
20938,1610,1033,4,0
20936,1610,1033,5,0
21007,1610,1036,6,0
20815,1610,1038,7,0
20619,1610,1040,8,0
20617,1610,1040,9,0
20615,1610,1042,10,0
20540,1610,1043,11,0
20542,1610,1046,12,0
20514,1610,1049,13,0
20516,1610,1050,14,0
20350,1610,1051,15,0
21239,1610,1051,16,0
21152,1610,1054,17,0
21206,1610,1055,18,1
21207,1657,705,1,0
21150,1657,706,2,0
20349,1657,708,3,0
20478,1657,709,4,0
20543,1657,712,5,0
20541,1657,714,6,0
20616,1657,714,7,0
20618,1657,716,8,0
20620,1657,716,9,0
20169,1657,718,10,0
21008,1657,720,11,0
20937,1657,723,12,0
20939,1657,724,13,0
20941,1657,726,14,0
20942,1657,727,15,1
21207,4910,615,1,0
21150,4910,616,2,0
20349,4910,618,3,0
20478,4910,619,4,0
20543,4910,622,5,0
20541,4910,624,6,0
20616,4910,624,7,0
20618,4910,626,8,0
20620,4910,626,9,0
20169,4910,628,10,0
21008,4910,630,11,0
20937,4910,633,12,0
20939,4910,634,13,0
20941,4910,636,14,0
20942,4910,637,15,1
21207,4873,1185,1,0
21150,4873,1186,2,0
20349,4873,1188,3,0
20478,4873,1189,4,0
20543,4873,1192,5,0
20541,4873,1194,6,0
20616,4873,1194,7,0
20618,4873,1196,8,0
20620,4873,1196,9,0
20169,4873,1198,10,0
21008,4873,1200,11,0
20937,4873,1203,12,0
20939,4873,1204,13,0
20941,4873,1206,14,0
20942,4873,1207,15,1
20942,353,380,1,0
20996,353,380,2,0
20940,353,381,3,0
20938,353,383,4,0
20936,353,383,5,0
21007,353,386,6,0
20815,353,388,7,0
20619,353,390,8,0
20617,353,390,9,0
20615,353,392,10,0
20540,353,393,11,0
20542,353,396,12,0
20514,353,399,13,0
20516,353,400,14,0
20350,353,401,15,0
21239,353,401,16,0
21152,353,404,17,0
21206,353,405,18,1
20942,1515,550,1,0
20996,1515,550,2,0
20940,1515,551,3,0
20938,1515,553,4,0
20936,1515,553,5,0
21007,1515,556,6,0
20815,1515,558,7,0
20619,1515,560,8,0
20617,1515,560,9,0
20615,1515,562,10,0
20540,1515,563,11,0
20542,1515,566,12,0
20514,1515,569,13,0
20516,1515,570,14,0
20350,1515,571,15,0
21239,1515,571,16,0
21152,1515,574,17,0
21206,1515,575,18,1
21207,1530,885,1,0
21150,1530,886,2,0
20349,1530,888,3,0
20478,1530,889,4,0
20543,1530,892,5,0
20541,1530,894,6,0
20616,1530,894,7,0
20618,1530,896,8,0
20620,1530,896,9,0
20169,1530,898,10,0
21008,1530,900,11,0
20937,1530,903,12,0
20939,1530,904,13,0
20941,1530,906,14,0
20942,1530,907,15,1
20942,1536,610,1,0
20996,1536,610,2,0
20940,1536,611,3,0
20938,1536,613,4,0
20936,1536,613,5,0
21007,1536,616,6,0
20815,1536,618,7,0
20619,1536,620,8,0
20617,1536,620,9,0
20615,1536,622,10,0
20540,1536,623,11,0
20542,1536,626,12,0
20514,1536,629,13,0
20516,1536,630,14,0
20350,1536,631,15,0
21239,1536,631,16,0
21152,1536,634,17,0
21206,1536,635,18,1
20942,1492,1092,1,0
20996,1492,1092,2,0
20940,1492,1093,3,0
20938,1492,1095,4,0
20936,1492,1095,5,0
21007,1492,1098,6,0
20815,1492,1100,7,0
20619,1492,1102,8,0
20617,1492,1102,9,0
20615,1492,1104,10,0
20540,1492,1105,11,0
20542,1492,1108,12,0
20514,1492,1111,13,0
20516,1492,1112,14,0
20350,1492,1113,15,0
21239,1492,1113,16,0
21152,1492,1116,17,0
21206,1492,1117,18,1
20942,5839,670,1,0
20996,5839,670,2,0
20940,5839,671,3,0
20938,5839,673,4,0
20936,5839,673,5,0
21007,5839,676,6,0
20815,5839,678,7,0
20619,5839,680,8,0
20617,5839,680,9,0
20615,5839,682,10,0
20540,5839,683,11,0
20542,5839,686,12,0
20514,5839,689,13,0
20516,5839,690,14,0
20350,5839,691,15,0
21239,5839,691,16,0
21152,5839,694,17,0
21206,5839,695,18,1
21207,232,945,1,0
21150,232,946,2,0
20349,232,948,3,0
20478,232,949,4,0
20543,232,952,5,0
20541,232,954,6,0
20616,232,954,7,0
20618,232,956,8,0
20620,232,956,9,0
20169,232,958,10,0
21008,232,960,11,0
20937,232,963,12,0
20939,232,964,13,0
20941,232,966,14,0
20942,232,967,15,1
21207,4226,1235,1,0
21150,4226,1236,2,0
20349,4226,1238,3,0
20478,4226,1239,4,0
20543,4226,1242,5,0
20541,4226,1244,6,0
20616,4226,1244,7,0
20618,4226,1246,8,0
20620,4226,1246,9,0
20169,4226,1248,10,0
21008,4226,1250,11,0
20937,4226,1253,12,0
20939,4226,1254,13,0
20941,4226,1256,14,0
20942,4226,1257,15,1
21207,4244,645,1,0
21150,4244,646,2,0
20349,4244,648,3,0
20478,4244,649,4,0
20543,4244,652,5,0
20541,4244,654,6,0
20616,4244,654,7,0
20618,4244,656,8,0
20620,4244,656,9,0
20169,4244,658,10,0
21008,4244,660,11,0
20937,4244,663,12,0
20939,4244,664,13,0
20941,4244,666,14,0
20942,4244,667,15,1
20942,2485,760,1,0
20996,2485,760,2,0
20940,2485,761,3,0
20938,2485,763,4,0
20936,2485,763,5,0
21007,2485,766,6,0
20815,2485,768,7,0
20619,2485,770,8,0
20617,2485,770,9,0
20615,2485,772,10,0
20540,2485,773,11,0
20542,2485,776,12,0
20514,2485,779,13,0
20516,2485,780,14,0
20350,2485,781,15,0
21239,2485,781,16,0
21152,2485,784,17,0
21206,2485,785,18,1
20942,5713,970,1,0
20996,5713,970,2,0
20940,5713,971,3,0
20938,5713,973,4,0
20936,5713,973,5,0
21007,5713,976,6,0
20815,5713,978,7,0
20619,5713,980,8,0
20617,5713,980,9,0
20615,5713,982,10,0
20540,5713,983,11,0
20542,5713,986,12,0
20514,5713,989,13,0
20516,5713,990,14,0
20350,5713,991,15,0
21239,5713,991,16,0
21152,5713,994,17,0
21206,5713,995,18,1
21207,2490,765,1,0
21150,2490,766,2,0
20349,2490,768,3,0
20478,2490,769,4,0
20543,2490,772,5,0
20541,2490,774,6,0
20616,2490,774,7,0
20618,2490,776,8,0
20620,2490,776,9,0
20169,2490,778,10,0
21008,2490,780,11,0
20937,2490,783,12,0
20939,2490,784,13,0
20941,2490,786,14,0
20942,2490,787,15,1
21207,856,975,1,0
21150,856,976,2,0
20349,856,978,3,0
20478,856,979,4,0
20543,856,982,5,0
20541,856,984,6,0
20616,856,984,7,0
20618,856,986,8,0
20620,856,986,9,0
20169,856,988,10,0
21008,856,990,11,0
20937,856,993,12,0
20939,856,994,13,0
20941,856,996,14,0
20942,856,997,15,1
21207,2308,1035,1,0
21150,2308,1036,2,0
20349,2308,1038,3,0
20478,2308,1039,4,0
20543,2308,1042,5,0
20541,2308,1044,6,0
20616,2308,1044,7,0
20618,2308,1046,8,0
20620,2308,1046,9,0
20169,2308,1048,10,0
21008,2308,1050,11,0
20937,2308,1053,12,0
20939,2308,1054,13,0
20941,2308,1056,14,0
20942,2308,1057,15,1
20942,2301,1150,1,0
20996,2301,1150,2,0
20940,2301,1151,3,0
20938,2301,1153,4,0
20936,2301,1153,5,0
21007,2301,1156,6,0
20815,2301,1158,7,0
20619,2301,1160,8,0
20617,2301,1160,9,0
20615,2301,1162,10,0
20540,2301,1163,11,0
20542,2301,1166,12,0
20514,2301,1169,13,0
20516,2301,1170,14,0
20350,2301,1171,15,0
21239,2301,1171,16,0
21152,2301,1174,17,0
21206,2301,1175,18,1
21207,4157,825,1,0
21150,4157,826,2,0
20349,4157,828,3,0
20478,4157,829,4,0
20543,4157,832,5,0
20541,4157,834,6,0
20616,4157,834,7,0
20618,4157,836,8,0
20620,4157,836,9,0
20169,4157,838,10,0
21008,4157,840,11,0
20937,4157,843,12,0
20939,4157,844,13,0
20941,4157,846,14,0
20942,4157,847,15,1
20942,1291,850,1,0
20996,1291,850,2,0
20940,1291,851,3,0
20938,1291,853,4,0
20936,1291,853,5,0
21007,1291,856,6,0
20815,1291,858,7,0
20619,1291,860,8,0
20617,1291,860,9,0
20615,1291,862,10,0
20540,1291,863,11,0
20542,1291,866,12,0
20514,1291,869,13,0
20516,1291,870,14,0
20350,1291,871,15,0
21239,1291,871,16,0
21152,1291,874,17,0
21206,1291,875,18,1
21207,2598,435,1,0
21150,2598,436,2,0
20349,2598,438,3,0
20478,2598,439,4,0
20543,2598,442,5,0
20541,2598,444,6,0
20616,2598,444,7,0
20618,2598,446,8,0
20620,2598,446,9,0
20169,2598,448,10,0
21008,2598,450,11,0
20937,2598,453,12,0
20939,2598,454,13,0
20941,2598,456,14,0
20942,2598,457,15,1
21207,5431,525,1,0
21150,5431,526,2,0
20349,5431,528,3,0
20478,5431,529,4,0
20543,5431,532,5,0
20541,5431,534,6,0
20616,5431,534,7,0
20618,5431,536,8,0
20620,5431,536,9,0
20169,5431,538,10,0
21008,5431,540,11,0
20937,5431,543,12,0
20939,5431,544,13,0
20941,5431,546,14,0
20942,5431,547,15,1
20942,5354,425,1,0
20996,5354,425,2,0
20940,5354,426,3,0
20938,5354,428,4,0
20936,5354,428,5,0
21007,5354,431,6,0
20815,5354,433,7,0
20619,5354,435,8,0
20617,5354,435,9,0
20615,5354,437,10,0
20540,5354,438,11,0
20542,5354,441,12,0
20514,5354,444,13,0
20516,5354,445,14,0
20350,5354,446,15,0
21239,5354,446,16,0
21152,5354,449,17,0
21206,5354,450,18,1
21207,5154,1125,1,0
21150,5154,1126,2,0
20349,5154,1128,3,0
20478,5154,1129,4,0
20543,5154,1132,5,0
20541,5154,1134,6,0
20616,5154,1134,7,0
20618,5154,1136,8,0
20620,5154,1136,9,0
20169,5154,1138,10,0
21008,5154,1140,11,0
20937,5154,1143,12,0
20939,5154,1144,13,0
20941,5154,1146,14,0
20942,5154,1147,15,1
