arret_id,trajet_id,heure_depart,stop_sequence,terminus
20879,2124,890,1,0
20878,2124,893,2,0
20876,2124,895,3,0
20874,2124,896,4,0
20872,2124,897,5,0
20870,2124,900,6,0
20880,2124,901,7,0
21099,2124,901,8,0
20886,2124,907,9,0
20607,2124,910,10,0
20609,2124,911,11,0
20611,2124,912,12,0
20613,2124,914,13,0
20039,2124,915,14,0
20037,2124,916,15,0
20035,2124,916,16,0
20033,2124,917,17,0
20031,2124,919,18,0
20029,2124,919,19,0
20330,2124,920,20,0
20196,2124,923,21,0
21212,2124,925,22,1
20879,3387,825,1,0
20878,3387,828,2,0
20876,3387,830,3,0
20874,3387,831,4,0
20872,3387,832,5,0
20870,3387,835,6,0
20880,3387,836,7,0
21099,3387,836,8,0
20592,3387,842,9,0
20590,3387,843,10,0
20588,3387,843,11,0
20586,3387,844,12,0
21551,3387,844,13,0
20601,3387,847,14,0
20607,3387,850,15,0
20609,3387,851,16,0
20611,3387,852,17,0
20613,3387,854,18,0
20039,3387,855,19,0
20037,3387,856,20,0
20035,3387,856,21,0
20033,3387,857,22,0
20031,3387,859,23,0
20029,3387,859,24,0
20330,3387,860,25,0
20196,3387,863,26,0
21212,3387,865,27,1
21209,3475,485,1,0
20197,3475,486,2,0
20331,3475,488,3,0
20028,3475,490,4,0
20030,3475,491,5,0
20032,3475,492,6,0
20034,3475,493,7,0
20036,3475,494,8,0
20614,3475,494,9,0
20612,3475,496,10,0
20610,3475,496,11,0
20608,3475,499,12,0
20606,3475,499,13,0
20885,3475,502,14,0
21098,3475,507,15,0
20805,3475,508,16,0
20869,3475,508,17,0
20871,3475,511,18,0
20873,3475,512,19,0
20875,3475,513,20,0
20877,3475,515,21,0
20879,3475,518,22,1
21209,2096,365,1,0
20197,2096,366,2,0
20331,2096,368,3,0
20028,2096,370,4,0
20030,2096,371,5,0
20032,2096,372,6,0
20034,2096,373,7,0
20036,2096,374,8,0
20614,2096,374,9,0
20612,2096,376,10,0
20610,2096,376,11,0
20608,2096,379,12,0
20606,2096,379,13,0
20885,2096,382,14,0
21098,2096,387,15,0
20805,2096,388,16,0
20869,2096,388,17,0
20871,2096,391,18,0
20873,2096,392,19,0
20875,2096,393,20,0
20877,2096,395,21,0
20879,2096,398,22,1
20879,3740,1040,1,0
20878,3740,1043,2,0
20876,3740,1045,3,0
20874,3740,1046,4,0
20872,3740,1047,5,0
20870,3740,1050,6,0
20880,3740,1051,7,0
21099,3740,1051,8,0
20886,3740,1057,9,0
20607,3740,1060,10,0
20609,3740,1061,11,0
20611,3740,1062,12,0
20613,3740,1064,13,0
20039,3740,1065,14,0
20037,3740,1066,15,0
20035,3740,1066,16,0
20033,3740,1067,17,0
20031,3740,1069,18,0
20029,3740,1069,19,0
20330,3740,1070,20,0
20196,3740,1073,21,0
21212,3740,1075,22,1
21209,3779,965,1,0
20197,3779,966,2,0
20331,3779,968,3,0
20028,3779,970,4,0
20030,3779,971,5,0
20032,3779,972,6,0
20034,3779,973,7,0
20036,3779,974,8,0
20614,3779,974,9,0
20612,3779,976,10,0
20610,3779,976,11,0
20608,3779,979,12,0
20606,3779,979,13,0
20600,3779,982,14,0
20567,3779,985,15,0
20587,3779,986,16,0
20589,3779,986,17,0
20591,3779,986,18,0
20593,3779,986,19,0
21098,3779,993,20,0
20805,3779,994,21,0
20869,3779,994,22,0
20871,3779,997,23,0
20873,3779,998,24,0
20875,3779,999,25,0
20877,3779,1001,26,0
20879,3779,1004,27,1
20879,3825,620,1,0
20878,3825,623,2,0
20876,3825,625,3,0
20874,3825,626,4,0
20872,3825,627,5,0
20870,3825,630,6,0
20880,3825,631,7,0
21099,3825,631,8,0
20886,3825,637,9,0
20607,3825,640,10,0
20609,3825,641,11,0
20611,3825,642,12,0
20613,3825,644,13,0
20039,3825,645,14,0
20037,3825,646,15,0
20035,3825,646,16,0
20033,3825,647,17,0
20031,3825,649,18,0
20029,3825,649,19,0
20330,3825,650,20,0
20196,3825,653,21,0
21212,3825,655,22,1
20879,3011,740,1,0
20878,3011,743,2,0
20876,3011,745,3,0
20874,3011,746,4,0
20872,3011,747,5,0
20870,3011,750,6,0
20880,3011,751,7,0
21099,3011,751,8,0
20886,3011,757,9,0
20607,3011,760,10,0
20609,3011,761,11,0
20611,3011,762,12,0
20613,3011,764,13,0
20039,3011,765,14,0
20037,3011,766,15,0
20035,3011,766,16,0
20033,3011,767,17,0
20031,3011,769,18,0
20029,3011,769,19,0
20330,3011,770,20,0
20196,3011,773,21,0
21212,3011,775,22,1
21209,3949,785,1,0
20197,3949,786,2,0
20331,3949,788,3,0
20028,3949,790,4,0
20030,3949,791,5,0
20032,3949,792,6,0
20034,3949,793,7,0
20036,3949,794,8,0
20614,3949,794,9,0
20612,3949,796,10,0
20610,3949,796,11,0
20608,3949,799,12,0
20606,3949,799,13,0
20885,3949,802,14,0
21098,3949,807,15,0
20805,3949,808,16,0
20869,3949,808,17,0
20871,3949,811,18,0
20873,3949,812,19,0
20875,3949,813,20,0
20877,3949,815,21,0
20879,3949,818,22,1
21209,3936,1145,1,0
20197,3936,1146,2,0
20331,3936,1148,3,0
20028,3936,1150,4,0
20030,3936,1151,5,0
20032,3936,1152,6,0
20034,3936,1153,7,0
20036,3936,1154,8,0
20614,3936,1154,9,0
20612,3936,1156,10,0
20610,3936,1156,11,0
20608,3936,1159,12,0
20606,3936,1159,13,0
20885,3936,1162,14,0
21098,3936,1167,15,0
20805,3936,1168,16,0
20869,3936,1168,17,0
20871,3936,1171,18,0
20873,3936,1172,19,0
20875,3936,1173,20,0
20877,3936,1175,21,0
20879,3936,1178,22,1
20879,541,305,1,0
20878,541,308,2,0
20876,541,310,3,0
20874,541,311,4,0
20872,541,312,5,0
20870,541,315,6,0
20880,541,316,7,0
21099,541,316,8,0
20886,541,322,9,0
20607,541,325,10,0
20609,541,326,11,0
20611,541,327,12,0
20613,541,329,13,0
20039,541,330,14,0
20037,541,331,15,0
20035,541,331,16,0
20033,541,332,17,0
20031,541,334,18,0
20029,541,334,19,0
20330,541,335,20,0
20196,541,338,21,0
21212,541,340,22,1
21209,2985,1220,1,0
20197,2985,1221,2,0
20331,2985,1223,3,0
20028,2985,1225,4,0
20030,2985,1226,5,0
20032,2985,1227,6,0
20034,2985,1228,7,0
20036,2985,1229,8,0
20614,2985,1229,9,0
20612,2985,1231,10,0
20610,2985,1231,11,0
20608,2985,1234,12,0
20606,2985,1234,13,0
20885,2985,1237,14,0
21098,2985,1242,15,0
20805,2985,1243,16,0
20869,2985,1243,17,0
20871,2985,1246,18,0
20873,2985,1247,19,0
20875,2985,1248,20,0
20877,2985,1250,21,0
20879,2985,1253,22,1
20879,2903,470,1,0
20878,2903,473,2,0
20876,2903,475,3,0
20874,2903,476,4,0
20872,2903,477,5,0
20870,2903,480,6,0
20880,2903,481,7,0
21099,2903,481,8,0
20886,2903,487,9,0
20607,2903,490,10,0
20609,2903,491,11,0
20611,2903,492,12,0
20613,2903,494,13,0
20039,2903,495,14,0
20037,2903,496,15,0
20035,2903,496,16,0
20033,2903,497,17,0
20031,2903,499,18,0
20029,2903,499,19,0
20330,2903,500,20,0
20196,2903,503,21,0
21212,2903,505,22,1
21209,500,575,1,0
20197,500,576,2,0
20331,500,578,3,0
20028,500,580,4,0
20030,500,581,5,0
20032,500,582,6,0
20034,500,583,7,0
20036,500,584,8,0
20614,500,584,9,0
20612,500,586,10,0
20610,500,586,11,0
20608,500,589,12,0
20606,500,589,13,0
20885,500,592,14,0
21098,500,597,15,0
20805,500,598,16,0
20869,500,598,17,0
20871,500,601,18,0
20873,500,602,19,0
20875,500,603,20,0
20877,500,605,21,0
20879,500,608,22,1
21209,1723,1175,1,0
20197,1723,1176,2,0
20331,1723,1178,3,0
20028,1723,1180,4,0
20030,1723,1181,5,0
20032,1723,1182,6,0
20034,1723,1183,7,0
20036,1723,1184,8,0
20614,1723,1184,9,0
20612,1723,1186,10,0
20610,1723,1186,11,0
20608,1723,1189,12,0
20606,1723,1189,13,0
20885,1723,1192,14,0
21098,1723,1197,15,0
20805,1723,1198,16,0
20869,1723,1198,17,0
20871,1723,1201,18,0
20873,1723,1202,19,0
20875,1723,1203,20,0
20877,1723,1205,21,0
20879,1723,1208,22,1
20879,461,590,1,0
20878,461,593,2,0
20876,461,595,3,0
20874,461,596,4,0
20872,461,597,5,0
20870,461,600,6,0
20880,461,601,7,0
21099,461,601,8,0
20886,461,607,9,0
20607,461,610,10,0
20609,461,611,11,0
20611,461,612,12,0
20613,461,614,13,0
20039,461,615,14,0
20037,461,616,15,0
20035,461,616,16,0
20033,461,617,17,0
20031,461,619,18,0
20029,461,619,19,0
20330,461,620,20,0
20196,461,623,21,0
21212,461,625,22,1
20879,4510,770,1,0
20878,4510,773,2,0
20876,4510,775,3,0
20874,4510,776,4,0
20872,4510,777,5,0
20870,4510,780,6,0
20880,4510,781,7,0
21099,4510,781,8,0
20886,4510,787,9,0
20607,4510,790,10,0
20609,4510,791,11,0
20611,4510,792,12,0
20613,4510,794,13,0
20039,4510,795,14,0
20037,4510,796,15,0
20035,4510,796,16,0
20033,4510,797,17,0
20031,4510,799,18,0
20029,4510,799,19,0
20330,4510,800,20,0
20196,4510,803,21,0
21212,4510,805,22,1
21209,331,725,1,0
20197,331,726,2,0
20331,331,728,3,0
20028,331,730,4,0
20030,331,731,5,0
20032,331,732,6,0
20034,331,733,7,0
20036,331,734,8,0
20614,331,734,9,0
20612,331,736,10,0
20610,331,736,11,0
20608,331,739,12,0
20606,331,739,13,0
20885,331,742,14,0
21098,331,747,15,0
20805,331,748,16,0
20869,331,748,17,0
20871,331,751,18,0
20873,331,752,19,0
20875,331,753,20,0
20877,331,755,21,0
20879,331,758,22,1
21209,4835,911,1,0
20197,4835,912,2,0
20331,4835,914,3,0
20028,4835,916,4,0
20030,4835,917,5,0
20032,4835,918,6,0
20034,4835,919,7,0
20036,4835,920,8,0
20614,4835,920,9,0
20612,4835,922,10,0
20610,4835,922,11,0
20608,4835,925,12,0
20606,4835,925,13,0
20885,4835,928,14,0
21098,4835,933,15,0
20805,4835,934,16,0
20869,4835,934,17,0
20871,4835,937,18,0
20873,4835,938,19,0
20875,4835,939,20,0
20877,4835,941,21,0
20879,4835,944,22,1
21209,4789,845,1,0
20197,4789,846,2,0
20331,4789,848,3,0
20028,4789,850,4,0
20030,4789,851,5,0
20032,4789,852,6,0
20034,4789,853,7,0
20036,4789,854,8,0
20614,4789,854,9,0
20612,4789,856,10,0
20610,4789,856,11,0
20608,4789,859,12,0
20606,4789,859,13,0
20885,4789,862,14,0
21098,4789,867,15,0
20805,4789,868,16,0
20869,4789,868,17,0
20871,4789,871,18,0
20873,4789,872,19,0
20875,4789,873,20,0
20877,4789,875,21,0
20879,4789,878,22,1
20879,4769,555,1,0
20878,4769,558,2,0
20876,4769,560,3,0
20874,4769,561,4,0
20872,4769,562,5,0
20870,4769,565,6,0
20880,4769,566,7,0
21099,4769,566,8,0
20592,4769,572,9,0
20590,4769,573,10,0
20588,4769,573,11,0
20586,4769,574,12,0
21551,4769,574,13,0
20601,4769,577,14,0
20607,4769,580,15,0
20609,4769,581,16,0
20611,4769,582,17,0
20613,4769,584,18,0
20039,4769,585,19,0
20037,4769,586,20,0
20035,4769,586,21,0
20033,4769,587,22,0
20031,4769,589,23,0
20029,4769,589,24,0
20330,4769,590,25,0
20196,4769,593,26,0
21212,4769,595,27,1
20879,4734,435,1,0
20878,4734,438,2,0
20876,4734,440,3,0
20874,4734,441,4,0
20872,4734,442,5,0
20870,4734,445,6,0
20880,4734,446,7,0
21099,4734,446,8,0
20886,4734,452,9,0
20607,4734,455,10,0
20609,4734,456,11,0
20611,4734,457,12,0
20613,4734,459,13,0
20039,4734,460,14,0
20037,4734,461,15,0
20035,4734,461,16,0
20033,4734,462,17,0
20031,4734,464,18,0
20029,4734,464,19,0
20330,4734,465,20,0
20196,4734,468,21,0
21212,4734,470,22,1
20879,272,860,1,0
20878,272,863,2,0
20876,272,865,3,0
20874,272,866,4,0
20872,272,867,5,0
20870,272,870,6,0
20880,272,871,7,0
21099,272,871,8,0
20886,272,877,9,0
20607,272,880,10,0
20609,272,881,11,0
20611,272,882,12,0
20613,272,884,13,0
20039,272,885,14,0
20037,272,886,15,0
20035,272,886,16,0
20033,272,887,17,0
20031,272,889,18,0
20029,272,889,19,0
20330,272,890,20,0
20196,272,893,21,0
21212,272,895,22,1
21209,297,545,1,0
20197,297,546,2,0
20331,297,548,3,0
20028,297,550,4,0
20030,297,551,5,0
20032,297,552,6,0
20034,297,553,7,0
20036,297,554,8,0
20614,297,554,9,0
20612,297,556,10,0
20610,297,556,11,0
20608,297,559,12,0
20606,297,559,13,0
20885,297,562,14,0
21098,297,567,15,0
20805,297,568,16,0
20869,297,568,17,0
20871,297,571,18,0
20873,297,572,19,0
20875,297,573,20,0
20877,297,575,21,0
20879,297,578,22,1
20879,5863,1160,1,0
20878,5863,1163,2,0
20876,5863,1165,3,0
20874,5863,1166,4,0
20872,5863,1167,5,0
20870,5863,1170,6,0
20880,5863,1171,7,0
21099,5863,1171,8,0
20886,5863,1177,9,0
20607,5863,1180,10,0
20609,5863,1181,11,0
20611,5863,1182,12,0
20613,5863,1184,13,0
20039,5863,1185,14,0
20037,5863,1186,15,0
20035,5863,1186,16,0
20033,5863,1187,17,0
20031,5863,1189,18,0
20029,5863,1189,19,0
20330,5863,1190,20,0
20196,5863,1193,21,0
21212,5863,1195,22,1
21209,941,515,1,0
20197,941,516,2,0
20331,941,518,3,0
20028,941,520,4,0
20030,941,521,5,0
20032,941,522,6,0
20034,941,523,7,0
20036,941,524,8,0
20614,941,524,9,0
20612,941,526,10,0
20610,941,526,11,0
20608,941,529,12,0
20606,941,529,13,0
20885,941,532,14,0
21098,941,537,15,0
20805,941,538,16,0
20869,941,538,17,0
20871,941,541,18,0
20873,941,542,19,0
20875,941,543,20,0
20877,941,545,21,0
20879,941,548,22,1
21209,961,425,1,0
20197,961,426,2,0
20331,961,428,3,0
20028,961,430,4,0
20030,961,431,5,0
20032,961,432,6,0
20034,961,433,7,0
20036,961,434,8,0
20614,961,434,9,0
20612,961,436,10,0
20610,961,436,11,0
20608,961,439,12,0
20606,961,439,13,0
20885,961,442,14,0
21098,961,447,15,0
20805,961,448,16,0
20869,961,448,17,0
20871,961,451,18,0
20873,961,452,19,0
20875,961,453,20,0
20877,961,455,21,0
20879,961,458,22,1
20879,2530,950,1,0
20878,2530,953,2,0
20876,2530,955,3,0
20874,2530,956,4,0
20872,2530,957,5,0
20870,2530,960,6,0
20880,2530,961,7,0
21099,2530,961,8,0
20886,2530,967,9,0
20607,2530,970,10,0
20609,2530,971,11,0
20611,2530,972,12,0
20613,2530,974,13,0
20039,2530,975,14,0
20037,2530,976,15,0
20035,2530,976,16,0
20033,2530,977,17,0
20031,2530,979,18,0
20029,2530,979,19,0
20330,2530,980,20,0
20196,2530,983,21,0
21212,2530,985,22,1
20879,4122,1100,1,0
20878,4122,1103,2,0
20876,4122,1105,3,0
20874,4122,1106,4,0
20872,4122,1107,5,0
20870,4122,1110,6,0
20880,4122,1111,7,0
21099,4122,1111,8,0
20886,4122,1117,9,0
20607,4122,1120,10,0
20609,4122,1121,11,0
20611,4122,1122,12,0
20613,4122,1124,13,0
20039,4122,1125,14,0
20037,4122,1126,15,0
20035,4122,1126,16,0
20033,4122,1127,17,0
20031,4122,1129,18,0
20029,4122,1129,19,0
20330,4122,1130,20,0
20196,4122,1133,21,0
21212,4122,1135,22,1
20879,4153,1010,1,0
20878,4153,1013,2,0
20876,4153,1015,3,0
20874,4153,1016,4,0
20872,4153,1017,5,0
20870,4153,1020,6,0
20880,4153,1021,7,0
21099,4153,1021,8,0
20886,4153,1027,9,0
20607,4153,1030,10,0
20609,4153,1031,11,0
20611,4153,1032,12,0
20613,4153,1034,13,0
20039,4153,1035,14,0
20037,4153,1036,15,0
20035,4153,1036,16,0
20033,4153,1037,17,0
20031,4153,1039,18,0
20029,4153,1039,19,0
20330,4153,1040,20,0
20196,4153,1043,21,0
21212,4153,1045,22,1
21209,5679,905,1,0
20197,5679,906,2,0
20331,5679,908,3,0
20028,5679,910,4,0
20030,5679,911,5,0
20032,5679,912,6,0
20034,5679,913,7,0
20036,5679,914,8,0
20614,5679,914,9,0
20612,5679,916,10,0
20610,5679,916,11,0
20608,5679,919,12,0
20606,5679,919,13,0
20885,5679,922,14,0
21098,5679,927,15,0
20805,5679,928,16,0
20869,5679,928,17,0
20871,5679,931,18,0
20873,5679,932,19,0
20875,5679,933,20,0
20877,5679,935,21,0
20879,5679,938,22,1
20879,712,380,1,0
20878,712,383,2,0
20876,712,385,3,0
20874,712,386,4,0
20872,712,387,5,0
20870,712,390,6,0
20880,712,391,7,0
21099,712,391,8,0
20886,712,397,9,0
20607,712,400,10,0
20609,712,401,11,0
20611,712,402,12,0
20613,712,404,13,0
20039,712,405,14,0
20037,712,406,15,0
20035,712,406,16,0
20033,712,407,17,0
20031,712,409,18,0
20029,712,409,19,0
20330,712,410,20,0
20196,712,413,21,0
21212,712,415,22,1
20879,2757,800,1,0
20878,2757,803,2,0
20876,2757,805,3,0
20874,2757,806,4,0
20872,2757,807,5,0
20870,2757,810,6,0
20880,2757,811,7,0
21099,2757,811,8,0
20886,2757,817,9,0
20607,2757,820,10,0
20609,2757,821,11,0
20611,2757,822,12,0
20613,2757,824,13,0
20039,2757,825,14,0
20037,2757,826,15,0
20035,2757,826,16,0
20033,2757,827,17,0
20031,2757,829,18,0
20029,2757,829,19,0
20330,2757,830,20,0
20196,2757,833,21,0
21212,2757,835,22,1
20879,766,1130,1,0
20878,766,1133,2,0
20876,766,1135,3,0
20874,766,1136,4,0
20872,766,1137,5,0
20870,766,1140,6,0
20880,766,1141,7,0
21099,766,1141,8,0
20886,766,1147,9,0
20607,766,1150,10,0
20609,766,1151,11,0
20611,766,1152,12,0
20613,766,1154,13,0
20039,766,1155,14,0
20037,766,1156,15,0
20035,766,1156,16,0
20033,766,1157,17,0
20031,766,1159,18,0
20029,766,1159,19,0
20330,766,1160,20,0
20196,766,1163,21,0
21212,766,1165,22,1
21209,5525,635,1,0
20197,5525,636,2,0
20331,5525,638,3,0
20028,5525,640,4,0
20030,5525,641,5,0
20032,5525,642,6,0
20034,5525,643,7,0
20036,5525,644,8,0
20614,5525,644,9,0
20612,5525,646,10,0
20610,5525,646,11,0
20608,5525,649,12,0
20606,5525,649,13,0
20885,5525,652,14,0
21098,5525,657,15,0
20805,5525,658,16,0
20869,5525,658,17,0
20871,5525,661,18,0
20873,5525,662,19,0
20875,5525,663,20,0
20877,5525,665,21,0
20879,5525,668,22,1
21209,5535,995,1,0
20197,5535,996,2,0
20331,5535,998,3,0
20028,5535,1000,4,0
20030,5535,1001,5,0
20032,5535,1002,6,0
20034,5535,1003,7,0
20036,5535,1004,8,0
20614,5535,1004,9,0
20612,5535,1006,10,0
20610,5535,1006,11,0
20608,5535,1009,12,0
20606,5535,1009,13,0
20885,5535,1012,14,0
21098,5535,1017,15,0
20805,5535,1018,16,0
20869,5535,1018,17,0
20871,5535,1021,18,0
20873,5535,1022,19,0
20875,5535,1023,20,0
20877,5535,1025,21,0
20879,5535,1028,22,1
21209,685,1025,1,0
20197,685,1026,2,0
20331,685,1028,3,0
20028,685,1030,4,0
20030,685,1031,5,0
20032,685,1032,6,0
20034,685,1033,7,0
20036,685,1034,8,0
20614,685,1034,9,0
20612,685,1036,10,0
20610,685,1036,11,0
20608,685,1039,12,0
20606,685,1039,13,0
20885,685,1042,14,0
21098,685,1047,15,0
20805,685,1048,16,0
20869,685,1048,17,0
20871,685,1051,18,0
20873,685,1052,19,0
20875,685,1053,20,0
20877,685,1055,21,0
20879,685,1058,22,1
21209,2626,695,1,0
20197,2626,696,2,0
20331,2626,698,3,0
20028,2626,700,4,0
20030,2626,701,5,0
20032,2626,702,6,0
20034,2626,703,7,0
20036,2626,704,8,0
20614,2626,704,9,0
20612,2626,706,10,0
20610,2626,706,11,0
20608,2626,709,12,0
20606,2626,709,13,0
20600,2626,712,14,0
20567,2626,715,15,0
20587,2626,716,16,0
20589,2626,716,17,0
20591,2626,716,18,0
20593,2626,716,19,0
21098,2626,723,20,0
20805,2626,724,21,0
20869,2626,724,22,0
20871,2626,727,23,0
20873,2626,728,24,0
20875,2626,729,25,0
20877,2626,731,26,0
20879,2626,734,27,1
20879,1098,680,1,0
20878,1098,683,2,0
20876,1098,685,3,0
20874,1098,686,4,0
20872,1098,687,5,0
20870,1098,690,6,0
20880,1098,691,7,0
21099,1098,691,8,0
20886,1098,697,9,0
20607,1098,700,10,0
20609,1098,701,11,0
20611,1098,702,12,0
20613,1098,704,13,0
20039,1098,705,14,0
20037,1098,706,15,0
20035,1098,706,16,0
20033,1098,707,17,0
20031,1098,709,18,0
20029,1098,709,19,0
20330,1098,710,20,0
20196,1098,713,21,0
21212,1098,715,22,1
21209,4309,1085,1,0
20197,4309,1086,2,0
20331,4309,1088,3,0
20028,4309,1090,4,0
20030,4309,1091,5,0
20032,4309,1092,6,0
20034,4309,1093,7,0
20036,4309,1094,8,0
20614,4309,1094,9,0
20612,4309,1096,10,0
20610,4309,1096,11,0
20608,4309,1099,12,0
20606,4309,1099,13,0
20885,4309,1102,14,0
21098,4309,1107,15,0
20805,4309,1108,16,0
20869,4309,1108,17,0
20871,4309,1111,18,0
20873,4309,1112,19,0
20875,4309,1113,20,0
20877,4309,1115,21,0
20879,4309,1118,22,1
21209,5450,815,1,0
20197,5450,816,2,0
20331,5450,818,3,0
20028,5450,820,4,0
20030,5450,821,5,0
20032,5450,822,6,0
20034,5450,823,7,0
20036,5450,824,8,0
20614,5450,824,9,0
20612,5450,826,10,0
20610,5450,826,11,0
20608,5450,829,12,0
20606,5450,829,13,0
20885,5450,832,14,0
21098,5450,837,15,0
20805,5450,838,16,0
20869,5450,838,17,0
20871,5450,841,18,0
20873,5450,842,19,0
20875,5450,843,20,0
20877,5450,845,21,0
20879,5450,848,22,1
20879,5073,500,1,0
20878,5073,503,2,0
20876,5073,505,3,0
20874,5073,506,4,0
20872,5073,507,5,0
20870,5073,510,6,0
20880,5073,511,7,0
21099,5073,511,8,0
20886,5073,517,9,0
20607,5073,520,10,0
20609,5073,521,11,0
20611,5073,522,12,0
20613,5073,524,13,0
20039,5073,525,14,0
20037,5073,526,15,0
20035,5073,526,16,0
20033,5073,527,17,0
20031,5073,529,18,0
20029,5073,529,19,0
20330,5073,530,20,0
20196,5073,533,21,0
21212,5073,535,22,1
