id,direction_id,ligne_id,calendrier_id,macro_direction
2177,24,55,2,0
3398,49,55,7,1
2227,49,55,2,1
2239,49,55,2,1
2010,49,55,7,1
3536,24,55,3,0
3551,24,55,3,0
2067,49,55,2,1
163,24,55,2,0
183,24,55,2,0
147,49,55,2,1
3808,24,55,2,0
3108,49,55,2,1
3190,24,55,2,0
2988,49,55,3,1
552,24,55,2,0
506,24,55,2,0
2856,49,55,7,1
1780,49,55,2,1
344,24,55,7,0
4854,49,55,2,1
4842,24,55,2,0
376,49,55,2,1
1461,24,55,2,0
293,49,55,7,1
4296,49,55,2,1
2531,24,55,7,0
5765,49,55,7,1
4265,24,55,2,0
1392,49,55,2,1
805,24,55,2,0
834,24,55,2,0
4124,49,55,2,1
5631,49,55,2,1
1298,49,55,2,1
2388,24,55,7,0
2663,49,55,2,1
5518,24,55,2,0
2637,24,55,3,0
647,24,55,7,0
4328,24,55,2,0
5340,49,55,2,1
5279,49,55,7,1
5120,24,55,2,0
3257,44,36,2,1
2171,44,36,2,1
3376,44,36,2,1
2237,44,36,2,1
3339,8,36,2,0
3322,8,36,2,0
3300,8,36,2,0
3489,44,36,2,1
3433,44,36,2,1
3439,44,36,2,1
2098,44,36,2,1
3542,44,36,2,1
3530,44,36,2,1
2024,8,36,2,0
3643,44,36,2,1
3648,44,36,2,1
3656,8,36,2,0
3705,8,36,2,0
3798,44,36,2,1
3782,44,36,2,1
3767,8,36,2,0
108,44,36,2,1
4974,44,36,2,1
4988,44,36,2,1
3016,8,36,2,0
3045,44,36,2,1
3070,44,36,2,1
3063,8,36,2,0
3921,44,36,2,1
3141,8,36,2,0
545,44,36,2,1
547,44,36,2,1
2970,44,36,2,1
1845,44,36,2,1
2966,8,36,2,0
1831,44,36,2,1
520,44,36,2,1
2992,44,36,2,1
2995,8,36,2,0
2983,44,36,2,1
2911,44,36,2,1
4712,44,36,2,1
4714,8,36,2,0
4662,44,36,2,1
1716,8,36,2,0
445,8,36,2,0
448,44,36,2,1
465,8,36,2,0
489,44,36,2,1
1627,44,36,2,1
1636,8,36,2,0
4891,44,36,2,1
1594,44,36,2,1
4862,44,36,2,1
392,44,36,2,1
222,44,36,2,1
1501,44,36,2,1
1572,8,36,2,0
1462,8,36,2,0
4768,8,36,2,0
5845,44,36,2,1
1412,44,36,2,1
1424,44,36,2,1
1426,44,36,2,1
1403,8,36,2,0
4291,44,36,2,1
2512,44,36,2,1
2537,44,36,2,1
4204,8,36,2,0
5749,44,36,2,1
4225,44,36,2,1
4252,44,36,2,1
2473,44,36,2,1
5717,8,36,2,0
2493,8,36,2,0
1371,8,36,2,0
4200,44,36,2,1
1330,44,36,2,1
2415,8,36,2,0
1285,8,36,2,0
1250,44,36,2,1
1212,8,36,2,0
2781,8,36,2,0
773,8,36,2,0
2713,8,36,2,0
2731,8,36,2,0
4448,8,36,2,0
4466,8,36,2,0
5531,8,36,2,0
4421,8,36,2,0
4443,44,36,2,1
2656,8,36,2,0
2655,8,36,2,0
669,44,36,2,1
1081,44,36,2,1
4375,44,36,2,1
2596,8,36,2,0
2591,8,36,2,0
2589,44,36,2,1
4325,8,36,2,0
4304,44,36,2,1
5419,8,36,2,0
5416,8,36,2,0
1048,44,36,2,1
1014,8,36,2,0
5333,44,36,2,1
5309,8,36,2,0
5300,8,36,2,0
5235,44,36,2,1
5229,44,36,2,1
4045,44,36,2,1
4035,44,36,2,1
4093,44,36,2,1
5182,8,36,2,0
5018,44,36,2,1
5065,44,36,2,1
1985,44,36,2,1
1988,8,36,2,0
1901,44,36,2,1
1945,44,36,2,1
1940,8,36,2,0
1961,44,36,2,1
3982,67,15,13,0
1815,67,15,13,0
1706,20,15,13,1
5759,67,15,13,0
1366,67,15,13,0
861,20,15,13,1
2401,20,15,13,1
2681,20,15,13,1
4450,67,15,13,0
5350,67,15,13,0
5344,20,15,13,1
5311,20,15,13,1
3250,40,13,3,0
3253,41,13,2,0
2135,41,13,9,0
2183,40,13,2,0
2264,12,13,3,1
3364,41,13,2,0
3348,12,13,4,1
3416,12,13,2,1
3436,12,13,2,1
2002,40,13,3,0
3516,40,13,2,0
2084,12,13,2,1
3527,12,13,2,1
2041,40,13,3,0
3690,12,13,2,1
3695,12,13,2,1
3687,40,13,3,0
3649,40,13,4,0
3722,41,13,2,0
3700,12,13,2,1
3863,12,13,3,1
3850,12,13,2,1
3845,41,13,6,0
4977,12,13,2,1
3898,12,13,3,1
3899,41,13,1,0
3079,12,13,6,1
3916,12,13,2,1
3989,68,13,1,1
3174,12,13,7,1
538,41,13,2,0
546,12,13,2,1
1813,12,13,4,1
513,12,13,3,1
515,12,13,6,1
2982,41,13,2,0
557,12,13,7,1
567,12,13,7,1
1869,12,13,3,1
1882,12,13,4,1
1876,41,13,4,0
2922,40,13,6,0
4680,41,13,2,0
4674,41,13,2,0
1705,41,13,2,0
417,40,13,3,0
439,41,13,2,0
466,40,13,7,0
1786,12,13,2,1
2817,12,13,2,1
4564,12,13,2,1
473,41,13,2,0
2784,40,13,4,0
4572,12,13,2,1
339,40,13,2,0
1620,40,13,2,0
1665,12,13,4,1
4889,13,13,11,0
1587,40,13,2,0
4855,12,13,2,1
378,41,13,4,0
219,12,13,2,1
1522,12,13,1,1
1549,13,13,9,0
4786,40,13,7,0
1457,40,13,7,0
4733,12,13,2,1
286,41,13,4,0
5849,12,13,2,1
944,40,13,3,0
1432,41,13,2,0
2433,12,13,4,1
4203,40,13,7,0
5744,40,13,2,0
5753,12,13,2,1
5771,41,13,2,0
2480,41,13,1,0
5700,68,13,4,1
4261,40,13,2,0
1390,12,13,6,1
823,12,13,2,1
854,40,13,12,0
882,12,13,2,1
4177,12,13,2,1
5633,12,13,7,1
2377,41,13,2,0
4154,81,13,1,1
2366,12,13,3,1
1265,41,13,4,0
1256,12,13,2,1
1244,12,13,2,1
5669,41,13,2,0
1214,12,13,3,1
733,12,13,4,1
709,41,13,4,0
2742,12,13,2,1
2754,12,13,3,1
2701,41,13,1,0
757,41,13,4,0
4461,41,13,2,0
5504,40,13,2,0
4458,41,13,2,0
1105,12,13,2,1
5536,12,13,2,1
4424,41,13,2,0
1111,41,13,2,0
2647,41,13,2,0
2646,12,13,2,1
2642,12,13,4,1
678,41,13,2,0
2606,41,13,2,0
1089,12,13,2,1
2554,41,13,2,0
5441,40,13,7,0
5370,12,13,4,1
5338,12,13,2,1
5331,12,13,2,1
4027,41,13,2,0
4000,40,13,2,0
4054,41,13,11,0
5178,12,13,2,1
5144,12,13,2,1
1982,12,13,7,1
1922,40,13,3,0
1957,40,13,2,0
1,3,11,1,0
54,3,11,3,0
97,3,11,4,0
95,3,11,4,0
2113,3,11,1,0
2123,12,11,5,1
3270,3,11,1,0
2149,12,11,2,1
2181,3,11,1,0
2246,3,11,1,0
2263,12,11,5,1
3358,3,11,1,0
2269,12,11,5,1
2270,12,11,1,1
3304,12,11,3,1
3488,12,11,4,1
3496,12,11,1,1
3428,12,11,1,1
3469,3,11,4,0
2012,3,11,7,0
2091,3,11,2,0
3533,12,11,4,1
3548,3,11,3,0
2068,3,11,4,0
3522,3,11,4,0
3594,3,11,1,0
2032,12,11,1,1
3686,12,11,2,1
3698,12,11,1,1
3638,12,11,1,1
3634,61,11,2,1
3646,3,11,1,0
3723,3,11,4,0
3747,3,11,1,0
168,12,11,5,1
146,3,11,7,0
3783,12,11,1,1
197,3,11,7,0
3791,12,11,1,1
3852,3,11,4,0
3857,12,11,2,1
3841,3,11,4,0
3836,12,11,1,1
3824,12,11,1,1
105,12,11,2,1
101,3,11,7,0
3896,3,11,4,0
3032,12,11,3,1
3055,3,11,4,0
3037,3,11,1,0
3082,12,11,1,1
3946,3,11,1,0
3940,12,11,5,1
3941,3,11,4,0
3967,3,11,1,0
3963,3,11,4,0
3968,3,11,2,0
3991,12,11,2,1
3909,12,11,2,1
3155,12,11,4,1
3142,3,11,2,0
3115,12,11,4,1
3121,12,11,1,1
3120,12,11,2,1
3169,12,11,4,1
3171,3,11,4,0
542,3,11,1,0
543,12,11,1,1
1835,12,11,2,1
581,12,11,2,1
588,3,11,2,0
559,3,11,1,0
553,12,11,4,1
560,3,11,4,0
1850,3,11,4,0
4701,12,11,15,1
4700,3,11,2,0
2929,3,11,1,0
1878,12,11,2,1
1871,3,11,1,0
4610,3,11,4,0
4641,3,11,1,0
4655,3,11,7,0
4693,12,11,2,1
4690,3,11,2,0
409,12,11,4,1
402,12,11,4,1
2821,12,11,2,1
441,12,11,4,1
451,3,11,4,0
2875,3,11,3,0
455,12,11,1,1
2878,12,11,3,1
1794,12,11,1,1
2806,3,11,5,0
1732,12,11,4,1
1736,12,11,4,1
4500,12,11,1,1
4558,12,11,1,1
4549,3,11,4,0
4539,3,11,1,0
485,12,11,2,1
4579,3,11,2,0
2796,3,11,2,0
341,3,11,2,0
329,12,11,2,1
4932,3,11,2,0
1631,12,11,1,1
4903,12,11,4,1
1575,3,11,1,0
4879,3,11,1,0
372,3,11,1,0
358,75,11,1,1
217,3,11,2,0
220,3,11,9,0
228,12,11,1,1
1513,12,11,1,1
1518,3,11,4,0
4838,3,11,4,0
4839,12,11,1,1
4797,3,11,1,0
1495,12,11,5,1
1458,12,11,4,1
1466,3,11,4,0
4758,12,11,5,1
4746,12,11,2,1
4737,3,11,4,0
1497,3,11,2,0
274,3,11,4,0
5838,3,11,4,0
5827,12,11,4,1
947,12,11,4,1
948,3,11,1,0
930,12,11,4,1
1425,12,11,1,1
931,12,11,4,1
1435,3,11,4,0
927,12,11,1,1
987,3,11,4,0
984,12,11,4,1
968,3,11,4,0
1400,3,11,7,0
5803,3,11,4,0
5807,12,11,1,1
2527,12,11,3,1
2522,3,11,1,0
5752,12,11,4,1
2457,3,11,3,0
2478,12,11,2,1
2472,12,11,2,1
4276,12,11,2,1
5726,3,11,4,0
5784,3,11,3,0
1346,12,11,1,1
5778,12,11,1,1
1335,12,11,1,1
1356,3,11,1,0
803,3,11,2,0
1311,12,11,5,1
1323,12,11,1,1
822,3,11,2,0
828,12,11,4,1
838,12,11,4,1
869,3,11,2,0
876,12,11,2,1
870,12,11,2,1
4187,3,11,2,0
892,3,11,5,0
895,12,11,1,1
2414,12,11,1,1
2418,12,11,3,1
4106,12,11,2,1
4103,3,11,4,0
4114,12,11,1,1
2379,3,11,2,0
4149,3,11,2,0
2383,3,11,1,0
4158,12,11,2,1
2347,3,11,3,0
1286,3,11,2,0
2398,12,11,2,1
1262,12,11,3,1
1248,3,11,1,0
5692,3,11,4,0
5695,61,11,2,1
1225,12,11,1,1
5673,3,11,1,0
1215,12,11,4,1
749,3,11,1,0
737,3,11,4,0
714,3,11,3,0
1206,12,11,1,1
1207,3,11,4,0
2745,3,11,4,0
2770,3,11,4,0
791,3,11,1,0
2714,12,11,2,1
2720,3,11,4,0
761,12,11,2,1
769,12,11,2,1
1196,3,11,1,0
4494,3,11,1,0
2672,3,11,1,0
4455,3,11,4,0
2696,12,11,2,1
2685,12,11,1,1
5522,12,11,2,1
4415,12,11,1,1
5550,3,11,1,0
4422,12,11,2,1
5579,12,11,1,1
1146,12,11,1,1
5582,3,11,2,0
1156,12,11,2,1
608,12,11,1,1
625,3,11,1,0
613,3,11,1,0
684,3,11,11,0
2654,3,11,2,0
2660,3,11,4,0
2607,12,11,1,1
641,12,11,4,1
2618,3,11,2,0
4391,3,11,1,0
4376,12,11,1,1
1071,3,11,4,0
1060,12,11,4,1
2573,3,11,4,0
2558,12,11,1,1
2545,12,11,4,1
5445,3,11,1,0
4321,3,11,7,0
5454,3,11,3,0
1037,12,11,1,1
1043,12,11,3,1
5469,3,11,2,0
5357,3,11,5,0
5352,3,11,2,0
5346,12,11,1,1
5327,3,11,1,0
5225,12,11,1,1
5219,12,11,4,1
5269,3,11,3,0
5277,3,11,3,0
5105,12,11,3,1
5114,12,11,1,1
4023,3,11,1,0
4072,3,11,1,0
4083,61,11,1,1
4064,3,11,2,0
5179,12,11,2,1
5147,12,11,1,1
5155,12,11,2,1
5187,12,11,3,1
5048,12,11,2,1
5052,85,11,1,0
5077,3,11,4,0
1980,12,11,5,1
1992,3,11,2,0
1919,3,11,1,0
1947,3,11,1,0
7,4,12,1,0
5,6,12,1,0
9,8,12,3,1
33,6,12,1,0
39,8,12,1,1
43,6,12,2,0
22,8,12,3,1
28,4,12,4,0
19,6,12,6,0
17,6,12,6,0
20,8,12,2,1
67,8,12,2,1
66,6,12,6,0
63,4,12,2,0
48,6,12,6,0
44,4,12,4,0
3240,4,12,6,0
3242,12,12,3,0
3237,4,12,1,0
2108,8,12,1,1
2105,4,12,1,0
3251,6,12,4,0
2117,6,12,1,0
3264,6,12,4,0
2131,4,12,4,0
3261,4,12,4,0
3262,4,12,3,0
2129,8,12,1,1
3277,8,12,2,1
2139,6,12,6,0
2154,6,12,4,0
2159,8,12,4,1
3206,8,12,2,1
3207,6,12,2,0
2166,6,12,6,0
3211,4,12,1,0
3212,8,12,1,1
2175,4,12,2,0
2176,4,12,6,0
3227,6,12,4,0
2184,8,12,4,1
2182,4,12,4,0
2193,8,12,1,1
2199,4,12,2,0
2191,8,12,4,1
2204,8,12,1,1
2219,4,12,1,0
2214,8,12,1,1
3377,8,12,4,1
2262,4,12,2,0
3393,4,12,2,0
3391,6,12,4,0
3392,6,12,2,0
2260,4,12,4,0
3361,4,12,1,0
3357,4,12,4,0
2228,8,12,1,1
2295,4,12,2,0
3352,6,12,2,0
2278,8,12,2,1
3326,6,12,2,0
3329,4,12,1,0
2280,4,12,6,0
2287,4,12,2,0
3309,4,12,4,0
3482,6,12,6,0
3483,6,12,1,0
3417,6,12,6,0
3431,12,12,3,1
3425,8,12,4,1
3442,6,12,2,0
3441,8,12,3,1
3434,8,12,4,1
3444,6,12,2,0
3463,4,12,6,0
3462,6,12,2,0
3461,4,12,1,0
3470,6,12,6,0
3509,8,12,4,1
2005,8,12,1,1
2011,6,12,6,0
2019,8,12,3,1
2013,8,12,4,1
2021,4,12,3,0
2020,6,12,1,0
2022,6,12,4,0
3598,12,12,3,1
3597,8,12,2,1
3539,4,12,4,0
2075,6,12,4,0
3515,12,12,5,0
2083,8,12,4,1
2088,4,12,4,0
3583,4,12,6,0
3581,8,12,2,1
2051,8,12,3,1
3575,8,12,3,1
3586,6,12,6,0
3589,4,12,4,0
2027,6,12,4,0
3559,59,12,3,0
3570,8,12,4,1
3564,8,12,4,1
3567,8,12,1,1
3569,4,12,1,0
3622,4,12,2,0
3620,12,12,3,0
3616,6,12,4,0
3619,8,12,4,1
3675,4,12,4,0
3678,8,12,4,1
3689,6,12,6,0
3630,6,12,4,0
3651,6,12,2,0
3645,4,12,4,0
3647,6,12,1,0
3673,6,12,1,0
3669,4,12,4,0
3730,4,12,4,0
3738,4,12,6,0
3706,8,12,2,1
164,8,12,1,1
178,8,12,2,1
117,8,12,4,1
118,8,12,1,1
126,6,12,1,0
121,6,12,4,0
123,6,12,4,0
136,8,12,4,1
3799,4,12,6,0
190,8,12,4,1
3778,64,12,2,1
3792,8,12,1,1
3785,12,12,5,0
3760,4,12,6,0
3772,8,12,2,1
3847,4,12,1,0
3837,6,12,2,0
3814,8,12,1,1
109,8,12,4,1
107,6,12,1,0
106,8,12,4,1
4978,6,12,4,0
4990,8,12,1,1
4994,4,12,6,0
3874,8,12,3,1
3008,6,12,6,0
3880,4,12,4,0
3010,4,12,2,0
3891,8,12,9,1
3890,6,12,1,0
3892,4,12,2,0
3029,4,12,6,0
3897,4,12,3,0
3895,4,12,4,0
3018,6,12,1,0
3057,4,12,2,0
3042,4,12,1,0
3058,8,12,1,1
3060,6,12,6,0
3067,4,12,4,0
3088,8,12,1,1
3086,4,12,4,0
3083,8,12,1,1
3920,4,12,4,0
3093,12,12,1,1
3947,6,12,2,0
3932,8,12,4,1
3900,4,12,4,0
3904,8,12,4,1
3908,4,12,1,0
3107,8,12,3,1
3100,4,12,4,0
3101,8,12,1,1
3149,4,12,6,0
3147,12,12,6,0
3154,4,12,6,0
3153,4,12,6,0
3150,6,12,1,0
3135,4,12,4,0
3127,12,12,3,1
3195,6,12,2,0
3172,4,12,1,0
3176,8,12,1,1
3160,12,12,3,1
2950,12,12,3,1
2956,8,12,1,1
536,6,12,6,0
1829,6,12,4,0
1812,6,12,1,0
2972,4,12,4,0
1847,6,12,6,0
516,4,12,3,0
522,8,12,3,1
1833,4,12,6,0
2969,8,12,2,1
2993,4,12,3,0
578,4,12,6,0
2997,4,12,6,0
579,4,12,4,0
586,6,12,1,0
587,8,12,2,1
556,6,12,2,0
554,6,12,4,0
568,6,12,4,0
1892,4,12,2,0
1851,8,12,2,1
2938,6,12,4,0
1887,4,12,2,0
4716,8,12,4,1
4717,8,12,4,1
1875,4,12,6,0
4611,4,12,4,0
4603,4,12,1,0
4607,8,12,2,1
4608,4,12,4,0
4634,8,12,2,1
4635,4,12,1,0
4639,6,12,2,0
4622,4,12,4,0
4627,4,12,3,0
4626,4,12,1,0
4646,6,12,1,0
4648,4,12,6,0
4677,6,12,4,0
4676,8,12,1,1
4664,4,12,5,0
4686,6,12,2,0
4696,4,12,5,0
4691,8,12,2,1
591,4,12,5,0
2851,6,12,1,0
2849,8,12,4,1
1714,8,12,2,1
400,4,12,1,0
2842,4,12,5,0
2840,8,12,2,1
2835,4,12,4,0
2823,8,12,1,1
2820,6,12,6,0
424,6,12,1,0
434,8,12,2,1
2896,6,12,4,0
430,12,12,5,0
438,8,12,1,1
2887,4,12,1,0
2872,4,12,6,0
2873,8,12,1,1
459,6,12,4,0
462,4,12,6,0
467,4,12,4,0
2869,4,12,1,0
1789,6,12,1,0
1791,74,12,1,0
1773,4,12,2,0
1775,6,12,6,0
2815,8,12,1,1
1770,8,12,4,1
2801,8,12,1,1
2808,8,12,1,1
1747,12,12,9,1
4538,8,12,4,1
4526,8,12,1,1
4524,6,12,4,0
487,6,12,4,0
481,4,12,4,0
4589,4,12,6,0
479,8,12,1,1
4576,73,12,1,1
4578,8,12,1,1
4567,4,12,4,0
2795,4,12,4,0
2794,4,12,1,0
4575,4,12,1,0
338,4,12,1,0
347,8,12,1,1
340,8,12,1,1
317,6,12,1,0
312,4,12,4,0
313,12,12,1,0
300,8,12,4,1
305,6,12,4,0
309,64,12,1,1
4929,4,12,6,0
4922,8,12,2,1
1623,4,12,4,0
1645,8,12,1,1
4952,6,12,6,0
1671,8,12,1,1
1659,8,12,4,1
1693,4,12,3,0
4901,8,12,4,1
1685,8,12,4,1
1681,6,12,2,0
1676,8,12,4,1
4915,6,12,4,0
1578,8,12,1,1
1579,8,12,4,1
1573,6,12,4,0
4884,4,12,6,0
1584,8,12,1,1
4894,8,12,3,1
4890,4,12,5,0
1599,6,12,1,0
4857,8,12,2,1
4846,8,12,2,1
4878,8,12,2,1
4869,8,12,4,1
391,4,12,1,0
390,4,12,2,0
394,4,12,2,0
388,8,12,1,1
386,6,12,2,0
371,6,12,4,0
377,8,12,2,1
208,6,12,1,0
4828,8,12,4,1
1527,4,12,3,0
4833,8,12,4,1
1511,4,12,1,0
1502,4,12,4,0
4805,6,12,2,0
1509,8,12,4,1
4811,8,12,1,1
4817,8,12,1,1
1568,4,12,4,0
1555,4,12,2,0
1551,4,12,4,0
1552,6,12,4,0
1543,4,12,1,0
1537,6,12,1,0
1532,60,12,1,0
1533,8,12,1,1
1534,8,12,4,1
1480,4,12,6,0
1482,4,12,3,0
1485,6,12,6,0
1453,8,12,2,1
4783,6,12,1,0
1467,4,12,5,0
4772,8,12,4,1
1471,6,12,1,0
4755,8,12,1,1
4753,8,12,1,1
1496,8,12,3,1
4729,6,12,6,0
4721,8,12,2,1
285,4,12,1,0
283,4,12,4,0
289,4,12,4,0
270,4,12,1,0
5833,8,12,1,1
279,12,12,5,0
5823,4,12,6,0
296,8,12,2,1
5815,6,12,1,0
5811,4,12,2,0
299,6,12,1,0
237,6,12,2,0
262,6,12,4,0
5861,8,12,2,1
258,4,12,4,0
5859,12,12,5,0
254,8,12,1,1
253,8,12,4,1
1421,12,12,3,0
1428,4,12,4,0
1429,8,12,1,1
938,8,12,1,1
911,6,12,1,0
1451,6,12,4,0
977,8,12,2,1
1409,6,12,4,0
4295,8,12,3,1
5801,8,12,4,1
5800,4,12,4,0
998,8,12,4,1
2508,8,12,2,1
2519,6,12,6,0
2515,4,12,1,0
2514,6,12,1,0
2534,77,12,1,1
2532,4,12,2,0
4206,4,12,4,0
5737,8,12,2,1
2439,4,12,6,0
2441,6,12,2,0
4213,4,12,5,0
2421,8,12,2,1
2423,4,12,2,0
4222,6,12,4,0
5754,8,12,4,1
2455,6,12,2,0
4227,8,12,2,1
2459,8,12,4,1
2458,6,12,6,0
5762,4,12,6,0
4235,6,12,4,0
4236,12,12,3,0
4249,6,12,4,0
2476,8,12,1,1
2475,4,12,4,0
4255,6,12,4,0
5708,4,12,1,0
5704,6,12,2,0
5701,4,12,2,0
2467,4,12,2,0
4268,6,12,2,0
5714,8,12,4,1
5716,8,12,4,1
4277,6,12,4,0
2486,12,12,1,1
5725,8,12,1,1
4283,8,12,4,1
4284,4,12,5,0
2492,8,12,4,1
1388,8,12,1,1
1387,4,12,6,0
1375,4,12,4,0
5785,4,12,4,0
1348,6,12,1,0
1365,4,12,1,0
1355,6,12,1,0
1357,4,12,2,0
1319,6,12,4,0
1313,4,12,4,0
1327,8,12,2,1
810,8,12,3,1
830,6,12,1,0
868,8,12,2,1
867,8,12,1,1
852,6,12,6,0
857,6,12,4,0
885,4,12,5,0
881,4,12,1,0
4192,4,12,4,0
4174,8,12,4,1
4169,6,12,4,0
2404,4,12,4,0
2400,8,12,4,1
2413,6,12,4,0
2417,4,12,4,0
2342,4,12,2,0
2341,4,12,4,0
5641,8,12,1,1
4115,4,12,3,0
4117,8,12,1,1
5649,8,12,1,1
2327,8,12,2,1
5610,64,12,4,1
5620,4,12,1,0
2303,8,12,3,1
4101,8,12,1,1
2376,8,12,1,1
4150,8,12,2,1
2369,4,12,4,0
4160,12,12,3,0
4164,6,12,2,0
4167,6,12,6,0
2359,4,12,4,0
4129,8,12,1,1
2357,4,12,6,0
4132,83,12,1,0
2361,59,12,5,0
2349,4,12,1,0
4137,4,12,1,0
2344,6,12,1,0
1299,6,12,4,0
4140,6,12,4,0
1274,4,12,4,0
1275,8,12,4,1
1268,8,12,1,1
5699,6,12,6,0
5698,4,12,6,0
2397,4,12,2,0
2396,6,12,1,0
2389,8,12,3,1
1255,4,12,3,0
1254,8,12,3,1
5681,12,12,5,0
5680,6,12,4,0
1243,8,12,2,1
5677,8,12,2,1
1240,8,12,2,1
1238,12,12,3,0
1239,4,12,1,0
1228,8,12,1,1
5672,4,12,6,0
5674,4,12,6,0
1210,8,12,4,1
904,4,12,1,0
732,8,12,1,1
720,8,12,1,1
710,4,12,4,0
703,6,12,6,0
1200,4,12,3,0
2748,4,12,3,0
2740,6,12,1,0
2756,6,12,6,0
799,8,12,2,1
793,4,12,1,0
2774,8,12,4,1
2782,12,12,3,0
786,6,12,4,0
789,4,12,4,0
2704,12,12,2,0
2707,8,12,4,1
2724,6,12,1,0
765,6,12,6,0
2722,8,12,2,1
768,6,12,4,0
754,8,12,4,1
753,4,12,4,0
4496,8,12,4,1
4488,8,12,2,1
1184,4,12,4,0
1182,4,12,4,0
2679,6,12,6,0
2678,4,12,4,0
2667,8,12,2,1
2664,4,12,1,0
4473,8,12,1,1
4481,4,12,4,0
4485,4,12,5,0
4477,6,12,6,0
2688,6,12,6,0
5526,6,12,1,0
1103,60,12,6,0
5542,8,12,2,1
5541,12,12,4,0
5548,4,12,4,0
5545,8,12,1,1
4413,6,12,4,0
5546,4,12,2,0
5552,6,12,4,0
1122,4,12,5,0
4427,6,12,6,0
5564,4,12,6,0
4430,6,12,4,0
4434,4,12,4,0
1113,6,12,1,0
4439,4,12,3,0
4437,4,12,3,0
1149,8,12,1,1
1145,4,12,4,0
5580,8,12,1,1
5581,6,12,4,0
5588,4,12,4,0
1135,8,12,2,1
1171,4,12,4,0
1175,4,12,3,0
609,4,12,3,0
604,8,12,1,1
622,8,12,2,1
621,8,12,1,1
624,8,12,2,1
611,12,12,9,1
615,64,12,4,1
688,4,12,5,0
2649,4,12,4,0
671,4,12,3,0
2659,4,12,4,0
679,4,12,1,0
696,4,12,3,0
2631,8,12,2,1
2639,4,12,6,0
691,6,12,4,0
2600,8,12,4,1
635,4,12,1,0
634,4,12,6,0
631,4,12,6,0
667,12,12,5,0
650,6,12,4,0
1093,4,12,5,0
4393,4,12,4,0
1099,4,12,3,0
4389,8,12,1,1
1073,6,12,4,0
4385,8,12,4,1
1066,4,12,4,0
1065,8,12,3,1
1059,6,12,4,0
4351,4,12,6,0
4355,4,12,4,0
2583,8,12,1,1
2577,8,12,2,1
2574,4,12,2,0
4349,8,12,1,1
4364,4,12,3,0
2565,8,12,1,1
2561,6,12,4,0
2559,6,12,4,0
4323,12,12,2,1
4324,4,12,4,0
2541,8,12,2,1
4335,74,12,5,0
2544,8,12,4,1
4302,8,12,4,1
5435,6,12,4,0
4303,8,12,2,1
1007,6,12,6,0
5438,4,12,5,0
1006,4,12,2,0
1009,4,12,1,0
1011,60,12,2,0
4315,8,12,2,1
5449,8,12,4,1
5417,8,12,2,1
5414,6,12,6,0
5420,6,12,4,0
5429,8,12,4,1
5432,8,12,3,1
5479,8,12,2,1
1046,8,12,1,1
1052,8,12,2,1
5490,8,12,4,1
1027,4,12,4,0
1026,6,12,4,0
5464,6,12,6,0
1031,4,12,2,0
5462,8,12,3,1
5468,8,12,1,1
5475,8,12,3,1
5376,4,12,6,0
5368,12,12,9,1
5362,4,12,5,0
5366,8,12,9,1
5359,8,12,4,1
5343,4,12,6,0
5320,8,12,3,1
5310,12,12,3,1
5305,4,12,2,0
5304,6,12,2,0
5392,8,12,4,1
5233,8,12,2,1
5231,12,12,3,1
5223,4,12,3,0
5217,4,12,4,0
5244,8,12,4,1
5211,4,12,4,0
5204,4,12,1,0
5201,6,12,4,0
5268,4,12,6,0
5270,4,12,4,0
5272,8,12,2,1
5273,12,12,4,0
5281,4,12,4,0
5283,6,12,2,0
5298,4,12,1,0
5129,4,12,4,0
5125,8,12,3,1
5106,8,12,1,1
5107,8,12,1,1
4040,4,12,1,0
4047,6,12,6,0
4038,6,12,2,0
4028,4,12,6,0
4019,8,12,3,1
4015,4,12,4,0
4013,6,12,4,0
4005,6,12,6,0
4001,4,12,5,0
4071,4,12,3,0
4078,6,12,6,0
4084,6,12,2,0
4052,8,12,4,1
4057,4,12,2,0
4056,8,12,4,1
4066,8,12,2,1
4069,4,12,2,0
5172,8,12,4,1
5142,6,12,4,0
5145,8,12,2,1
5138,8,12,2,1
5190,6,12,4,0
5022,8,12,4,1
5030,4,12,5,0
5051,8,12,4,1
5058,8,12,1,1
5061,8,12,1,1
5076,6,12,1,0
5081,4,12,3,0
5093,8,12,2,1
1987,8,12,3,1
1915,8,12,1,1
1916,6,12,2,0
1911,6,12,4,0
1935,4,12,6,0
1933,8,12,1,1
1949,6,12,1,0
1948,4,12,6,0
1943,8,12,1,1
1951,4,12,4,0
1968,4,12,2,0
1962,8,12,4,1
2931,8,20,7,1
2858,12,20,7,1
1741,12,20,7,1
1565,12,20,7,1
2364,82,20,7,0
1241,12,20,7,0
1230,82,20,7,0
672,12,20,7,0
4350,8,20,7,1
5033,8,20,7,1
5036,82,20,7,0
1952,12,20,7,0
58,24,43,2,0
3288,36,43,2,1
3296,24,43,2,0
3202,24,43,2,0
2158,24,43,3,0
3449,36,43,2,1
3653,36,43,2,1
157,36,43,2,1
186,24,43,3,0
125,24,43,2,0
3842,24,43,2,0
3012,36,43,3,1
3002,36,43,2,1
3961,36,43,2,1
3992,36,43,2,1
3122,36,43,2,1
3181,24,43,2,0
2958,24,43,3,0
529,36,43,2,1
2902,24,43,2,0
1890,24,43,2,0
4615,36,43,2,1
4653,36,43,2,1
4644,36,43,3,1
1698,24,43,2,0
4584,24,43,3,0
1595,24,43,2,0
387,24,43,2,0
1523,24,43,2,0
1524,24,43,3,0
1465,24,43,2,0
985,24,43,2,0
2507,24,43,2,0
4239,24,43,2,0
5727,24,43,3,0
833,24,43,2,0
5615,24,43,2,0
728,36,43,2,1
2755,36,43,7,1
2683,36,43,7,1
4459,36,43,2,1
4431,36,43,2,1
5586,24,43,2,0
1143,24,43,2,0
2605,36,43,2,1
5401,36,43,2,1
4327,36,43,2,1
4319,36,43,3,1
1051,24,43,2,0
5365,24,43,2,0
5386,36,43,2,1
5262,24,43,3,0
5124,36,43,2,1
5111,36,43,3,1
5140,24,43,2,0
5021,36,43,3,1
77,28,41,3,0
51,35,41,2,1
3281,35,41,3,1
3276,35,41,1,1
3222,28,41,2,0
2213,35,41,1,1
3385,28,41,2,0
3381,35,41,1,1
3426,35,41,2,1
2018,35,41,1,1
2082,28,41,2,0
2059,28,41,2,0
3561,28,41,1,0
3566,28,41,1,0
3830,35,41,1,1
3027,28,41,2,0
3044,28,41,1,0
3952,35,41,2,1
1819,28,41,1,0
4618,35,41,2,1
4605,35,41,3,1
1750,35,41,2,1
4555,35,41,1,1
1696,35,41,3,1
1601,28,41,2,0
4920,35,41,1,1
1675,35,41,2,1
4848,35,41,2,1
224,28,41,2,0
1504,28,41,2,0
4736,35,41,1,1
4723,28,41,1,0
292,28,41,3,0
943,35,41,2,1
1448,28,41,2,0
5732,28,41,1,0
5756,35,41,3,1
4287,28,41,1,0
1333,28,41,1,0
878,35,41,3,1
2307,35,41,3,1
2306,28,41,2,0
1292,28,41,1,0
727,28,41,2,0
2779,35,41,2,1
2718,35,41,1,1
2730,35,41,3,1
5507,28,41,1,0
5508,35,41,1,1
5515,28,41,2,0
2687,35,41,2,1
1109,35,41,2,1
5570,28,41,1,0
5585,28,41,3,0
677,35,41,1,1
2594,28,41,2,0
1057,35,41,1,1
2566,35,41,14,1
5407,28,41,1,0
1008,35,41,2,1
5415,35,41,1,1
1045,28,41,3,0
1039,35,41,2,1
1030,35,41,2,1
1016,28,41,3,0
5316,28,41,2,0
4034,28,41,1,0
4020,28,41,3,0
5029,35,41,1,1
5097,35,41,2,1
1905,28,41,2,0
1956,28,41,3,0
3294,38,40,3,1
2103,38,40,3,1
2120,38,40,2,1
3200,28,40,2,0
2221,28,40,2,0
2212,38,40,2,1
3450,28,40,2,0
2023,28,40,2,0
3677,38,40,1,1
3750,28,40,1,0
3701,28,40,1,0
144,38,40,1,1
3848,28,40,2,0
3818,28,40,2,0
3929,28,40,2,0
3118,28,40,2,0
3189,38,40,2,1
1830,38,40,3,1
582,28,40,1,0
4685,38,40,1,1
4672,28,40,1,0
2855,38,40,2,1
408,38,40,1,1
427,38,40,2,1
2897,38,40,1,1
1754,28,40,3,0
488,28,40,2,0
483,38,40,2,1
310,28,40,3,0
1651,28,40,3,0
4852,28,40,1,0
4825,28,40,2,0
1545,38,40,2,1
1538,38,40,3,1
1493,28,40,1,0
4738,38,40,1,1
5812,28,40,1,0
926,28,40,2,0
4293,38,40,2,1
2526,38,40,7,1
4246,38,40,1,1
2466,28,40,3,0
5796,38,40,1,1
1334,38,40,2,1
808,28,40,1,0
848,38,40,2,1
4170,38,40,1,1
5611,38,40,2,1
2320,38,40,2,1
2387,38,40,1,1
5654,38,40,1,1
1218,28,40,2,0
721,28,40,2,0
704,38,40,1,1
2747,28,40,1,0
784,28,40,1,0
763,28,40,1,0
4489,28,40,3,0
1127,38,40,2,1
5568,38,40,1,1
2648,28,40,2,0
4382,28,40,14,0
2567,38,40,1,1
5498,38,40,3,1
5375,38,40,3,1
5263,28,40,3,0
4021,38,40,2,1
4007,28,40,1,0
4050,28,40,2,0
1959,38,40,1,1
8,9,65,3,1
3255,24,65,2,0
3386,9,65,2,1
3468,24,65,3,0
3510,9,65,2,1
2081,24,65,2,0
3831,9,65,2,1
1886,24,65,2,0
4617,9,65,3,1
4640,9,65,7,1
4628,9,65,2,1
4671,24,65,2,0
416,24,65,7,0
2863,24,65,2,0
1779,9,65,3,1
1755,9,65,2,1
332,24,65,7,0
1647,24,65,2,0
243,24,65,2,0
264,9,65,2,1
831,9,65,3,1
5643,24,65,2,0
5662,24,65,7,0
717,24,65,2,0
2741,9,65,2,1
2771,9,65,2,1
777,9,65,2,1
2690,24,65,3,0
4423,24,65,2,0
4435,24,65,3,0
4440,24,65,2,0
2624,9,65,7,1
657,24,65,3,0
1082,9,65,2,1
4368,9,65,2,1
5406,24,65,7,0
4018,9,65,7,1
4016,9,65,2,1
4058,9,65,3,1
5012,24,65,2,0
3295,5,83,1,1
3271,12,83,1,0
2207,12,83,2,0
3336,5,83,1,1
2281,5,83,2,1
3811,12,83,1,0
3043,12,83,1,0
3089,5,83,1,1
3095,12,83,1,0
1809,5,83,1,1
4706,12,83,2,0
4616,12,83,1,0
1624,12,83,1,0
1613,5,83,1,1
1683,5,83,2,1
1678,5,83,2,1
389,5,83,1,1
919,12,83,2,0
5703,12,83,1,0
807,12,83,2,0
1306,12,83,2,0
796,12,83,2,0
5516,5,83,2,1
1123,5,83,2,1
5583,12,83,2,0
2597,12,83,1,0
2552,5,83,2,1
3313,24,80,2,0
2267,52,80,2,1
3560,24,80,2,0
3859,52,80,2,1
3056,52,80,2,1
503,52,80,3,1
4707,24,80,3,0
2845,24,80,2,0
4509,52,80,2,1
4521,24,80,3,0
2787,24,80,3,0
1600,52,80,2,1
4924,24,80,2,0
1589,24,80,2,0
4740,52,80,3,1
1441,24,80,3,0
2505,24,80,2,0
2539,52,80,2,1
2448,52,80,3,1
4259,24,80,2,0
4282,52,80,7,1
5532,52,80,3,1
5527,52,80,2,1
1138,52,80,2,1
4333,52,80,2,1
5285,24,80,7,0
5143,24,80,2,0
99,24,62,2,0
3397,48,62,7,1
2288,48,62,3,1
2291,48,62,2,1
3315,24,62,2,0
3795,24,62,2,0
3752,48,62,7,1
3800,48,62,2,1
103,48,62,2,1
571,24,62,2,0
566,48,62,2,1
450,24,62,2,0
1797,24,62,2,0
498,48,62,2,1
492,24,62,3,0
4959,48,62,2,1
1652,24,62,3,0
4912,24,62,2,0
4829,24,62,7,0
5816,48,62,2,1
248,24,62,2,0
238,48,62,3,1
1402,24,62,7,0
806,48,62,3,1
1322,48,62,2,1
4196,24,62,2,0
4183,24,62,2,0
5630,24,62,2,0
2358,24,62,7,0
4491,24,62,3,0
4453,48,62,7,1
4483,48,62,2,1
1119,48,62,7,1
1115,24,62,2,0
686,24,62,7,0
681,48,62,2,1
1094,24,62,2,0
4362,24,62,3,0
5465,48,62,2,1
1958,48,62,3,1
1966,48,62,2,1
175,12,63,7,1
3869,65,63,7,0
3131,70,63,7,1
1703,12,63,7,1
4958,70,63,7,1
1503,65,63,7,0
4785,12,63,7,0
2374,12,63,7,1
5561,12,63,7,0
628,12,63,7,1
1063,17,63,7,0
2569,70,63,7,1
5318,65,63,7,0
5157,12,63,7,0
3216,24,81,2,0
2225,50,81,2,1
3693,24,81,3,0
3631,24,81,3,0
3884,50,81,2,1
3148,50,81,7,1
1884,50,81,2,1
4651,24,81,3,0
415,50,81,3,1
1767,50,81,2,1
4791,50,81,2,1
4764,50,81,3,1
5840,24,81,3,0
4233,24,81,2,0
1332,24,81,3,0
2778,24,81,2,0
780,50,81,3,1
2725,50,81,3,1
4400,50,81,3,1
5595,50,81,3,1
699,50,81,2,1
4372,24,81,3,0
5259,24,81,3,0
5260,24,81,3,0
1973,50,81,3,1
29,19,60,2,1
78,27,60,2,0
65,27,60,2,0
98,19,60,2,1
96,19,60,2,1
90,27,60,2,0
3285,19,60,2,1
3299,19,60,2,1
2110,19,60,2,1
3243,27,60,2,0
3266,27,60,2,0
2161,27,60,2,0
2162,27,60,2,0
3215,27,60,2,0
2169,27,60,2,0
3229,27,60,2,0
3232,27,60,2,0
2194,19,60,2,1
2197,27,60,2,0
2203,27,60,2,0
2215,19,60,2,1
3378,27,60,2,0
3395,27,60,2,0
2223,27,60,2,0
2229,19,60,2,1
3373,27,60,2,0
3368,27,60,2,0
3337,19,60,2,1
3338,27,60,2,0
3345,19,60,2,1
3351,19,60,2,1
3317,19,60,2,1
3320,19,60,2,1
3325,27,60,2,0
3477,27,60,2,0
3486,27,60,2,0
3492,27,60,2,0
3409,27,60,2,0
3507,19,60,2,1
2006,19,60,2,1
2004,19,60,2,1
2095,27,60,2,0
3532,19,60,2,1
3577,27,60,2,0
2062,27,60,2,0
2057,27,60,2,0
3614,19,60,2,1
3632,19,60,2,1
3659,27,60,2,0
3671,27,60,2,0
3749,27,60,2,0
3748,27,60,2,0
3707,27,60,2,0
185,27,60,2,0
3758,27,60,2,0
3865,27,60,2,0
4982,27,60,2,0
4975,19,60,2,1
3006,27,60,2,0
3007,27,60,2,0
3000,19,60,2,1
3894,27,60,2,0
3021,19,60,2,1
3064,27,60,2,0
3085,27,60,2,0
3928,27,60,2,0
3927,19,60,2,1
3918,27,60,2,0
3935,19,60,2,1
3930,19,60,2,1
3933,27,60,2,0
3970,27,60,2,0
3951,27,60,2,0
3988,19,60,2,1
3974,27,60,2,0
3995,19,60,2,1
3134,27,60,2,0
3113,19,60,2,1
3192,27,60,2,0
3187,19,60,2,1
3188,27,60,2,0
3184,27,60,2,0
3175,19,60,2,1
533,27,60,2,0
2940,27,60,2,0
2949,27,60,2,0
2989,19,60,2,1
1895,27,60,2,0
1868,27,60,2,0
2912,27,60,2,0
1853,27,60,2,0
4703,27,60,2,0
4623,27,60,2,0
4625,19,60,2,1
4660,27,60,2,0
4652,19,60,2,1
4670,27,60,2,0
592,27,60,2,0
1718,19,60,2,1
1715,27,60,2,0
406,27,60,2,0
1709,19,60,2,1
428,27,60,2,0
2828,27,60,2,0
2898,27,60,2,0
2899,27,60,2,0
454,27,60,2,0
2874,19,60,2,1
2877,19,60,2,1
2867,27,60,2,0
1798,27,60,2,0
1795,27,60,2,0
1778,27,60,2,0
1737,19,60,2,1
4517,27,60,2,0
4552,19,60,2,1
4542,27,60,2,0
4541,19,60,2,1
4585,27,60,2,0
494,19,60,2,1
1609,19,60,2,1
4960,19,60,2,1
1637,27,60,2,0
4955,19,60,2,1
1634,19,60,2,1
4908,27,60,2,0
4911,27,60,2,0
1574,27,60,2,0
1580,27,60,2,0
1598,27,60,2,0
393,27,60,2,0
382,19,60,2,1
369,19,60,2,1
215,19,60,2,1
1520,27,60,2,0
1512,27,60,2,0
4812,27,60,2,0
1548,27,60,2,0
1544,27,60,2,0
4787,27,60,2,0
1486,27,60,2,0
1456,19,60,2,1
4782,27,60,2,0
4780,19,60,2,1
4749,27,60,2,0
5844,27,60,2,0
5828,19,60,2,1
5810,19,60,2,1
5818,27,60,2,0
234,19,60,2,1
263,27,60,2,0
255,27,60,2,0
940,19,60,2,1
945,27,60,2,0
1422,27,60,2,0
929,27,60,2,0
1437,27,60,2,0
956,19,60,2,1
953,27,60,2,0
2504,27,60,2,0
2538,19,60,2,1
2533,27,60,2,0
4209,27,60,2,0
2431,27,60,2,0
5747,27,60,2,0
4223,19,60,2,1
2430,27,60,2,0
2454,19,60,2,1
5763,19,60,2,1
5770,27,60,2,0
4247,27,60,2,0
4273,27,60,2,0
5721,27,60,2,0
1389,27,60,2,0
1379,27,60,2,0
1397,27,60,2,0
1399,27,60,2,0
1351,27,60,2,0
1338,19,60,2,1
1315,27,60,2,0
817,19,60,2,1
844,27,60,2,0
839,19,60,2,1
4189,27,60,2,0
2419,27,60,2,0
2333,27,60,2,0
5650,27,60,2,0
2315,19,60,2,1
4100,27,60,2,0
4102,19,60,2,1
2385,27,60,2,0
5603,27,60,2,0
4126,27,60,2,0
1280,27,60,2,0
1264,19,60,2,1
1259,19,60,2,1
1220,27,60,2,0
748,27,60,2,0
1202,27,60,2,0
2750,27,60,2,0
2753,27,60,2,0
795,19,60,2,1
783,27,60,2,0
2706,27,60,2,0
2715,27,60,2,0
752,19,60,2,1
2737,27,60,2,0
2738,27,60,2,0
4460,19,60,2,1
2668,19,60,2,1
5521,27,60,2,0
5512,27,60,2,0
4486,27,60,2,0
1106,27,60,2,0
4411,27,60,2,0
1124,19,60,2,1
4428,27,60,2,0
5569,27,60,2,0
1116,27,60,2,0
5573,19,60,2,1
1144,27,60,2,0
5584,19,60,2,1
5597,27,60,2,0
1142,19,60,2,1
1172,27,60,2,0
1174,27,60,2,0
2645,27,60,2,0
693,19,60,2,1
2634,19,60,2,1
644,27,60,2,0
645,27,60,2,0
637,27,60,2,0
636,27,60,2,0
633,27,60,2,0
651,19,60,2,1
1087,19,60,2,1
1069,27,60,2,0
4360,27,60,2,0
5404,27,60,2,0
4331,27,60,2,0
2553,27,60,2,0
2546,19,60,2,1
2548,27,60,2,0
4311,27,60,2,0
5452,27,60,2,0
4322,27,60,2,0
1035,19,60,2,1
5491,27,60,2,0
1025,27,60,2,0
1023,27,60,2,0
5460,19,60,2,1
1021,19,60,2,1
5470,27,60,2,0
5377,27,60,2,0
5345,19,60,2,1
5332,19,60,2,1
5329,27,60,2,0
5218,19,60,2,1
5214,27,60,2,0
5252,27,60,2,0
5239,27,60,2,0
5126,27,60,2,0
4074,19,60,2,1
4059,27,60,2,0
5167,19,60,2,1
5174,27,60,2,0
5183,19,60,2,1
5005,19,60,2,1
5006,27,60,2,0
5004,27,60,2,0
5038,19,60,2,1
5096,27,60,2,0
5099,19,60,2,1
1999,27,60,2,0
1907,27,60,2,0
1913,27,60,2,0
61,34,99,1,0
2144,34,99,1,0
2152,45,99,3,1
3365,45,99,2,1
3413,45,99,2,1
3429,34,99,14,0
2048,45,99,1,1
124,34,99,3,0
120,45,99,1,1
3816,45,99,2,1
3803,45,99,2,1
3889,34,99,2,0
3953,45,99,3,1
3144,34,99,2,0
3173,34,99,2,0
3167,34,99,1,0
1832,34,99,2,0
2928,34,99,2,0
4710,34,99,2,0
4624,34,99,1,0
423,34,99,1,0
1771,34,99,2,0
2804,45,99,3,1
1734,34,99,1,0
4514,45,99,2,1
1695,34,99,1,0
476,34,99,2,0
336,45,99,2,1
4939,34,99,3,0
4876,34,99,3,0
4883,45,99,3,1
1554,34,99,1,0
236,34,99,2,0
946,34,99,2,0
918,34,99,2,0
2445,45,99,1,1
1378,45,99,1,1
1345,45,99,3,1
1370,45,99,2,1
1304,34,99,3,0
858,45,99,2,1
2321,45,99,1,1
4121,45,99,2,1
2330,45,99,2,1
5617,45,99,2,1
5606,45,99,1,1
5609,34,99,2,0
1282,45,99,1,1
723,34,99,2,0
713,45,99,1,1
756,45,99,2,1
1192,45,99,2,1
4490,34,99,3,0
2682,34,99,2,0
4408,45,99,1,1
5562,45,99,3,1
4432,45,99,1,1
1117,45,99,1,1
5590,34,99,1,0
2651,45,99,2,1
630,34,99,3,0
4394,45,99,2,1
2570,45,99,1,1
1036,34,99,1,0
5473,34,99,1,0
5339,34,99,2,0
5130,45,99,1,1
5108,34,99,1,0
5102,45,99,1,1
4076,45,99,3,1
1944,34,99,1,0
2276,11,97,2,1
3090,11,97,2,1
3986,11,97,2,1
3143,69,97,2,0
2853,11,97,2,1
444,11,97,2,1
4523,69,97,2,0
1643,69,97,2,0
4868,11,97,2,1
230,69,97,2,0
1339,69,97,2,0
5798,69,97,2,0
1320,11,97,2,1
905,69,97,2,0
2614,11,97,2,1
5440,69,97,2,0
2138,24,48,7,0
2187,24,48,2,0
2245,24,48,7,0
3388,24,48,2,0
2222,51,48,3,1
3406,51,48,7,1
3454,51,48,2,1
3554,24,48,2,0
3697,24,48,7,0
3711,24,48,2,0
119,51,48,7,1
193,24,48,2,0
3786,24,48,7,0
3815,24,48,2,0
3077,24,48,2,0
3912,24,48,2,0
3905,51,48,3,1
3106,24,48,7,0
1823,24,48,5,0
1827,24,48,7,0
544,51,48,2,1
2941,24,48,2,0
4702,51,48,2,1
2831,24,48,2,0
469,24,48,2,0
2807,51,48,7,1
1757,51,48,2,1
1626,24,48,2,0
1658,24,48,2,0
1692,24,48,7,0
4907,51,48,2,1
4888,51,48,2,1
4859,24,48,2,0
1564,24,48,2,0
1487,24,48,2,0
915,24,48,2,0
909,51,48,3,1
976,24,48,3,0
991,24,48,2,0
2536,51,48,2,1
5738,24,48,2,0
5748,24,48,2,0
4234,24,48,2,0
2463,24,48,2,0
5768,24,48,7,0
2479,24,48,2,0
4279,51,48,2,1
1352,24,48,2,0
886,51,48,2,1
4197,51,48,3,1
4191,24,48,2,0
4172,51,48,2,1
5605,51,48,2,1
1277,24,48,5,0
774,51,48,7,1
2734,24,48,2,0
4405,24,48,2,0
4402,51,48,2,1
4426,24,48,3,0
2641,24,48,7,0
1088,24,48,2,0
4353,24,48,2,0
5326,24,48,5,0
5237,24,48,7,0
5131,51,48,2,1
5112,24,48,3,0
4055,51,48,2,1
1972,24,48,2,0
3204,46,95,1,1
3372,46,95,1,1
122,63,95,4,0
3046,63,95,1,0
4630,46,95,4,1
2827,63,95,1,0
2890,63,95,1,0
349,46,95,1,1
4168,46,95,1,1
646,46,95,10,1
5461,63,95,4,0
5194,63,95,1,0
42,13,45,2,1
3238,13,45,2,1
2148,24,45,3,0
3201,24,45,3,0
2168,13,45,3,1
3303,24,45,7,0
3481,24,45,2,0
2046,24,45,2,0
3744,13,45,2,1
199,24,45,2,0
3119,13,45,7,1
2987,24,45,2,0
1701,13,45,2,1
1744,24,45,2,0
2783,13,45,2,1
1610,24,45,7,0
1657,13,45,7,1
4910,13,45,3,1
4873,13,45,2,1
353,24,45,2,0
1515,24,45,2,0
1530,13,45,7,1
1536,24,45,2,0
1492,24,45,7,0
5839,24,45,7,0
232,13,45,2,1
4226,13,45,2,1
4244,13,45,2,1
2485,24,45,3,0
5713,24,45,2,0
2490,13,45,2,1
856,13,45,3,1
2308,13,45,2,1
2301,24,45,2,0
4157,13,45,2,1
1291,24,45,7,0
2598,13,45,2,1
5431,13,45,7,1
5354,24,45,2,0
5154,13,45,7,1
56,24,93,2,0
2102,24,93,2,0
3239,24,93,7,0
3223,24,93,2,0
2249,24,93,2,0
2257,24,93,7,0
2240,24,93,2,0
3493,54,93,2,1
3503,24,93,2,0
2009,54,93,2,1
2047,24,93,2,0
2033,24,93,2,0
2029,24,93,7,0
3573,54,93,2,1
3725,54,93,2,1
184,54,93,2,1
127,54,93,2,1
3763,54,93,2,1
3769,24,93,2,0
104,54,93,7,1
4961,54,93,2,1
3069,24,93,2,0
3973,24,93,2,0
3191,24,93,5,0
2955,54,93,2,1
2976,54,93,2,1
2973,54,93,2,1
1846,54,93,7,1
570,24,93,2,0
2991,24,93,5,0
2905,24,93,2,0
4681,24,93,2,0
2857,54,93,3,1
2825,24,93,5,0
446,54,93,7,1
1787,54,93,2,1
1758,54,93,2,1
1738,24,93,2,0
4516,24,93,3,0
474,24,93,2,0
4568,24,93,3,0
1629,54,93,7,1
4933,24,93,2,0
1655,54,93,2,1
4856,54,93,2,1
4844,54,93,3,1
373,54,93,2,1
205,24,93,2,0
216,54,93,2,1
1570,24,93,2,0
1473,24,93,2,0
4742,54,93,5,1
4725,24,93,7,0
277,54,93,7,1
5867,54,93,3,1
1445,54,93,2,1
972,54,93,2,1
4256,54,93,3,1
2481,24,93,2,0
5709,54,93,2,1
5705,54,93,2,1
1341,54,93,5,1
4176,54,93,2,1
2382,54,93,5,1
1290,24,93,2,0
1278,54,93,2,1
1234,24,93,5,0
735,24,93,2,0
711,24,93,2,0
701,54,93,3,1
4474,54,93,2,1
4416,54,93,2,1
668,54,93,2,1
1090,24,93,2,0
4392,24,93,7,0
2599,54,93,2,1
4366,54,93,2,1
4342,24,93,2,0
1002,24,93,2,0
4306,54,93,7,1
5444,54,93,2,1
1000,54,93,2,1
5412,24,93,7,0
5489,54,93,2,1
5496,24,93,2,0
5398,24,93,3,0
5266,24,93,2,0
5296,24,93,3,0
5118,24,93,2,0
5123,54,93,2,1
5113,54,93,5,1
4037,54,93,2,1
4091,24,93,7,0
5168,24,93,7,0
5141,54,93,5,1
5197,24,93,2,0
5062,54,93,2,1
1990,24,93,2,0
3254,24,46,2,0
3247,42,46,3,1
2114,24,46,2,0
2118,24,46,7,0
2133,24,46,3,0
2125,24,46,2,0
3233,42,46,2,1
2277,42,46,3,1
2284,42,46,7,1
3735,42,46,2,1
3774,42,46,7,1
3901,42,46,7,1
3139,42,46,2,1
3164,42,46,2,1
1841,24,46,2,0
2963,24,46,2,0
564,42,46,2,1
1893,24,46,3,0
4666,24,46,2,0
598,42,46,2,1
2802,24,46,2,0
4900,24,46,3,0
1689,42,46,3,1
4840,24,46,7,0
203,24,46,2,0
4834,42,46,2,1
4754,24,46,7,0
1431,24,46,7,0
954,42,46,2,1
2426,42,46,2,1
4270,24,46,2,0
1396,42,46,3,1
5624,42,46,2,1
901,42,46,2,1
2708,42,46,2,1
4420,24,46,2,0
5567,42,46,7,1
1168,24,46,2,0
4367,24,46,3,0
5499,42,46,2,1
5249,42,46,2,1
5044,24,46,2,0
12,24,24,2,0
2209,47,24,2,1
2220,24,24,7,0
3334,24,24,2,0
3312,24,24,2,0
3464,24,24,3,0
3611,47,24,2,1
3030,24,24,2,0
3925,47,24,2,1
3923,24,24,3,0
3960,47,24,2,1
3102,47,24,3,1
3123,24,24,2,0
531,24,24,2,0
1805,47,24,2,1
4705,47,24,7,1
1707,24,24,2,0
440,47,24,2,1
2813,24,24,5,0
4511,47,24,2,1
4532,47,24,3,1
472,24,24,7,0
1614,47,24,5,1
4841,47,24,2,1
200,47,24,2,1
1539,24,24,3,0
1475,24,24,3,0
4735,24,24,2,0
271,47,24,7,1
276,24,24,2,0
298,47,24,5,1
239,24,24,5,0
5870,47,24,2,1
982,47,24,7,1
951,47,24,7,1
2528,24,24,2,0
2521,47,24,2,1
2429,24,24,3,0
5728,47,24,7,1
825,24,24,2,0
826,24,24,3,0
889,47,24,2,1
899,47,24,2,1
4155,24,24,2,0
5608,47,24,2,1
2343,24,24,2,0
1266,47,24,2,1
5690,24,24,7,0
5658,47,24,2,1
746,24,24,2,0
707,24,24,2,0
2743,47,24,2,1
767,47,24,2,1
4404,47,24,3,1
5543,47,24,7,1
2617,24,24,2,0
4383,24,24,2,0
5400,24,24,2,0
1038,47,24,2,1
5221,47,24,3,1
5220,24,24,3,0
5238,24,24,2,0
5289,24,24,2,0
4011,24,24,7,0
4094,24,24,2,0
5159,47,24,3,1
5074,47,24,3,1
1978,24,24,7,0
1904,24,24,2,0
1906,24,24,2,0
1908,24,24,2,0
6,5,3,2,1
35,10,3,1,0
82,10,3,2,0
55,5,3,1,1
50,10,3,1,0
91,10,3,1,0
3279,12,3,3,0
3292,10,3,1,0
2100,10,3,1,0
3245,10,3,2,0
2119,10,3,1,0
2132,43,3,1,1
3272,10,3,1,0
3273,43,3,3,1
2136,12,3,2,1
2147,10,3,2,0
2151,10,3,2,0
3210,10,3,1,0
3228,10,3,2,0
3225,43,3,2,1
2178,10,3,2,0
2180,10,3,4,0
2195,10,3,1,0
2254,10,3,1,0
3380,43,3,3,1
2244,5,3,1,1
3390,10,3,1,0
2261,5,3,3,1
3363,10,3,4,0
2242,10,3,1,0
3367,5,3,2,1
3333,12,3,3,0
2298,10,3,1,0
2292,43,3,2,1
2293,10,3,1,0
3346,12,3,1,1
3354,5,3,1,1
3311,10,3,2,0
3318,5,3,1,1
2271,5,3,1,1
2279,10,3,2,0
2283,43,3,1,1
2286,10,3,2,0
3307,10,3,3,0
3476,53,3,1,1
3497,10,3,3,0
3498,55,3,1,1
3408,5,3,3,1
3420,10,3,1,0
3437,5,3,2,1
3451,10,3,1,0
3443,5,3,1,1
3473,10,3,1,0
2003,10,3,2,0
2092,55,3,1,1
2097,10,3,2,0
3547,10,3,1,0
3546,10,3,3,0
2070,10,3,1,0
3521,10,3,2,0
3524,5,3,2,1
3526,58,3,1,1
3579,5,3,1,1
3563,10,3,1,0
2031,10,3,2,0
2025,5,3,2,1
2042,43,3,1,1
2038,12,3,3,1
2037,43,3,3,1
3615,53,3,1,1
3607,10,3,2,0
3691,10,3,2,0
3640,43,3,1,1
3641,5,3,2,1
3662,10,3,4,0
3714,5,3,2,1
3710,10,3,2,0
3718,5,3,1,1
3741,5,3,2,1
3739,10,3,4,0
3704,10,3,4,0
150,43,3,1,1
179,53,3,1,1
112,43,3,3,1
134,43,3,2,1
140,53,3,1,1
3773,5,3,2,1
3789,43,3,1,1
3751,53,3,2,1
3765,5,3,1,1
3854,12,3,3,1
3822,5,3,1,1
3828,10,3,4,0
3826,10,3,4,0
3812,43,3,2,1
4964,10,3,1,0
4993,53,3,1,1
4998,60,3,2,0
4997,60,3,4,0
3005,5,3,2,1
3873,53,3,1,1
3879,10,3,2,0
3033,10,3,2,0
3052,10,3,4,0
3053,10,3,3,0
3039,10,3,3,0
3041,10,3,1,0
3084,10,3,1,0
3917,5,3,1,1
3937,10,3,1,0
3964,5,3,2,1
3962,55,3,2,1
3985,55,3,2,1
3977,10,3,1,0
3104,53,3,1,1
3996,5,3,1,1
3993,5,3,1,1
3199,10,3,3,0
3196,10,3,1,0
3182,10,3,2,0
3170,5,3,1,1
3159,10,3,2,0
2952,43,3,1,1
1826,10,3,4,0
2978,10,3,1,0
514,10,3,2,0
2960,10,3,1,0
1839,10,3,4,0
1836,10,3,4,0
2984,10,3,4,0
2981,10,3,1,0
589,43,3,1,1
1806,10,3,3,0
1897,10,3,2,0
2914,55,3,2,1
1861,10,3,4,0
2901,10,3,1,0
504,10,3,4,0
509,5,3,2,1
2907,10,3,4,0
1855,10,3,2,0
2934,10,3,4,0
2925,5,3,2,1
4602,43,3,2,1
4600,10,3,4,0
4654,10,3,4,0
4678,10,3,4,0
4675,12,3,3,0
595,55,3,1,1
1725,55,3,2,1
2854,5,3,3,1
1721,10,3,2,0
2852,10,3,2,0
1710,53,3,1,1
1702,10,3,1,0
2826,10,3,4,0
429,5,3,3,1
431,10,3,2,0
2880,43,3,1,1
1796,10,3,4,0
1760,10,3,2,0
1756,53,3,2,1
1759,10,3,1,0
1748,10,3,2,0
1739,10,3,1,0
4513,43,3,2,1
4506,10,3,2,0
4505,10,3,1,0
4563,43,3,1,1
4551,10,3,2,0
4527,12,3,3,0
4599,60,3,2,0
4587,10,3,1,0
2785,10,3,1,0
4580,10,3,3,0
4582,10,3,1,0
342,5,3,1,1
325,12,3,2,1
307,10,3,4,0
1602,10,3,1,0
1606,5,3,3,1
1603,10,3,1,0
1625,10,3,3,0
1635,10,3,4,0
1633,43,3,3,1
4951,10,3,4,0
1660,10,3,4,0
1691,10,3,2,0
4905,55,3,1,1
4904,10,3,1,0
1682,10,3,2,0
1679,5,3,1,1
1674,10,3,2,0
1672,10,3,2,0
1588,12,3,3,1
4886,43,3,2,1
1590,10,3,1,0
1596,5,3,1,1
1597,10,3,4,0
4858,10,3,1,0
4860,10,3,2,0
4882,12,3,1,1
4865,10,3,3,0
384,10,3,1,0
380,10,3,2,0
368,43,3,1,1
355,10,3,1,0
204,43,3,2,1
4824,10,3,4,0
1505,10,3,4,0
1506,10,3,2,0
1566,10,3,2,0
1562,10,3,1,0
1561,12,3,2,0
1541,55,3,1,1
1542,43,3,1,1
1546,12,3,3,0
4794,10,3,2,0
4778,10,3,2,0
4779,10,3,2,0
4776,10,3,2,0
4777,5,3,3,1
1452,43,3,3,1
4784,10,3,3,0
1460,12,3,2,1
1469,5,3,3,1
4756,55,3,2,1
4760,5,3,3,1
4741,10,3,4,0
4743,5,3,1,1
4747,5,3,3,1
294,55,3,1,1
245,12,3,2,0
249,10,3,1,0
233,53,3,2,1
5869,5,3,2,1
251,5,3,1,1
5857,10,3,2,0
5854,10,3,1,0
942,10,3,3,0
1413,12,3,3,1
937,10,3,3,0
924,43,3,2,1
921,5,3,3,1
1446,5,3,1,1
914,5,3,2,1
908,10,3,4,0
974,60,3,4,0
958,5,3,1,1
4290,10,3,1,0
4294,5,3,1,1
5809,10,3,4,0
997,10,3,4,0
2510,5,3,1,1
2525,10,3,2,0
5740,5,3,2,1
2420,10,3,4,0
4215,12,3,3,0
5751,10,3,3,0
4220,10,3,2,0
2449,10,3,2,0
2452,10,3,4,0
2469,10,3,2,0
4264,10,3,2,0
4267,12,3,1,1
2494,55,3,2,1
4288,10,3,3,0
4289,10,3,2,0
1393,58,3,3,1
5793,10,3,4,0
1368,10,3,4,0
1318,10,3,1,0
1308,10,3,3,0
1303,53,3,2,1
849,10,3,1,0
847,12,3,3,1
851,10,3,1,0
884,10,3,1,0
4190,10,3,2,0
4193,10,3,1,0
874,53,3,2,1
871,5,3,2,1
4185,12,3,1,0
4182,10,3,4,0
4180,10,3,4,0
4175,10,3,3,0
2416,10,3,1,0
5635,10,3,2,0
5638,10,3,2,0
5642,10,3,2,0
4110,55,3,2,1
5646,10,3,1,0
4116,55,3,1,1
5619,5,3,3,1
5623,5,3,2,1
2378,5,3,1,1
2380,5,3,2,1
2386,12,3,1,1
2384,10,3,3,0
5601,10,3,2,0
2371,43,3,1,1
2372,10,3,4,0
2373,43,3,2,1
4128,5,3,1,1
2352,10,3,2,0
1296,12,3,3,1
1297,10,3,4,0
1287,10,3,1,0
2392,10,3,1,0
2391,10,3,2,0
5682,10,3,4,0
1253,5,3,2,1
5676,43,3,2,1
1242,10,3,2,0
5661,43,3,1,1
5671,43,3,2,1
5670,10,3,4,0
5668,5,3,1,1
747,10,3,4,0
745,10,3,3,0
744,10,3,1,0
708,10,3,1,0
2749,10,3,2,0
2760,10,3,1,0
2766,5,3,2,1
2762,5,3,1,1
2777,43,3,3,1
2700,10,3,1,0
770,5,3,1,1
771,5,3,1,1
776,10,3,3,0
2733,77,3,1,1
2736,10,3,4,0
4499,53,3,1,1
1177,10,3,2,0
2676,55,3,1,1
4465,10,3,1,0
5500,10,3,4,0
4470,5,3,1,1
4480,10,3,9,0
4482,10,3,1,0
2684,5,3,1,1
5533,10,3,4,0
1100,10,3,2,0
5544,10,3,4,0
5551,55,3,2,1
4441,60,3,1,0
5587,60,3,1,0
1137,10,3,2,0
1141,5,3,2,1
5591,5,3,1,1
1173,10,3,3,0
619,43,3,3,1
670,10,3,1,0
2620,10,3,1,0
2623,5,3,1,1
2630,10,3,4,0
2635,10,3,2,0
643,53,3,1,1
2611,10,3,4,0
662,10,3,1,0
652,5,3,1,1
656,5,3,2,1
654,10,3,4,0
4399,10,3,1,0
1085,43,3,2,1
1061,5,3,3,1
4379,5,3,3,1
2580,10,3,1,0
4354,43,3,1,1
4347,10,3,4,0
2578,10,3,4,0
2543,10,3,1,0
4305,10,3,3,0
5439,43,3,3,1
5418,10,3,3,0
5430,10,3,1,0
1049,5,3,1,1
1055,12,3,1,0
1034,53,3,2,1
5456,5,3,2,1
5467,10,3,1,0
5361,10,3,1,0
5356,5,3,3,1
5348,5,3,1,1
5341,5,3,2,1
5312,55,3,1,1
5399,10,3,1,0
5216,10,3,4,0
5251,5,3,2,1
5256,55,3,1,1
5248,10,3,3,0
5209,5,3,2,1
5274,10,3,4,0
5293,10,3,4,0
5299,77,3,1,1
5133,55,3,1,1
5121,10,3,4,0
5104,5,3,2,1
4041,43,3,2,1
4022,10,3,1,0
4092,10,3,1,0
4077,10,3,4,0
4048,5,3,1,1
5162,5,3,2,1
5176,10,3,1,0
5171,55,3,2,1
5150,10,3,4,0
5184,55,3,1,1
5192,58,3,3,1
5196,5,3,2,1
5026,12,3,1,0
5037,5,3,3,1
5039,10,3,1,0
5057,55,3,1,1
5089,10,3,4,0
5087,10,3,2,0
1996,10,3,4,0
1997,10,3,2,0
1900,10,3,1,0
1910,10,3,4,0
1927,55,3,2,1
1938,10,3,2,0
1946,43,3,2,1
34,11,2,1,1
23,15,2,2,1
24,16,2,2,1
25,15,2,4,1
11,15,2,1,1
10,25,2,4,0
85,15,2,1,1
62,33,2,4,0
45,16,2,1,1
47,16,2,3,1
3284,12,2,3,1
3298,16,2,1,1
3244,11,2,4,1
2104,33,2,2,0
2106,11,2,1,1
2112,15,2,4,1
3265,33,2,4,0
3256,11,2,1,1
2126,25,2,4,0
3259,11,2,1,1
3275,25,2,2,0
3269,25,2,4,0
2157,33,2,3,0
2163,15,2,4,1
2174,25,2,2,0
3221,16,2,4,1
2170,33,2,4,0
3224,15,2,1,1
2192,25,2,4,0
2217,11,2,4,1
3379,25,2,3,0
3394,33,2,1,0
3389,25,2,2,0
3369,33,2,3,0
2234,25,2,3,0
2238,33,2,4,0
2289,25,2,1,0
2297,12,2,3,0
3344,15,2,3,1
3319,15,2,4,1
2266,15,2,2,1
3316,12,2,3,1
2272,33,2,1,0
3327,33,2,1,0
3306,12,2,4,0
3480,11,2,4,1
3484,25,2,2,0
3490,15,2,1,1
3403,25,2,1,0
3412,15,2,3,1
3427,25,2,3,0
3456,15,2,4,1
3455,12,2,2,1
2007,33,2,3,0
2016,15,2,4,1
2090,15,2,2,1
3550,15,2,4,1
3549,11,2,4,1
2077,11,2,1,1
3513,12,2,3,0
3517,16,2,2,1
2087,33,2,3,0
2086,25,2,2,0
2079,33,2,3,0
3584,25,2,3,0
2056,33,2,1,0
3592,25,2,4,0
2058,15,2,2,1
2034,33,2,2,0
2036,11,2,2,1
3605,25,2,1,0
3604,12,2,3,0
3694,25,2,3,0
3685,11,2,1,1
3688,25,2,1,0
3699,16,2,1,1
3633,25,2,1,0
3663,33,2,1,0
3665,11,2,1,1
3720,33,2,4,0
3713,11,2,1,1
3736,15,2,1,1
3708,15,2,3,1
156,16,2,2,1
165,15,2,3,1
188,11,2,4,1
189,25,2,3,0
181,33,2,3,0
182,25,2,2,0
115,33,2,4,0
111,11,2,2,1
128,11,2,4,1
3797,25,2,4,0
195,25,2,1,0
3777,25,2,1,0
3754,12,2,1,0
3755,11,2,2,1
3861,15,2,2,1
3867,12,2,3,1
3851,25,2,4,0
3835,11,2,1,1
3834,33,2,4,0
3819,11,2,1,1
3801,33,2,2,0
3802,15,2,1,1
3809,25,2,1,0
3805,15,2,2,1
4971,33,2,2,0
4981,25,2,4,0
4992,16,2,4,1
4989,15,2,3,1
4995,25,2,1,0
3872,33,2,4,0
3876,16,2,4,1
3883,33,2,4,0
3886,33,2,1,0
3893,11,2,4,1
3025,25,2,1,0
3034,15,2,2,1
3017,33,2,4,0
3020,16,2,1,1
3038,33,2,4,0
3078,25,2,2,0
3068,11,2,4,1
3081,16,2,4,1
3080,25,2,2,0
3926,33,2,4,0
3938,25,2,1,0
3954,33,2,3,0
3958,11,2,1,1
3987,15,2,4,1
3975,15,2,1,1
3902,12,2,3,1
3112,33,2,4,0
3156,11,2,2,1
3152,33,2,2,0
3138,25,2,4,0
3116,25,2,1,0
3177,11,2,1,1
530,11,2,1,1
535,12,2,1,1
1825,33,2,4,0
1824,15,2,2,1
1816,15,2,4,1
1818,25,2,2,0
2980,15,2,4,1
2975,15,2,1,1
1842,15,2,3,1
2971,11,2,1,1
517,11,2,1,1
526,12,2,3,0
525,33,2,1,0
528,33,2,1,0
572,33,2,1,0
583,25,2,2,0
585,25,2,2,0
1808,25,2,2,0
558,25,2,4,0
555,15,2,2,1
1896,12,2,1,0
1867,25,2,2,0
1866,25,2,1,0
1865,33,2,4,0
1858,25,2,4,0
1856,12,2,3,1
508,25,2,1,0
2939,15,2,1,1
2937,25,2,4,0
2932,33,2,1,0
2924,33,2,4,0
4719,15,2,1,1
1877,15,2,1,1
4650,33,2,1,0
4643,25,2,2,0
4684,12,2,4,0
4683,33,2,1,0
4667,25,2,1,0
4668,25,2,1,0
594,73,2,1,0
596,25,2,4,0
1728,15,2,1,1
1726,33,2,2,0
1720,25,2,1,0
2841,33,2,2,0
2836,11,2,1,1
2834,12,2,2,1
422,25,2,1,0
2893,15,2,3,1
2892,25,2,4,0
2891,25,2,4,0
2888,15,2,4,1
2886,25,2,3,0
2884,25,2,1,0
449,33,2,1,0
458,25,2,2,0
456,25,2,2,0
2862,11,2,2,1
2865,16,2,4,1
1784,15,2,2,1
1785,33,2,1,0
1788,33,2,4,0
1765,15,2,4,1
2810,33,2,1,0
1763,15,2,4,1
2805,12,2,3,1
1745,33,2,1,0
4515,12,2,1,0
4501,11,2,1,1
4557,25,2,1,0
4559,25,2,4,0
4543,15,2,2,1
4592,15,2,3,1
4593,12,2,4,1
4590,25,2,1,0
4591,15,2,1,1
4577,33,2,2,0
2791,33,2,3,0
4586,25,2,1,0
2797,25,2,2,0
4566,25,2,1,0
4565,25,2,2,0
324,11,2,1,1
1607,15,2,3,1
1605,25,2,2,0
4926,15,2,2,1
4935,25,2,1,0
1648,11,2,2,1
1644,15,2,2,1
1641,25,2,2,0
1666,11,2,1,1
1668,15,2,4,1
1653,12,2,3,1
1650,11,2,2,1
1654,11,2,2,1
4895,33,2,1,0
4874,11,2,4,1
395,25,2,1,0
357,11,2,2,1
206,33,2,4,0
211,12,2,1,0
214,15,2,1,1
4801,16,2,2,1
1567,16,2,3,1
1559,25,2,3,0
1540,25,2,1,0
1535,25,2,4,0
4799,33,2,2,0
1477,33,2,2,0
1479,15,2,1,1
1478,15,2,1,1
1491,25,2,1,0
4793,25,2,1,0
1494,15,2,1,1
4795,15,2,2,1
4761,33,2,1,0
4762,25,2,1,0
4724,33,2,2,0
4720,33,2,1,0
284,33,2,4,0
287,16,2,1,1
273,11,2,4,1
5830,11,2,1,1
5836,25,2,2,0
5824,33,2,4,0
5821,25,2,3,0
5820,33,2,1,0
5819,15,2,1,1
269,15,2,4,1
5868,25,2,4,0
5866,25,2,1,0
5856,16,2,4,1
259,11,2,1,1
5852,33,2,4,0
1416,33,2,1,0
936,33,2,2,0
925,16,2,4,1
923,15,2,2,1
1447,15,2,2,1
1443,25,2,5,0
983,15,2,4,1
963,12,2,2,1
993,15,2,2,1
999,25,2,3,0
2506,25,2,3,0
2518,25,2,4,0
2520,12,2,2,0
2535,25,2,4,0
4208,15,2,3,1
5731,15,2,1,1
4212,25,2,4,0
4210,11,2,2,1
4218,15,2,1,1
5746,15,2,4,1
2427,33,2,3,0
5745,25,2,2,0
5750,25,2,2,0
5758,25,2,2,0
4231,15,2,2,1
2444,25,2,4,0
2450,33,2,4,0
4242,33,2,4,0
2483,33,2,2,0
2464,12,2,3,1
5719,15,2,2,1
4269,11,2,1,1
2498,25,2,2,0
5715,25,2,2,0
4275,11,2,2,1
2489,25,2,4,0
2488,25,2,1,0
2496,16,2,1,1
1395,15,2,4,1
1381,15,2,1,1
1398,12,2,3,0
5795,15,2,4,1
1340,15,2,2,1
5792,15,2,3,1
1331,12,2,2,0
1372,11,2,4,1
1369,11,2,2,1
1317,15,2,1,1
1310,15,2,4,1
827,16,2,4,1
820,11,2,4,1
819,11,2,1,1
1309,15,2,1,1
1301,15,2,3,1
843,12,2,2,0
842,11,2,4,1
841,15,2,4,1
840,15,2,2,1
865,33,2,1,0
859,12,2,4,0
4199,15,2,4,1
879,16,2,1,1
4188,15,2,3,1
2405,11,2,1,1
2402,11,2,1,1
5632,25,2,3,0
5634,16,2,1,1
5644,33,2,1,0
5651,25,2,4,0
5616,33,2,2,0
2313,15,2,4,1
2309,33,2,3,0
5628,33,2,4,0
5621,11,2,4,1
4159,15,2,1,1
4130,11,2,1,1
4143,12,2,4,1
4145,11,2,1,1
1293,25,2,1,0
1294,11,2,4,1
1295,15,2,3,1
1288,33,2,3,0
1281,25,2,4,0
1270,33,2,2,0
1269,33,2,4,0
2395,33,2,4,0
5686,33,2,2,0
5664,15,2,4,1
1226,25,2,4,0
1222,33,2,4,0
5675,25,2,1,0
719,11,2,2,1
718,12,2,1,0
706,33,2,2,0
1204,33,2,2,0
1208,15,2,2,1
2751,11,2,1,1
2776,11,2,4,1
797,33,2,1,0
2772,12,2,3,0
2702,15,2,2,1
2721,16,2,1,1
2732,15,2,1,1
755,33,2,2,0
2735,33,2,1,0
1185,15,2,4,1
1199,33,2,2,0
4449,12,2,2,1
4446,15,2,2,1
4444,15,2,2,1
2674,33,2,2,0
4462,16,2,1,1
4476,33,2,1,0
5520,33,2,1,0
5514,25,2,2,0
2695,33,2,1,0
4467,25,2,3,0
2699,11,2,1,1
2692,25,2,4,0
2691,33,2,2,0
5530,25,2,1,0
4479,15,2,4,1
2689,11,2,4,1
1107,12,2,2,1
5538,25,2,1,0
1102,33,2,3,0
1110,16,2,4,1
4417,33,2,1,0
5565,11,2,2,1
5563,33,2,1,0
1114,11,2,1,1
4438,15,2,2,1
5572,33,2,1,0
5575,33,2,1,0
5577,33,2,1,0
1170,25,2,2,0
1176,12,2,3,1
1157,15,2,3,1
1160,33,2,1,0
623,25,2,4,0
618,12,2,2,1
617,33,2,4,0
2643,33,2,1,0
682,15,2,4,1
2658,11,2,2,1
676,25,2,4,0
675,33,2,2,0
698,33,2,4,0
690,33,2,4,0
648,15,2,2,1
642,84,2,1,0
2603,16,2,1,1
638,11,2,4,1
658,15,2,1,1
655,15,2,4,1
1078,33,2,2,0
4374,33,2,1,0
1067,25,2,1,0
4380,15,2,1,1
4381,15,2,3,1
2590,16,2,2,1
2576,25,2,3,0
4348,25,2,2,0
2579,12,2,3,0
5411,11,2,4,1
4365,33,2,1,0
4357,16,2,2,1
5402,25,2,2,0
4358,15,2,4,1
2557,11,2,2,1
4341,11,2,2,1
2549,15,2,1,1
2547,15,2,1,1
2542,33,2,1,0
4336,15,2,3,1
5436,12,2,1,0
5437,11,2,2,1
4314,15,2,3,1
5422,15,2,1,1
5421,33,2,4,0
5425,33,2,1,0
5426,33,2,3,0
5487,25,2,1,0
5480,33,2,2,0
5494,15,2,4,1
1042,15,2,3,1
1032,25,2,4,0
1019,33,2,1,0
1012,33,2,4,0
5471,11,2,4,1
5472,11,2,4,1
5360,33,2,1,0
5367,33,2,2,0
5355,25,2,4,0
5313,12,2,3,1
5303,11,2,4,1
5397,16,2,1,1
5234,25,2,1,0
5215,12,2,2,1
5236,16,2,3,1
5213,25,2,4,0
5205,15,2,1,1
5264,15,2,1,1
5282,33,2,2,0
5286,11,2,2,1
5294,25,2,1,0
5127,11,2,4,1
4030,33,2,4,0
4032,25,2,1,0
4036,33,2,2,0
4026,33,2,1,0
4008,33,2,4,0
4065,11,2,1,1
4067,15,2,2,1
5165,25,2,1,0
5160,15,2,4,1
5177,11,2,2,1
5170,15,2,3,1
5158,33,2,2,0
5180,15,2,1,1
5189,33,2,2,0
5193,12,2,3,1
5195,11,2,2,1
5009,15,2,1,1
5014,11,2,1,1
5023,33,2,1,0
5017,25,2,3,0
5027,33,2,1,0
5040,15,2,2,1
5046,15,2,4,1
5054,15,2,1,1
5063,33,2,1,0
5067,15,2,2,1
5079,11,2,4,1
5082,25,2,4,0
1976,15,2,2,1
1979,33,2,4,0
1995,33,2,3,0
1998,33,2,2,0
1991,16,2,3,1
1903,16,2,1,1
1909,15,2,3,1
1917,15,2,4,1
1912,15,2,3,1
1920,33,2,2,0
1955,11,2,4,1
1964,15,2,2,1
41,14,10,1,1
26,17,10,1,0
18,17,10,4,0
16,17,10,4,0
79,26,10,2,1
53,14,10,4,1
94,17,10,4,0
89,14,10,4,1
3290,26,10,2,1
2101,17,10,4,0
2107,17,10,2,0
3252,14,10,1,1
3249,26,10,2,1
2134,14,10,1,1
3267,17,10,4,0
2153,14,10,4,1
2172,14,10,1,1
2173,14,10,1,1
2210,17,10,4,0
2211,17,10,1,0
3383,12,10,3,1
2255,17,10,2,0
2258,17,10,1,0
2232,17,10,1,0
2231,14,10,4,1
2230,17,10,5,0
3370,14,10,4,1
2233,17,10,2,0
3335,17,10,1,0
3343,14,10,4,1
2273,14,10,1,1
2274,17,10,1,0
3328,12,10,5,1
3305,17,10,4,0
3494,17,10,1,0
3495,12,10,5,1
3401,26,10,2,1
3448,14,10,1,1
3458,17,10,3,0
3500,17,10,1,0
3501,17,10,4,0
2000,26,10,2,1
3514,17,10,1,0
3580,14,10,4,1
2064,17,10,2,0
2065,17,10,5,0
3590,17,10,1,0
2063,26,10,2,1
2060,17,10,3,0
2040,14,10,1,1
3574,17,10,4,0
3629,17,10,3,0
3623,17,10,3,0
3608,17,10,4,0
3606,17,10,4,0
3684,14,10,4,1
3682,17,10,4,0
3636,14,10,1,1
3650,17,10,4,0
3654,14,10,1,1
3652,17,10,1,0
3724,14,10,1,1
3702,14,10,4,1
152,17,10,1,0
166,26,10,2,1
160,14,10,1,1
170,17,10,2,0
180,17,10,2,0
148,12,10,3,1
142,14,10,4,1
3759,14,10,1,1
3866,12,10,3,1
3853,17,10,3,0
3833,14,10,4,1
100,26,10,2,1
4970,14,10,1,1
4963,17,10,4,0
4968,14,10,4,1
4986,14,10,1,1
4984,17,10,1,0
4996,17,10,4,0
3013,26,10,2,1
3051,17,10,1,0
3074,17,10,2,0
3066,26,10,2,1
3098,14,10,4,1
3094,17,10,1,0
3914,17,10,1,0
3966,14,10,1,1
3956,17,10,4,0
3950,17,10,1,0
3145,17,10,1,0
3140,12,10,5,1
3129,17,10,3,0
3117,17,10,1,0
3193,17,10,2,0
3186,17,10,1,0
3166,14,10,4,1
1822,17,10,1,0
2948,17,10,4,0
2946,14,10,1,1
2945,17,10,1,0
510,14,10,4,1
2979,17,10,2,0
2968,14,10,4,1
575,17,10,1,0
561,14,10,1,1
562,14,10,1,1
2936,17,10,2,0
1881,14,10,1,1
1891,14,10,4,1
2927,17,10,4,0
4713,17,10,2,0
2920,17,10,1,0
1874,17,10,5,0
1872,26,10,2,1
4647,12,10,3,1
4642,17,10,1,0
593,17,10,5,0
2843,17,10,1,0
2832,14,10,4,1
411,14,10,4,1
2829,17,10,4,0
425,17,10,2,0
2894,17,10,1,0
442,14,10,4,1
2881,26,10,2,1
2866,26,10,2,1
1764,14,10,1,1
1742,17,10,1,0
1746,14,10,4,1
4556,17,10,1,0
4554,26,10,2,1
4547,17,10,1,0
1699,17,10,3,0
4536,17,10,4,0
4531,14,10,4,1
4530,17,10,1,0
478,26,10,2,1
477,14,10,1,1
471,14,10,1,1
4581,17,10,4,0
493,12,10,3,1
314,17,10,2,0
315,17,10,2,0
321,17,10,1,0
308,14,10,1,1
1621,17,10,5,0
4921,17,10,4,0
4936,17,10,2,0
1618,17,10,4,0
1612,14,10,1,1
4945,14,10,1,1
1640,17,10,2,0
1642,17,10,3,0
4950,12,10,3,1
4953,17,10,1,0
1667,17,10,1,0
1669,14,10,1,1
1687,17,10,4,0
1684,14,10,1,1
1677,12,10,5,1
4918,17,10,1,0
4898,12,10,3,1
4887,14,10,1,1
1593,26,10,2,1
399,17,10,1,0
354,14,10,1,1
202,14,10,1,1
207,17,10,4,0
221,14,10,4,1
226,14,10,1,1
4823,14,10,1,1
1519,14,10,1,1
1517,26,10,2,1
4807,12,10,5,1
4814,12,10,5,1
4818,12,10,3,1
1563,17,10,5,0
1556,17,10,1,0
1550,14,10,1,1
1484,14,10,1,1
1454,12,10,5,1
4763,17,10,1,0
1472,14,10,1,1
1498,26,10,2,1
5851,14,10,4,1
5848,14,10,4,1
5835,14,10,4,1
268,17,10,3,0
265,14,10,1,1
5853,26,10,2,1
256,26,10,2,1
1444,17,10,1,0
912,17,10,3,0
986,17,10,3,0
1406,17,10,4,0
950,12,10,5,1
4297,14,10,1,1
995,17,10,1,0
2503,17,10,1,0
2516,14,10,4,1
2523,26,10,2,1
5741,17,10,1,0
4217,17,10,2,0
2425,14,10,1,1
4214,17,10,2,0
5742,17,10,4,0
4224,17,10,4,0
5769,17,10,5,0
5774,17,10,4,0
2482,17,10,1,0
4251,14,10,1,1
5702,14,10,4,1
4266,14,10,1,1
2497,14,10,1,1
4272,17,10,4,0
5729,14,10,1,1
5720,12,10,3,1
4286,14,10,4,1
2495,14,10,1,1
1394,14,10,4,1
1382,14,10,4,1
1376,17,10,5,0
5776,14,10,4,1
5794,14,10,4,1
1358,14,10,1,1
1328,26,10,2,1
1324,14,10,4,1
1302,17,10,5,0
809,17,10,2,0
887,14,10,4,1
873,14,10,1,1
872,17,10,4,0
4171,26,10,2,1
2411,14,10,4,1
4105,14,10,1,1
5637,12,10,5,1
5640,17,10,2,0
2329,14,10,1,1
2322,14,10,1,1
2326,26,10,2,1
2319,14,10,4,1
2310,14,10,1,1
4152,17,10,1,0
4163,17,10,1,0
4133,17,10,3,0
2346,17,10,1,0
2350,14,10,4,1
1283,26,10,2,1
5691,17,10,1,0
1233,26,10,2,1
1235,17,10,3,0
5657,17,10,4,0
729,12,10,3,1
725,17,10,4,0
722,17,10,4,0
716,26,10,2,1
702,12,10,3,1
705,17,10,2,0
2744,17,10,1,0
794,17,10,1,0
790,17,10,5,0
2710,17,10,1,0
2716,17,10,4,0
2717,17,10,1,0
760,14,10,1,1
4495,14,10,4,1
1181,17,10,1,0
2680,26,10,2,1
2677,26,10,2,1
2673,14,10,1,1
4463,14,10,1,1
2670,17,10,2,0
2697,26,10,2,1
5513,14,10,4,1
5519,17,10,2,0
4484,12,10,3,1
5539,12,10,5,1
5559,17,10,4,0
1118,17,10,1,0
4442,14,10,4,1
5576,17,10,4,0
5578,17,10,2,0
5592,14,10,1,1
1169,17,10,2,0
1167,14,10,1,1
606,12,10,5,1
603,17,10,1,0
673,17,10,1,0
2628,14,10,1,1
692,17,10,1,0
2608,17,10,4,0
2616,14,10,1,1
2610,17,10,4,0
660,12,10,3,1
4395,17,10,2,0
1097,12,10,3,1
1086,17,10,1,0
4377,14,10,4,1
2592,12,10,3,1
1062,17,10,4,0
1058,14,10,1,1
1056,17,10,4,0
2584,14,10,4,1
4361,17,10,5,0
5410,14,10,4,1
4359,17,10,1,0
1001,17,10,1,0
4307,17,10,3,0
5451,17,10,5,0
1050,12,10,5,1
1041,17,10,3,0
5363,17,10,5,0
5347,17,10,2,0
5330,17,10,4,0
5324,17,10,1,0
5323,26,10,2,1
5315,12,10,5,1
5302,14,10,1,1
5301,12,10,5,1
5396,14,10,1,1
5250,17,10,1,0
5242,17,10,1,0
5243,17,10,1,0
5210,17,10,5,0
5208,17,10,2,0
5207,17,10,4,0
5258,14,10,1,1
5265,14,10,1,1
5291,14,10,4,1
5135,14,10,1,1
5100,17,10,1,0
4043,26,10,2,1
4025,17,10,1,0
4010,14,10,4,1
4006,14,10,1,1
4003,17,10,4,0
4049,17,10,4,0
4051,12,10,5,1
5164,17,10,2,0
5139,14,10,1,1
5148,17,10,1,0
5181,17,10,4,0
5186,17,10,2,0
5185,17,10,4,0
5198,14,10,4,1
5001,17,10,4,0
5025,14,10,4,1
5024,17,10,4,0
5032,17,10,1,0
5059,14,10,1,1
5088,26,10,2,1
5080,14,10,1,1
5091,26,10,2,1
1975,14,10,4,1
1914,17,10,1,0
1921,17,10,4,0
1926,14,10,1,1
1923,17,10,2,0
1925,17,10,4,0
1932,17,10,4,0
1965,17,10,5,0
13,23,1,4,0
14,23,1,5,0
87,23,1,2,0
68,14,1,1,1
70,23,1,3,0
73,23,1,4,0
93,14,1,4,1
3282,23,1,5,0
3293,23,1,3,0
2130,14,1,3,1
2142,14,1,3,1
3268,23,1,2,0
2137,14,1,1,1
2150,14,1,1,1
3203,23,1,1,0
3208,14,1,3,1
2165,23,1,1,0
3214,23,1,1,0
2185,23,1,1,0
2186,14,1,4,1
2189,26,1,2,1
2198,26,1,2,1
2208,23,1,1,0
2201,14,1,1,1
3399,23,1,4,0
2251,23,1,2,0
2250,23,1,4,0
2265,23,1,2,0
2259,26,1,2,1
2226,26,1,2,1
3366,14,1,1,1
3342,23,1,2,0
3350,23,1,4,0
3323,26,1,5,1
3332,14,1,1,1
3487,14,1,4,1
3491,23,1,1,0
3499,23,1,2,0
3407,23,1,4,0
3402,14,1,1,1
3419,14,1,1,1
3415,14,1,4,1
3422,26,1,5,1
3452,14,1,3,1
3459,23,1,4,0
3474,23,1,2,0
3502,26,1,5,1
2008,57,1,3,1
2017,14,1,1,1
2014,23,1,1,0
2001,23,1,2,0
3541,14,1,1,1
3537,23,1,2,0
3531,14,1,4,1
3552,23,1,2,0
2073,26,1,5,1
2076,26,1,5,1
3518,23,1,4,0
3529,14,1,4,1
3528,23,1,1,0
2053,23,1,1,0
2055,14,1,1,1
3556,14,1,4,1
2028,23,1,3,0
2043,14,1,1,1
3565,14,1,4,1
2039,26,1,5,1
3628,23,1,1,0
3613,26,1,5,1
3603,23,1,1,0
3600,23,1,2,0
3639,23,1,4,0
3660,14,1,4,1
3655,23,1,4,0
3728,23,1,1,0
3715,14,1,4,1
3717,23,1,2,0
3733,14,1,4,1
158,26,1,2,1
154,14,1,4,1
167,23,1,1,0
114,57,1,3,1
110,26,1,2,1
131,14,1,1,1
130,14,1,4,1
149,14,1,1,1
3780,23,1,4,0
198,14,1,1,1
3794,14,1,4,1
3793,23,1,3,0
3753,14,1,1,1
3764,23,1,1,0
3868,14,1,4,1
3870,23,1,4,0
3858,26,1,2,1
3855,23,1,4,0
3843,26,1,2,1
3823,26,1,5,1
3829,14,1,1,1
4966,14,1,4,1
4969,14,1,1,1
4973,23,1,2,0
4976,14,1,4,1
4991,23,1,5,0
3878,26,1,5,1
3009,23,1,4,0
3882,23,1,2,0
3887,23,1,3,0
3026,14,1,4,1
3035,57,1,3,1
3048,14,1,1,1
3047,23,1,1,0
3054,14,1,4,1
3072,23,1,1,0
3073,14,1,4,1
3059,23,1,2,0
3065,23,1,2,0
3087,14,1,1,1
3099,14,1,3,1
3990,23,1,3,0
3984,14,1,1,1
3972,23,1,1,0
3979,23,1,2,0
3907,14,1,1,1
3110,23,1,5,0
3136,26,1,2,1
3124,14,1,1,1
3125,14,1,1,1
3128,23,1,4,0
3197,23,1,1,0
3194,14,1,1,1
3157,14,1,1,1
534,23,1,4,0
2954,14,1,4,1
540,26,1,5,1
2943,26,1,2,1
2947,23,1,4,0
2974,14,1,4,1
511,26,1,2,1
2964,14,1,1,1
2967,23,1,2,0
527,23,1,1,0
574,14,1,1,1
2994,23,1,1,0
2996,23,1,1,0
580,23,1,5,0
550,26,1,2,1
2915,23,1,4,0
2916,23,1,2,0
1859,23,1,1,0
1857,23,1,4,0
4708,23,1,2,0
1885,23,1,4,0
2930,14,1,4,1
1879,57,1,3,1
2926,23,1,1,0
4715,23,1,1,0
1880,23,1,4,0
4614,23,1,2,0
4606,14,1,1,1
4633,14,1,3,1
4637,23,1,3,0
4629,14,1,4,1
4645,23,1,3,0
4697,26,1,5,1
4699,14,1,1,1
597,14,1,3,1
1729,23,1,4,0
2848,26,1,2,1
2844,23,1,2,0
1712,26,1,5,1
412,23,1,1,0
432,14,1,4,1
453,26,1,2,1
2861,23,1,4,0
2868,23,1,4,0
1783,14,1,4,1
1772,14,1,1,1
2811,23,1,1,0
1743,26,1,2,1
1735,14,1,1,1
4519,23,1,2,0
4512,26,1,2,1
4503,23,1,4,0
4544,14,1,1,1
4545,23,1,1,0
4537,23,1,4,0
4535,26,1,2,1
4594,14,1,4,1
4595,14,1,1,1
2793,14,1,4,1
499,23,1,1,0
2798,14,1,1,1
495,26,1,2,1
497,23,1,1,0
4574,23,1,3,0
4570,23,1,4,0
330,23,1,4,0
337,23,1,1,0
335,23,1,4,0
348,14,1,4,1
316,23,1,1,0
322,23,1,2,0
1608,26,1,2,1
4927,14,1,1,1
1611,14,1,1,1
4943,23,1,1,0
1661,14,1,4,1
1663,23,1,1,0
4913,14,1,4,1
1673,23,1,4,0
1582,26,1,5,1
1583,23,1,2,0
1592,14,1,4,1
4853,14,1,1,1
4845,23,1,5,0
4881,23,1,4,0
4866,14,1,1,1
397,26,1,2,1
385,26,1,2,1
375,23,1,4,0
362,23,1,4,0
366,14,1,1,1
356,23,1,4,0
201,14,1,1,1
209,26,1,2,1
212,14,1,1,1
4822,14,1,4,1
4821,23,1,1,0
1528,23,1,2,0
4831,23,1,4,0
1553,23,1,1,0
1488,23,1,1,0
1489,23,1,5,0
1459,26,1,2,1
4766,23,1,1,0
1463,23,1,4,0
4773,14,1,4,1
1470,14,1,1,1
4748,23,1,5,0
288,23,1,1,0
5842,23,1,1,0
242,23,1,4,0
247,23,1,1,0
5864,23,1,1,0
257,26,1,2,1
1419,23,1,5,0
1420,23,1,1,0
1427,14,1,4,1
933,14,1,1,1
935,26,1,5,1
1430,23,1,4,0
910,23,1,5,0
1450,14,1,3,1
969,23,1,1,0
965,14,1,4,1
955,14,1,1,1
4299,23,1,1,0
5802,23,1,4,0
5804,23,1,1,0
2511,14,1,1,1
2529,23,1,1,0
2437,14,1,1,1
2438,14,1,1,1
5733,14,1,4,1
5743,23,1,2,0
4216,14,1,1,1
4221,14,1,4,1
2462,14,1,1,1
5772,23,1,4,0
2484,23,1,1,0
2468,23,1,4,0
4258,26,1,5,1
2474,23,1,1,0
2499,23,1,4,0
5724,23,1,1,0
2491,14,1,1,1
4281,14,1,1,1
1386,14,1,4,1
1377,26,1,2,1
1349,14,1,4,1
5779,14,1,1,1
1342,23,1,3,0
5787,14,1,4,1
1367,14,1,3,1
1326,23,1,4,0
845,23,1,1,0
832,14,1,1,1
835,26,1,2,1
850,14,1,4,1
893,23,1,1,0
894,57,1,3,1
2332,26,1,2,1
5639,23,1,2,0
2337,23,1,5,0
4113,23,1,4,0
2323,14,1,1,1
2324,14,1,1,1
5614,23,1,3,0
2302,14,1,4,1
2367,14,1,4,1
5604,14,1,3,1
4162,26,1,2,1
4135,23,1,1,0
4139,23,1,2,0
4144,23,1,1,0
1279,23,1,1,0
1272,14,1,4,1
1273,14,1,1,1
1271,14,1,4,1
2399,23,1,2,0
1267,23,1,5,0
1261,14,1,3,1
2394,26,1,2,1
1232,14,1,4,1
906,26,1,2,1
1219,14,1,4,1
902,26,1,2,1
739,26,1,2,1
1203,26,1,2,1
2752,23,1,1,0
2769,23,1,4,0
2761,23,1,5,0
792,23,1,3,0
781,26,1,2,1
772,26,1,5,1
2711,26,1,2,1
775,14,1,1,1
750,14,1,4,1
1187,23,1,1,0
1183,14,1,1,1
1179,14,1,1,1
1178,14,1,1,1
5505,14,1,1,1
5503,23,1,5,0
4468,23,1,4,0
5511,23,1,1,0
4469,23,1,3,0
2698,14,1,4,1
5529,23,1,4,0
4414,23,1,2,0
5547,23,1,4,0
4425,26,1,2,1
1129,23,1,5,0
1147,23,1,3,0
1153,23,1,2,0
1134,14,1,1,1
1133,23,1,1,0
5593,14,1,1,1
605,23,1,4,0
2627,26,1,5,1
697,23,1,4,0
2604,26,1,2,1
663,23,1,4,0
659,14,1,4,1
4390,14,1,4,1
4397,23,1,2,0
1079,23,1,3,0
1075,14,1,4,1
1074,23,1,2,0
1077,23,1,2,0
1076,23,1,4,0
1064,23,1,1,0
4378,14,1,1,1
5409,23,1,5,0
5403,26,1,5,1
2562,14,1,1,1
2556,14,1,4,1
2550,23,1,2,0
4339,23,1,1,0
5453,26,1,2,1
4320,23,1,4,0
5423,14,1,4,1
5492,14,1,1,1
5374,26,1,5,1
5371,23,1,4,0
5325,23,1,4,0
5328,23,1,1,0
5314,23,1,1,0
5307,23,1,1,0
5385,14,1,1,1
5387,23,1,4,0
5381,23,1,1,0
5391,14,1,3,1
5228,26,1,5,1
5222,23,1,1,0
5257,23,1,1,0
5241,14,1,4,1
5278,14,1,3,1
5284,23,1,4,0
5136,14,1,1,1
5117,23,1,2,0
5122,26,1,2,1
5103,23,1,1,0
4042,23,1,3,0
4031,23,1,1,0
4024,23,1,3,0
4012,23,1,2,0
4088,26,1,2,1
4089,14,1,4,1
5173,23,1,5,0
5156,57,1,3,1
5007,23,1,5,0
5010,23,1,3,0
5015,23,1,1,0
5000,14,1,4,1
5019,14,1,1,1
5068,23,1,4,0
5072,14,1,3,1
5094,14,1,4,1
1974,14,1,1,1
1977,14,1,4,1
1983,14,1,4,1
1993,23,1,4,0
1902,23,1,3,0
1939,14,1,1,1
1930,14,1,4,1
1967,23,1,1,0
80,30,7,4,0
3359,30,7,1,0
3538,12,7,1,1
2054,30,7,2,0
3696,12,7,1,1
3746,30,7,1,0
113,12,7,1,1
3888,12,7,4,1
3092,12,7,2,1
3132,30,7,1,0
1849,12,7,2,1
1873,12,7,1,1
4731,12,7,1,1
5822,30,7,1,0
2440,12,7,2,1
2470,12,7,4,1
5712,30,7,4,0
4278,30,7,4,0
1343,12,7,1,1
2362,12,7,1,1
2345,30,7,2,0
1258,30,7,1,0
2726,30,7,1,0
5502,12,7,2,1
2622,30,7,2,0
2588,12,7,4,1
4340,30,7,1,0
5384,30,7,2,0
4033,30,7,2,0
5016,12,7,4,1
15,22,6,2,0
21,12,6,4,1
69,22,6,3,0
72,12,6,1,1
76,12,6,4,1
52,12,6,2,1
88,22,6,1,0
3291,22,6,4,0
3289,12,6,4,1
2140,12,6,2,1
3230,22,6,2,0
2190,12,6,4,1
2252,22,6,1,0
3356,12,6,1,1
2235,12,6,4,1
2296,12,6,4,1
3310,12,6,2,1
3430,12,6,1,1
3421,22,6,2,0
3432,22,6,1,0
3453,22,6,4,0
3446,22,6,1,0
3447,12,6,1,1
3504,22,6,1,0
3506,22,6,2,0
3544,22,6,1,0
3576,22,6,2,0
3553,22,6,2,0
3568,22,6,1,0
3621,12,6,1,1
3625,12,6,1,1
3617,12,6,2,1
3609,22,6,2,0
3658,12,6,1,1
3666,12,6,4,1
3729,22,6,3,0
3726,22,6,1,0
3743,12,6,4,1
3732,12,6,4,1
3734,22,6,4,0
151,12,6,1,1
171,12,6,1,1
173,12,6,2,1
132,22,6,4,0
145,22,6,4,0
3776,12,6,4,1
3788,12,6,1,1
3771,22,6,1,0
3844,22,6,1,0
3839,22,6,1,0
3827,22,6,1,0
102,12,6,1,1
4972,12,6,4,1
4979,12,6,1,1
4985,22,6,4,0
3014,12,6,1,1
3049,22,6,1,0
3062,22,6,1,0
3096,12,6,1,1
3942,22,6,1,0
3934,12,6,2,1
3980,22,6,3,0
3971,12,6,2,1
3903,22,6,4,0
3105,22,6,1,0
3999,22,6,1,0
3198,22,6,1,0
3168,12,6,1,1
3165,22,6,4,0
1828,22,6,2,0
2944,12,6,3,1
512,12,6,2,1
1848,22,6,1,0
2965,22,6,1,0
524,22,6,1,0
523,22,6,1,0
1834,22,6,4,0
2990,12,6,1,1
565,12,6,4,1
563,12,6,4,1
2913,12,6,2,1
1854,12,6,1,1
2900,12,6,1,1
4709,22,6,2,0
2935,12,6,1,1
2921,22,6,1,0
4601,22,6,4,0
4638,12,6,4,1
4657,12,6,2,1
4698,22,6,1,0
4694,12,6,1,1
2830,22,6,4,0
414,12,6,4,1
426,22,6,2,0
420,12,6,4,1
2883,22,6,1,0
2876,12,6,3,1
1790,22,6,4,0
2812,12,6,1,1
1761,22,6,4,0
2819,22,6,4,0
1753,12,6,3,1
1740,22,6,1,0
4508,22,6,1,0
4550,22,6,4,0
4540,12,6,1,1
2792,22,6,4,0
333,22,6,2,0
346,12,6,4,1
319,22,6,1,0
326,12,6,2,1
1616,12,6,1,1
4938,12,6,1,1
1615,12,6,4,1
4934,22,6,4,0
1638,12,6,2,1
4957,22,6,1,0
1690,22,6,1,0
4909,22,6,1,0
4899,22,6,1,0
1576,22,6,1,0
1585,12,6,2,1
374,22,6,1,0
364,12,6,1,1
223,12,6,4,1
227,12,6,2,1
1529,12,6,1,1
1514,12,6,2,1
4806,12,6,4,1
4815,22,6,1,0
1483,22,6,2,0
1455,22,6,4,0
1468,22,6,4,0
4765,22,6,3,0
4770,22,6,2,0
4759,22,6,4,0
4757,12,6,1,1
4745,22,6,4,0
4722,22,6,2,0
5843,12,6,1,1
5831,22,6,2,0
5826,22,6,2,0
5813,22,6,4,0
5817,22,6,1,0
261,22,6,2,0
267,22,6,1,0
5862,22,6,1,0
252,12,6,2,1
5855,22,6,4,0
932,22,6,1,0
1434,12,6,4,1
1440,12,6,2,1
971,12,6,2,1
966,22,6,1,0
1404,12,6,1,1
4298,22,6,4,0
5806,22,6,2,0
994,22,6,1,0
2434,78,6,9,1
5739,12,6,4,1
4254,22,6,4,0
5707,12,6,2,1
2471,12,6,2,1
5711,12,6,2,1
5723,22,6,2,0
4285,22,6,4,0
1383,12,6,4,1
5782,12,6,4,1
5786,12,6,4,1
802,12,6,1,1
811,22,6,4,0
846,12,6,3,1
853,12,6,1,1
4198,12,6,4,1
897,22,6,2,0
2334,12,6,4,1
2325,12,6,1,1
5613,22,6,2,0
2311,22,6,2,0
5627,12,6,1,1
5626,12,6,1,1
2368,12,6,2,1
2375,12,6,1,1
2356,22,6,4,0
2363,22,6,4,0
4131,12,6,4,1
2360,12,6,2,1
2348,12,6,4,1
4136,22,6,9,0
4142,12,6,2,1
5685,22,6,1,0
1252,22,6,4,0
5684,22,6,3,0
5678,12,6,1,1
1227,22,6,1,0
1224,12,6,1,1
5667,12,6,4,1
903,12,6,2,1
741,22,6,4,0
730,22,6,1,0
2723,12,6,1,1
762,12,6,2,1
2729,22,6,1,0
2739,22,6,2,0
4452,12,6,2,1
2666,12,6,4,1
4457,22,6,2,0
4471,12,6,1,1
4478,12,6,4,1
5528,12,6,4,1
5534,12,6,2,1
5557,12,6,4,1
5560,12,6,1,1
5566,22,6,4,0
1154,12,6,1,1
5589,22,6,4,0
5598,22,6,4,0
1161,12,6,2,1
1163,22,6,1,0
1165,12,6,1,1
627,22,6,2,0
614,12,6,1,1
2621,12,6,4,1
2632,22,6,4,0
2609,12,6,4,1
2602,22,6,4,0
1095,22,6,2,0
4369,22,6,1,0
4386,12,6,1,1
4387,12,6,1,1
4388,22,6,2,0
2572,22,6,4,0
2563,22,6,9,0
2560,22,6,1,0
4343,12,6,1,1
4338,12,6,4,1
5434,22,6,3,0
1005,12,6,4,1
5442,12,6,1,1
5447,22,6,4,0
4313,22,6,2,0
4317,22,6,4,0
5413,12,6,4,1
5485,12,6,1,1
1028,12,6,1,1
1024,22,6,1,0
1033,12,6,1,1
5463,12,6,2,1
5476,22,6,4,0
1022,22,6,2,0
5364,12,6,1,1
5351,12,6,2,1
5335,22,6,4,0
5322,12,6,3,1
5319,12,6,4,1
5308,12,6,3,1
5200,22,6,2,0
5290,22,6,1,0
5297,22,6,2,0
4046,22,6,4,0
4029,12,6,2,1
4099,12,6,1,1
4082,12,6,1,1
4061,12,6,4,1
5169,12,6,4,1
5161,12,6,4,1
5011,12,6,2,1
5013,22,6,4,0
5045,12,6,4,1
5049,22,6,1,0
5066,22,6,1,0
1989,22,6,2,0
1924,22,6,4,0
1936,22,6,1,0
2124,24,32,2,0
3387,24,32,2,0
3475,56,32,2,1
2096,56,32,2,1
3740,24,32,7,0
3779,56,32,2,1
3825,24,32,2,0
3011,24,32,2,0
3949,56,32,2,1
3936,56,32,2,1
541,24,32,2,0
2985,56,32,2,1
2903,24,32,2,0
500,56,32,2,1
1723,56,32,3,1
461,24,32,3,0
4510,24,32,3,0
331,56,32,7,1
4835,56,32,2,1
4789,56,32,2,1
4769,24,32,2,0
4734,24,32,2,0
272,24,32,3,0
297,56,32,3,1
5863,24,32,2,0
941,56,32,2,1
961,56,32,2,1
2530,24,32,7,0
4122,24,32,2,0
4153,24,32,2,0
5679,56,32,3,1
712,24,32,2,0
2757,24,32,2,0
766,24,32,3,0
5525,56,32,7,1
5535,56,32,7,1
685,56,32,2,1
2626,56,32,2,1
1098,24,32,7,0
4309,56,32,7,1
5450,56,32,3,1
5073,24,32,7,0
86,31,5,4,1
75,32,5,4,1
60,12,5,2,0
92,32,5,2,1
3278,37,5,1,0
3241,32,5,4,1
3235,31,5,1,1
3236,31,5,4,1
2122,31,5,4,1
2115,37,5,4,0
2141,37,5,4,0
3274,37,5,3,0
2143,37,5,2,0
3205,32,5,4,1
3209,31,5,2,1
3218,32,5,3,1
2167,37,5,2,0
3220,37,5,4,0
3231,37,5,2,0
2247,37,5,3,0
3396,32,5,4,1
3362,32,5,3,1
2224,37,5,2,0
3340,32,5,2,1
3347,32,5,4,1
3330,37,5,1,0
3302,32,5,3,1
3405,37,5,1,0
3424,37,5,4,0
3445,37,5,2,0
3460,37,5,1,0
2015,32,5,2,1
3599,32,5,1,1
2094,31,5,1,1
3545,37,5,2,0
2074,37,5,1,0
2069,31,5,4,1
2080,37,5,1,0
3523,32,5,4,1
3582,31,5,2,1
3578,37,5,4,0
2066,37,5,4,0
3593,37,5,2,0
3596,32,5,3,1
3587,32,5,1,1
2030,32,5,1,1
3558,32,5,4,1
2044,37,5,1,0
3627,12,5,1,0
3612,12,5,2,1
3674,37,5,4,0
3692,32,5,1,1
3635,31,5,4,1
3644,37,5,2,0
3661,37,5,1,0
3670,37,5,4,0
3721,37,5,1,0
3745,32,5,4,1
3737,37,5,3,0
3703,62,5,1,0
169,32,5,1,1
174,37,5,4,0
129,32,5,4,1
138,32,5,3,1
137,37,5,4,0
3775,37,5,2,0
3784,37,5,1,0
3761,37,5,2,0
3766,12,5,3,0
3832,31,5,4,1
3817,32,5,2,1
3804,37,5,4,0
4980,32,5,1,1
4983,32,5,1,1
3881,37,5,4,0
3885,32,5,4,1
3028,32,5,5,1
3022,37,5,2,0
3050,32,5,2,1
3036,37,5,3,0
3040,12,5,4,0
3071,37,5,1,0
3061,37,5,3,0
3924,37,5,1,0
3919,37,5,4,0
3915,32,5,1,1
3931,37,5,4,0
3957,32,5,4,1
3906,37,5,4,0
3111,32,5,2,1
3126,37,5,2,0
3994,32,5,1,1
3133,32,5,4,1
3179,37,5,1,0
3180,32,5,4,1
2951,37,5,1,0
539,32,5,1,1
1843,37,5,1,0
519,37,5,4,0
573,37,5,4,0
1804,32,5,2,1
1803,37,5,2,0
1802,32,5,1,1
1800,37,5,1,0
551,37,5,4,0
1860,37,5,1,0
2910,32,5,1,1
505,32,5,2,1
507,32,5,2,1
4619,32,5,3,1
4621,37,5,1,0
4663,31,5,4,1
4656,12,5,3,0
4689,32,5,4,1
4687,37,5,1,0
4695,37,5,2,0
4692,37,5,1,0
590,32,5,2,1
2847,32,5,1,1
1711,37,5,3,0
2824,37,5,3,0
2822,37,5,4,0
2871,32,5,1,1
452,37,5,4,0
457,32,5,1,1
463,12,5,2,1
2860,37,5,1,0
1793,37,5,4,0
1752,37,5,2,0
2803,31,5,2,1
1749,37,5,1,0
1731,32,5,1,1
4518,32,5,4,1
4560,37,5,3,0
4553,32,5,1,1
4546,32,5,1,1
1694,37,5,4,0
4522,37,5,2,0
484,37,5,1,0
4588,37,5,1,0
4597,37,5,4,0
2786,32,5,1,1
2799,37,5,2,0
4573,32,5,4,1
334,37,5,4,0
343,37,5,2,0
304,37,5,1,0
4937,32,5,2,1
4947,32,5,1,1
1649,37,5,4,0
1646,32,5,2,1
4941,37,5,4,0
4940,37,5,4,0
1639,37,5,1,0
1656,32,5,1,1
4919,12,5,4,0
4896,12,5,3,0
1586,12,5,3,0
4893,32,5,4,1
4849,37,5,4,0
396,37,5,1,0
398,37,5,1,0
383,37,5,1,0
379,32,5,1,1
365,32,5,1,1
359,37,5,1,0
4820,32,5,4,1
4832,37,5,4,0
4802,37,5,1,0
4803,32,5,2,1
4809,32,5,2,1
4816,32,5,1,1
1547,37,5,1,0
1474,37,5,4,0
1476,37,5,1,0
4788,31,5,1,1
4790,32,5,2,1
4771,37,5,6,0
4750,32,5,2,1
281,32,5,1,1
5841,32,5,4,1
5847,37,5,4,0
5832,32,5,2,1
278,32,5,2,1
5825,32,5,4,1
240,32,5,2,1
5858,37,5,4,0
1414,37,5,4,0
1417,37,5,1,0
949,37,5,2,0
934,37,5,2,0
939,37,5,1,0
1438,37,5,2,0
922,12,5,1,1
1449,32,5,3,1
1408,32,5,2,1
1401,32,5,4,1
5808,37,5,5,0
996,37,5,2,0
992,31,5,1,1
990,31,5,1,1
2540,32,5,4,1
5734,32,5,1,1
2424,32,5,1,1
4219,32,5,4,1
5755,32,5,1,1
4229,37,5,2,0
2460,32,5,1,1
2442,12,5,3,0
5766,32,5,2,1
2443,37,5,1,0
4238,37,5,2,0
2446,37,5,2,0
5718,12,5,1,0
5710,32,5,4,1
1384,37,5,4,0
1385,37,5,1,0
1344,37,5,2,0
1373,32,5,1,1
5797,37,5,1,0
1360,32,5,4,1
804,32,5,2,1
1316,31,5,1,1
1314,37,5,1,0
821,37,5,2,0
815,32,5,4,1
816,32,5,2,1
1300,32,5,3,1
862,32,5,4,1
883,32,5,2,1
4181,32,5,3,1
4173,32,5,1,1
4179,12,5,3,1
898,12,5,4,1
896,37,5,2,0
2408,37,5,1,0
2412,32,5,2,1
4104,12,5,3,1
4108,37,5,4,0
5645,32,5,1,1
4118,37,5,4,0
4120,37,5,3,0
5652,32,5,3,1
2316,32,5,1,1
5622,32,5,3,1
5600,37,5,1,0
5607,37,5,3,0
4127,32,5,4,1
2355,37,5,2,0
4138,31,5,4,1
5683,32,5,4,1
1249,37,5,1,0
1247,37,5,2,0
5687,31,5,1,1
5688,37,5,4,0
5689,32,5,3,1
5660,37,5,4,0
1221,32,5,1,1
1229,32,5,2,1
5665,37,5,4,0
740,37,5,2,0
743,37,5,1,0
731,31,5,2,1
726,32,5,2,1
1209,37,5,2,0
2746,37,5,1,0
2758,37,5,2,0
2765,32,5,2,1
798,32,5,4,1
785,31,5,2,1
788,32,5,4,1
2719,37,5,4,0
2728,32,5,2,1
4497,37,5,1,0
1195,37,5,2,0
4454,32,5,4,1
5510,37,5,2,0
2671,37,5,2,0
2669,37,5,2,0
4456,37,5,3,0
2694,37,5,4,0
2693,32,5,1,1
2686,37,5,2,0
1104,31,5,2,1
4403,32,5,4,1
4418,32,5,3,1
4412,32,5,4,1
5553,37,5,4,0
5555,37,5,1,0
5556,32,5,1,1
4429,37,5,2,0
1126,31,5,4,1
1132,37,5,4,0
1120,32,5,4,1
1148,37,5,2,0
1140,12,5,1,1
1158,31,5,1,1
1164,37,5,2,0
600,12,5,3,1
629,12,5,3,0
612,31,5,1,1
2644,32,5,1,1
683,32,5,1,1
2650,32,5,2,1
694,32,5,1,1
640,37,5,2,0
661,37,5,2,0
1091,37,5,3,0
1080,37,5,1,0
1083,32,5,1,1
1070,12,5,3,1
4370,12,5,1,1
1068,32,5,2,1
2595,37,5,2,0
2587,37,5,1,0
5408,32,5,1,1
4330,32,5,4,1
4337,32,5,1,1
5443,31,5,4,1
5448,37,5,1,0
4312,37,5,1,0
5427,12,5,3,1
4300,32,5,2,1
5483,37,5,4,0
5481,37,5,4,0
1054,12,5,3,1
1040,37,5,4,0
5466,32,5,3,1
5372,32,5,2,1
5358,32,5,3,1
5342,37,5,1,0
5379,37,5,1,0
5394,37,5,3,0
5232,37,5,1,0
5226,12,5,2,1
5240,32,5,1,1
5246,37,5,4,0
5206,32,5,4,1
5276,32,5,3,1
5287,32,5,4,1
5132,37,5,3,0
5116,32,5,1,1
5109,37,5,1,0
4039,37,5,3,0
4009,37,5,3,0
4073,32,5,1,1
4086,37,5,1,0
4068,32,5,1,1
5166,12,5,3,0
5175,37,5,1,0
5146,31,5,2,1
5031,31,5,1,1
5028,32,5,2,1
5041,37,5,2,0
5056,37,5,2,0
5075,37,5,1,0
5078,32,5,1,1
5085,12,5,3,1
5084,31,5,2,1
1928,37,5,1,0
1941,12,5,1,0
1950,12,5,2,0
2,2,4,1,1
36,2,4,1,1
37,2,4,1,1
38,12,4,3,1
27,18,4,1,1
32,2,4,1,1
31,21,4,2,0
84,2,4,3,1
71,21,4,2,0
59,21,4,2,0
3280,2,4,4,1
3234,2,4,4,1
3246,2,4,2,1
3263,21,4,4,0
3260,2,4,3,1
2128,2,4,1,1
2145,2,4,1,1
2160,21,4,3,0
2164,2,4,1,1
3219,21,4,2,0
3217,2,4,1,1
2179,21,4,1,0
3226,21,4,1,0
2196,2,4,2,1
2206,2,4,1,1
2218,21,4,3,0
2253,21,4,3,0
2248,2,4,2,1
2256,2,4,1,1
3360,21,4,1,0
3355,2,4,2,1
3375,2,4,3,1
2243,21,4,4,0
2294,21,4,4,0
2299,2,4,2,1
3353,12,4,3,0
3314,21,4,1,0
3321,2,4,2,1
3324,21,4,2,0
2282,21,4,4,0
3331,21,4,4,0
3301,2,4,2,1
3308,12,4,12,1
3479,21,4,2,0
3485,2,4,1,1
3414,2,4,4,1
3410,2,4,3,1
3423,2,4,1,1
3440,2,4,1,1
3438,21,4,1,0
3472,21,4,2,0
3467,2,4,4,1
3508,2,4,4,1
2093,21,4,1,0
3535,2,4,1,1
3534,21,4,4,0
3543,21,4,1,0
2072,21,4,3,0
2071,2,4,4,1
2078,2,4,1,1
3511,21,4,4,0
3520,21,4,1,0
3585,2,4,2,1
2050,21,4,2,0
2052,2,4,1,1
2049,21,4,2,0
3555,12,4,3,0
2026,2,4,2,1
3572,12,4,1,1
3618,21,4,1,0
3610,21,4,1,0
3601,21,4,1,0
3681,2,4,4,1
3637,21,4,4,0
3642,21,4,1,0
3657,21,4,1,0
3672,2,4,4,1
3668,2,4,1,1
3664,21,4,1,0
3719,2,4,1,1
159,21,4,4,0
153,21,4,4,0
161,21,4,4,0
162,2,4,4,1
172,21,4,1,0
135,21,4,1,0
143,2,4,4,1
141,2,4,4,1
3796,2,4,2,1
3781,21,4,2,0
196,12,4,8,1
3757,2,4,4,1
3770,21,4,4,0
3849,2,4,3,1
3840,2,4,3,1
3838,21,4,4,0
3821,21,4,4,0
3810,21,4,4,0
4962,2,4,4,1
4965,2,4,2,1
4987,21,4,2,0
4999,2,4,4,1
3875,21,4,2,0
3003,21,4,3,0
3031,21,4,1,0
3024,2,4,4,1
3075,2,4,3,1
3097,2,4,1,1
3091,21,4,2,0
3913,2,4,1,1
3910,21,4,1,0
3944,21,4,4,0
3943,21,4,1,0
3965,2,4,2,1
3959,2,4,3,1
3976,21,4,1,0
3103,2,4,1,1
3146,21,4,1,0
3137,21,4,1,0
3997,21,4,4,0
3130,21,4,1,0
3183,21,4,3,0
3185,21,4,4,0
3178,60,4,4,0
3158,21,4,3,0
3162,21,4,1,0
3163,2,4,2,1
1821,2,4,4,1
532,2,4,3,1
2942,2,4,2,1
1811,21,4,2,0
1817,2,4,2,1
1844,57,4,1,1
2977,21,4,2,0
521,21,4,3,0
1838,21,4,2,0
1837,2,4,4,1
2986,2,4,4,1
1807,21,4,4,0
1801,21,4,4,0
569,2,4,1,1
1894,2,4,4,1
2919,2,4,1,1
1864,21,4,1,0
1863,72,4,4,1
2908,2,4,4,1
501,21,4,4,0
502,2,4,3,1
1889,2,4,1,1
1888,2,4,1,1
2923,21,4,4,0
4718,21,4,2,0
4612,2,4,1,1
4604,2,4,1,1
4632,2,4,2,1
4636,2,4,1,1
4659,21,4,2,0
4649,2,4,3,1
4673,2,4,4,1
4665,21,4,4,0
2850,2,4,3,1
1717,21,4,4,0
1713,2,4,1,1
404,21,4,2,0
407,2,4,4,1
403,2,4,4,1
1704,2,4,1,1
418,2,4,3,1
2838,2,4,4,1
2837,21,4,2,0
1708,21,4,4,0
2839,2,4,3,1
1700,2,4,2,1
413,21,4,3,0
421,21,4,3,0
435,2,4,1,1
436,2,4,1,1
433,2,4,3,1
2889,21,4,3,0
2882,21,4,1,0
2879,2,4,4,1
1799,21,4,2,0
1782,21,4,1,0
1781,72,4,2,1
1766,21,4,4,0
1769,2,4,1,1
2816,2,4,1,1
2809,2,4,2,1
4562,2,4,1,1
4561,2,4,1,1
4534,12,4,3,0
4598,2,4,1,1
486,2,4,1,1
482,2,4,4,1
2788,2,4,1,1
2790,21,4,1,0
4569,21,4,2,0
491,2,4,2,1
490,21,4,1,0
345,2,4,2,1
318,21,4,2,0
311,21,4,4,0
327,2,4,2,1
328,21,4,2,0
4928,21,4,9,0
4923,21,4,4,0
1622,21,4,2,0
4930,12,4,1,1
4931,21,4,4,0
4949,2,4,4,1
4946,21,4,3,0
4944,2,4,2,1
1632,21,4,1,0
1662,21,4,4,0
1664,72,4,4,1
4902,2,4,2,1
1688,21,4,1,0
4906,2,4,2,1
1680,21,4,2,0
4914,2,4,1,1
4885,2,4,1,1
4847,2,4,1,1
4850,21,4,2,0
4875,21,4,1,0
4863,2,4,4,1
4867,2,4,3,1
4872,2,4,2,1
370,2,4,1,1
363,21,4,2,0
367,21,4,4,0
350,2,4,3,1
351,21,4,1,0
352,21,4,1,0
210,21,4,4,0
213,2,4,1,1
218,12,4,3,1
225,21,4,4,0
4836,2,4,2,1
1510,21,4,1,0
4830,2,4,1,1
1516,60,4,2,0
4804,21,4,4,0
1508,21,4,3,0
1571,21,4,1,0
1569,21,4,4,0
1531,21,4,1,0
4798,21,4,1,0
1490,21,4,1,0
4792,2,4,2,1
4774,2,4,4,1
4775,21,4,3,0
4781,2,4,4,1
4767,2,4,1,1
1464,21,4,1,0
4744,21,4,4,0
4732,12,4,3,0
4727,2,4,1,1
5834,21,4,3,0
295,21,4,2,0
5814,21,4,1,0
241,21,4,2,0
246,21,4,1,0
231,21,4,1,0
235,21,4,1,0
5865,12,4,3,1
266,21,4,1,0
1411,21,4,4,0
1410,2,4,2,1
1415,2,4,4,1
1418,21,4,2,0
1436,21,4,1,0
920,12,4,3,1
917,2,4,2,1
989,2,4,1,1
988,2,4,4,1
981,21,4,4,0
980,2,4,3,1
978,2,4,3,1
970,21,4,2,0
973,21,4,1,0
960,2,4,4,1
2501,2,4,1,1
2513,2,4,4,1
2524,2,4,2,1
5735,21,4,4,0
2435,21,4,4,0
4207,2,4,2,1
4202,21,4,1,0
2432,21,4,2,0
4211,21,4,4,0
2422,21,4,1,0
4228,21,4,1,0
4230,12,4,3,0
5761,2,4,4,1
4232,2,4,1,1
2461,21,4,4,0
4237,21,4,1,0
2447,2,4,3,1
4241,2,4,5,1
4240,21,4,3,0
5773,2,4,1,1
4253,21,4,1,0
2465,21,4,2,0
4260,2,4,2,1
4263,21,4,4,0
5722,2,4,1,1
1391,2,4,3,1
5783,2,4,1,1
5781,2,4,2,1
1347,21,4,1,0
5777,2,4,1,1
5790,21,4,4,0
5791,2,4,1,1
1336,2,4,4,1
5788,21,4,4,0
5799,2,4,4,1
1364,21,4,1,0
1361,2,4,4,1
4201,21,4,1,0
1362,2,4,2,1
1359,2,4,2,1
801,12,4,3,1
1312,2,4,1,1
824,2,4,4,1
829,21,4,1,0
813,21,4,4,0
814,2,4,4,1
860,21,4,4,0
864,21,4,2,0
863,60,4,4,0
866,2,4,1,1
888,2,4,3,1
880,21,4,1,0
4195,12,4,1,0
877,72,4,1,1
875,21,4,1,0
2406,2,4,2,1
2338,21,4,1,0
2336,21,4,2,0
5653,21,4,1,0
2331,2,4,2,1
5618,79,4,1,0
2317,2,4,2,1
2314,12,4,1,1
5625,2,4,2,1
2300,21,4,4,0
2381,2,4,1,1
4156,2,4,4,1
2365,2,4,2,1
2354,2,4,2,1
4141,2,4,2,1
1289,2,4,1,1
1263,21,4,4,0
2393,21,4,2,0
2390,2,4,1,1
1257,21,4,4,0
1245,2,4,4,1
1246,21,4,2,0
5693,2,4,1,1
5696,21,4,4,0
1236,2,4,1,1
1231,2,4,1,1
1223,2,4,4,1
1216,21,4,4,0
1217,21,4,3,0
5666,2,4,4,1
1213,2,4,1,1
742,2,4,4,1
738,2,4,2,1
1205,2,4,2,1
1201,21,4,3,0
2768,2,4,4,1
2764,2,4,1,1
2763,21,4,1,0
2775,2,4,1,1
782,2,4,2,1
2703,72,4,1,1
2709,21,4,4,0
764,21,4,3,0
751,60,4,1,0
758,21,4,3,0
1197,12,4,3,0
4493,2,4,2,1
1191,21,4,4,0
1194,21,4,2,0
1190,2,4,1,1
1189,21,4,1,0
4445,2,4,4,1
2662,21,4,1,0
5501,21,4,2,0
4472,21,4,3,0
5517,21,4,2,0
4487,21,4,2,0
1108,2,4,1,1
4401,21,4,1,0
1101,2,4,1,1
5540,2,4,4,1
1125,21,4,2,0
1130,12,4,3,0
1112,21,4,1,0
1121,2,4,2,1
1152,21,4,1,0
1150,21,4,3,0
1159,2,4,4,1
601,2,4,3,1
620,2,4,4,1
2640,21,4,1,0
2657,2,4,4,1
2652,2,4,2,1
2661,12,4,2,1
2633,2,4,1,1
2638,2,4,1,1
649,21,4,3,0
2619,21,4,1,0
639,2,4,1,1
2615,21,4,3,0
1092,2,4,4,1
1096,21,4,4,0
4396,21,4,3,0
4384,2,4,4,1
2582,21,4,1,0
4352,21,4,2,0
2581,21,4,4,0
2575,12,4,3,1
4356,21,4,4,0
4329,21,4,2,0
2551,2,4,4,1
4334,21,4,1,0
1003,21,4,4,0
1004,12,4,3,1
5424,2,4,2,1
5478,21,4,4,0
5484,21,4,2,0
5486,2,4,4,1
5495,2,4,1,1
5458,2,4,4,1
5457,60,4,1,0
1013,2,4,1,1
1015,21,4,2,0
5477,2,4,4,1
5373,21,4,2,0
5369,12,4,3,0
5353,21,4,4,0
5337,21,4,4,0
5306,2,4,4,1
5389,21,4,1,0
5380,2,4,4,1
5230,21,4,2,0
5224,2,4,2,1
5255,2,4,2,1
5254,2,4,3,1
5203,21,4,1,0
5275,21,4,1,0
5280,21,4,1,0
5292,2,4,1,1
5119,2,4,1,1
4044,21,4,4,0
4017,2,4,4,1
4098,21,4,4,0
4079,2,4,1,1
4081,2,4,1,1
4053,2,4,4,1
5191,2,4,2,1
5003,2,4,2,1
5035,2,4,1,1
5053,21,4,1,0
5055,21,4,1,0
5069,21,4,1,0
5060,2,4,4,1
5070,2,4,2,1
5098,21,4,1,0
5092,21,4,2,0
5095,21,4,1,0
1984,21,4,4,0
1929,2,4,1,1
1942,2,4,4,1
1953,2,4,3,1
1960,21,4,2,0
3,1,9,2,0
30,20,9,4,1
46,20,9,3,1
3287,1,9,1,0
2127,1,9,1,0
3258,20,9,2,1
2156,1,9,1,0
2188,12,9,3,1
2202,1,9,1,0
2216,12,9,1,1
3371,20,9,1,1
3374,20,9,2,1
2268,1,9,2,0
2285,12,9,1,0
3478,1,9,1,0
3465,1,9,3,0
3466,20,9,1,1
2099,20,9,5,1
3512,20,9,4,1
2089,20,9,2,1
3595,20,9,4,1
3562,20,9,2,1
3571,1,9,1,0
3624,1,9,1,0
3680,20,9,1,1
3676,20,9,1,1
3727,1,9,2,0
3712,20,9,4,1
3731,1,9,1,0
155,20,9,1,1
176,1,9,1,0
116,20,9,1,1
133,1,9,3,0
139,1,9,1,0
192,1,9,1,0
3864,12,9,4,1
3871,20,9,5,1
3860,1,9,1,0
3846,1,9,2,0
3820,20,9,2,1
3813,20,9,2,1
3806,20,9,3,1
3019,1,9,3,0
3922,20,9,3,1
3911,20,9,1,1
3948,20,9,5,1
3109,20,9,2,1
3114,20,9,1,1
2957,20,9,1,1
2959,1,9,11,0
1810,20,9,4,1
1814,20,9,5,1
2961,20,9,3,1
584,12,9,2,1
1852,20,9,2,1
4704,20,9,1,1
1883,1,9,2,0
4711,1,9,1,0
4609,12,9,3,0
4631,1,9,2,0
4661,1,9,2,0
4658,1,9,2,0
599,20,9,1,1
1724,20,9,5,1
1719,20,9,2,1
419,1,9,2,0
2833,20,9,2,1
447,20,9,3,1
2870,12,9,1,0
460,20,9,4,1
1792,20,9,1,1
1776,20,9,4,1
1762,1,9,1,0
1751,20,9,4,1
1730,20,9,1,1
1733,20,9,2,1
4548,12,9,2,0
4529,20,9,1,1
475,20,9,1,1
4583,1,9,2,0
320,20,9,1,1
306,1,9,1,0
4948,20,9,2,1
4916,1,9,2,0
4897,1,9,2,0
1581,20,9,4,1
4861,20,9,2,1
4864,20,9,1,1
4871,20,9,2,1
381,20,9,2,1
1525,20,9,4,1
1521,20,9,4,1
1526,1,9,1,0
4826,76,9,1,1
1507,1,9,1,0
4808,20,9,4,1
4739,1,9,3,0
280,20,9,4,1
275,1,9,1,0
291,20,9,4,1
5860,20,9,2,1
250,20,9,4,1
928,1,9,1,0
1439,20,9,1,1
916,1,9,2,0
913,1,9,1,0
967,20,9,2,1
964,1,9,3,0
957,1,9,2,0
952,1,9,2,0
4292,1,9,1,0
2517,12,9,3,1
5736,20,9,1,1
2436,20,9,4,1
2456,20,9,1,1
5757,1,9,2,0
2451,20,9,1,1
4248,1,9,1,0
4274,20,9,1,1
4271,1,9,3,0
5730,12,9,3,0
1380,20,9,1,1
5780,20,9,4,1
1325,20,9,4,1
1305,1,9,3,0
855,20,9,1,1
4186,20,9,1,1
2409,20,9,4,1
4109,20,9,4,1
5636,1,9,2,0
2339,1,9,1,0
4119,20,9,2,1
2312,1,9,1,0
2304,80,9,1,1
2305,20,9,4,1
4147,1,9,2,0
4161,20,9,2,1
2351,20,9,1,1
1251,1,9,2,0
1211,1,9,3,0
900,20,9,2,1
2767,20,9,1,1
2780,20,9,1,1
778,20,9,5,1
759,20,9,2,1
4498,1,9,2,0
1198,1,9,1,0
4492,20,9,5,1
1193,1,9,1,0
2675,1,9,1,0
5509,1,9,1,0
4409,20,9,1,1
4419,1,9,2,0
5554,12,9,3,1
5558,20,9,2,1
5574,20,9,4,1
1139,1,9,1,0
5596,1,9,2,0
1155,1,9,1,0
602,1,9,3,0
616,20,9,4,1
687,20,9,4,1
2629,1,9,1,0
2612,1,9,2,0
632,20,9,2,1
2585,20,9,1,1
2564,20,9,2,1
2568,1,9,2,0
4332,1,9,4,0
4308,20,9,4,1
1010,20,9,1,1
4316,20,9,2,1
5488,1,9,2,0
1053,12,9,2,1
1029,20,9,1,1
1020,20,9,3,1
5334,1,9,2,0
5395,1,9,2,0
5390,20,9,2,1
5202,1,9,1,0
5261,20,9,4,1
5134,20,9,4,1
5101,1,9,1,0
4097,1,9,2,0
4075,20,9,4,1
4080,12,9,1,1
4085,20,9,4,1
5149,20,9,3,1
5020,1,9,2,0
5034,1,9,1,0
5050,20,9,2,1
5064,20,9,4,1
5083,20,9,2,1
1994,20,9,1,1
1937,20,9,2,1
1954,1,9,9,0
1963,20,9,2,1
4,7,8,1,1
40,7,8,2,1
83,29,8,4,0
81,29,8,3,0
74,7,8,3,1
57,29,8,4,0
64,7,8,2,1
49,7,8,4,1
3283,29,8,2,0
3286,29,8,2,0
3297,39,8,1,1
2111,39,8,3,1
2109,29,8,1,0
2121,29,8,4,0
3248,7,8,4,1
2116,12,8,4,0
2146,7,8,1,1
2155,29,8,4,0
3213,29,8,4,0
2205,39,8,2,1
2200,29,8,2,0
3384,39,8,2,1
3382,39,8,2,1
2241,29,8,1,0
2236,39,8,4,1
3341,29,8,4,0
2290,29,8,4,0
3349,29,8,2,0
2275,12,8,1,1
3400,7,8,4,1
3404,39,8,3,1
3418,29,8,1,0
3411,29,8,4,0
3435,7,8,2,1
3457,29,8,1,0
3471,12,8,2,0
3505,29,8,3,0
3540,39,8,4,1
3519,7,8,2,1
2085,29,8,4,0
3525,7,8,1,1
3591,39,8,1,1
2061,29,8,4,0
3588,29,8,1,0
3557,29,8,1,0
2045,39,8,2,1
2035,7,8,2,1
3626,39,8,4,1
3602,60,8,2,0
3683,39,8,2,1
3679,7,8,4,1
3667,7,8,4,1
3716,7,8,1,1
3742,29,8,1,0
3709,39,8,4,1
177,29,8,1,0
187,7,8,2,1
194,39,8,4,1
191,7,8,2,1
3790,29,8,2,0
3787,7,8,4,1
3756,29,8,1,0
3762,29,8,2,0
3768,7,8,3,1
3862,29,8,4,0
3856,12,8,2,1
3807,66,8,9,1
4967,29,8,3,0
3004,39,8,1,1
3877,7,8,2,1
3001,7,8,3,1
3015,39,8,2,1
3023,7,8,3,1
3076,39,8,1,1
3945,29,8,1,0
3939,39,8,1,1
3969,7,8,1,1
3955,7,8,1,1
3983,7,8,3,1
3981,7,8,3,1
3978,29,8,2,0
3151,29,8,1,0
3998,29,8,1,0
3161,71,8,1,1
2953,29,8,2,0
1820,29,8,1,0
537,29,8,2,0
548,39,8,1,1
549,29,8,4,0
1840,29,8,1,0
518,29,8,4,0
2962,29,8,4,0
2998,7,8,3,1
576,7,8,2,1
2999,7,8,3,1
577,29,8,4,0
1898,29,8,1,0
1899,29,8,1,0
2918,39,8,2,1
2917,29,8,2,0
1862,29,8,2,0
2904,12,8,3,1
2906,7,8,2,1
2909,29,8,1,0
2933,39,8,1,1
1870,29,8,1,0
4613,29,8,4,0
4620,7,8,4,1
4682,29,8,2,0
4679,39,8,4,1
4669,7,8,1,1
4688,7,8,1,1
1727,29,8,1,0
2859,29,8,2,0
1722,12,8,3,1
405,39,8,1,1
2846,29,8,1,0
401,29,8,1,0
410,29,8,2,0
2895,29,8,4,0
437,29,8,4,0
2885,7,8,4,1
443,7,8,2,1
464,39,8,2,1
2864,29,8,4,0
468,7,8,1,1
1774,29,8,2,0
1777,29,8,1,0
2818,29,8,2,0
1768,39,8,1,1
2814,39,8,1,1
2800,29,8,2,0
4520,29,8,3,0
4507,7,8,1,1
4502,7,8,4,1
4504,39,8,3,1
1697,7,8,2,1
4533,12,8,3,0
4525,7,8,1,1
4528,12,8,4,1
480,39,8,2,1
4596,29,8,3,0
470,29,8,4,0
2789,29,8,1,0
496,39,8,1,1
4571,29,8,4,0
323,7,8,1,1
302,29,8,1,0
301,29,8,1,0
303,7,8,2,1
1604,7,8,4,1
4925,29,8,4,0
1628,7,8,3,1
1617,29,8,3,0
1619,12,8,3,1
4942,29,8,3,0
4954,39,8,3,1
4956,29,8,2,0
1630,7,8,1,1
1670,7,8,1,1
1686,7,8,3,1
4917,29,8,4,0
1577,7,8,2,1
4892,29,8,3,0
1591,7,8,1,1
4851,12,8,3,0
4843,7,8,1,1
4877,39,8,2,1
4880,29,8,1,0
4870,39,8,1,1
361,29,8,1,0
360,29,8,4,0
229,7,8,4,1
4827,39,8,2,1
4837,29,8,3,0
1500,29,8,2,0
4800,7,8,2,1
4810,39,8,1,1
4813,29,8,3,0
4819,29,8,2,0
1560,29,8,4,0
1557,7,8,1,1
1558,7,8,1,1
4796,29,8,4,0
1481,29,8,1,0
4752,29,8,11,0
4751,39,8,3,1
4730,39,8,1,1
1499,7,8,2,1
4728,39,8,4,1
4726,7,8,2,1
5850,39,8,1,1
282,12,8,4,0
5846,39,8,4,1
5837,29,8,1,0
5829,29,8,4,0
290,39,8,4,1
244,29,8,4,0
260,29,8,4,0
1423,39,8,4,1
1433,7,8,1,1
1442,12,8,3,1
907,39,8,1,1
979,29,8,4,0
975,29,8,4,0
962,29,8,2,0
959,29,8,4,0
1405,12,8,1,0
1407,29,8,2,0
5805,12,8,1,1
2509,7,8,1,1
2500,29,8,1,0
2502,29,8,1,0
4205,7,8,4,1
2428,39,8,4,1
2453,29,8,2,0
5760,39,8,1,1
5767,7,8,4,1
5764,12,8,3,1
4243,29,8,1,0
4245,29,8,2,0
2477,7,8,1,1
4250,29,8,3,0
5706,39,8,1,1
4257,29,8,4,0
4262,29,8,1,0
2487,39,8,2,1
4280,39,8,3,1
1350,7,8,4,1
5775,29,8,1,0
1337,7,8,4,1
5789,7,8,2,1
1374,39,8,1,1
1363,29,8,1,0
1353,12,8,2,1
1354,7,8,1,1
800,29,8,1,0
1329,29,8,3,0
1321,7,8,3,1
1307,29,8,4,0
812,29,8,3,0
818,29,8,4,0
837,39,8,1,1
836,29,8,4,0
4194,7,8,4,1
4184,29,8,2,0
890,7,8,2,1
4178,29,8,1,0
891,39,8,2,1
2403,39,8,2,1
2407,29,8,4,0
2410,29,8,1,0
2335,29,8,4,0
4107,29,8,3,0
4112,39,8,1,1
4111,29,8,2,0
2340,7,8,4,1
5648,29,8,2,0
5647,39,8,4,1
2328,29,8,1,0
4123,7,8,2,1
2318,29,8,2,0
5612,39,8,4,1
5629,29,8,1,0
4148,7,8,3,1
4151,39,8,2,1
5602,7,8,4,1
2370,29,8,4,0
4165,29,8,4,0
4166,12,8,1,0
4125,29,8,2,0
4134,29,8,1,0
4146,29,8,1,0
2353,39,8,1,1
1284,12,8,1,1
1276,39,8,4,1
1260,29,8,1,0
5694,7,8,1,1
5697,29,8,1,0
1237,39,8,2,1
5663,29,8,1,0
5659,12,8,3,0
5656,39,8,1,1
5655,29,8,2,0
734,7,8,1,1
736,7,8,2,1
724,7,8,2,1
715,29,8,1,0
700,39,8,1,1
2759,60,8,1,0
2773,29,8,2,0
787,12,8,3,0
2705,29,8,4,0
2712,12,8,3,0
779,7,8,3,1
2727,29,8,3,0
1188,7,8,2,1
1186,39,8,2,1
1180,7,8,1,1
4451,7,8,1,1
4447,29,8,3,0
4464,7,8,1,1
5506,7,8,1,1
2665,7,8,1,1
4475,12,8,1,1
5524,29,8,1,0
5523,29,8,2,0
5537,7,8,1,1
4407,29,8,2,0
4406,29,8,3,0
4410,12,8,3,1
5549,39,8,1,1
1128,12,8,1,1
1131,12,8,1,1
4436,77,8,1,0
4433,29,8,1,0
5571,39,8,4,1
1151,39,8,2,1
1136,29,8,2,0
5594,29,8,1,0
5599,12,8,4,1
1166,29,8,4,0
1162,29,8,2,0
607,29,8,1,0
626,29,8,1,0
610,7,8,2,1
689,29,8,1,0
680,29,8,2,0
674,29,8,4,0
2653,29,8,1,0
2625,7,8,1,1
695,29,8,2,0
2636,39,8,4,1
2601,12,8,4,0
2613,29,8,1,0
664,39,8,4,1
665,7,8,4,1
666,29,8,4,0
653,29,8,1,0
4398,7,8,1,1
1084,7,8,1,1
4373,29,8,3,0
4371,7,8,4,1
1072,7,8,3,1
2593,7,8,2,1
2586,29,8,2,0
4345,7,8,4,1
4346,7,8,4,1
2571,7,8,4,1
4363,29,8,1,0
5405,12,8,3,1
4326,29,8,4,0
2555,7,8,3,1
4344,7,8,4,1
4301,7,8,2,1
4310,39,8,4,1
5446,39,8,4,1
4318,29,8,3,0
5455,29,8,4,0
5428,29,8,2,0
5433,29,8,1,0
1047,39,8,1,1
5482,7,8,2,1
5493,39,8,3,1
5497,7,8,4,1
1044,7,8,1,1
5459,29,8,1,0
1017,29,8,1,0
1018,39,8,1,1
5474,39,8,2,1
5378,29,8,4,0
5349,29,8,4,0
5336,29,8,3,0
5321,7,8,3,1
5317,29,8,2,0
5382,29,8,2,0
5383,29,8,3,0
5388,29,8,4,0
5393,29,8,2,0
5227,39,8,2,1
5253,29,8,3,0
5247,7,8,4,1
5245,29,8,2,0
5212,39,8,4,1
5267,29,8,2,0
5271,29,8,4,0
5288,7,8,4,1
5295,7,8,2,1
5128,29,8,1,0
5115,39,8,4,1
5110,29,8,4,0
4014,39,8,1,1
4004,29,8,4,0
4002,39,8,1,1
4096,29,8,1,0
4095,12,8,2,1
4090,29,8,2,0
4070,29,8,3,0
4087,39,8,1,1
4060,39,8,4,1
4062,29,8,4,0
4063,29,8,2,0
5163,29,8,1,0
5137,29,8,1,0
5151,39,8,4,1
5152,29,8,4,0
5153,29,8,4,0
5188,39,8,4,1
5199,29,8,1,0
5008,29,8,2,0
5002,29,8,1,0
5047,29,8,3,0
5043,29,8,1,0
5042,12,8,4,1
5071,7,8,3,1
5086,7,8,4,1
5090,7,8,4,1
1970,29,8,1,0
1971,29,8,2,0
1981,29,8,9,0
1986,7,8,1,1
1918,29,8,2,0
1934,39,8,2,1
1931,29,8,4,0
1969,39,8,4,1
